raw_data/indice_UV/uvapr.txt
ncols         31
nrows         29
xllcorner     110.25
yllcorner     -51.42
cellsize      1.5
NODATA_value  -9999
12.1316 12.1064 12.0466 12.024 11.9752 11.9985 12.0337 12.0438 12.0493 12.0266 12.1017 12.1535 12.1289 12.1285 12.1268 12.1263 12.1168 12.1481 12.1759 12.2297 12.235 12.296 12.3751 12.4458 12.4692 12.3778 12.2754 12.2648 12.1851 12.1941 12.2316 
11.8535 11.8212 11.7535 11.7292 11.7481 11.7384 11.7669 11.7566 11.7019 11.7116 11.825 11.8802 11.8427 11.8471 11.8221 11.8401 11.7556 11.7662 11.7896 11.8253 11.858 11.9083 11.9459 11.982 11.993 11.9895 11.9352 11.9324 11.9128 11.9667 11.9804 
11.5023 11.5 11.4927 11.4805 11.4592 11.4744 11.4556 11.432 11.4595 11.5042 11.4847 11.5006 11.4906 11.568 11.5821 11.5511 11.5357 11.5061 11.4911 11.4604 11.5049 11.5221 11.6243 11.6663 11.6411 11.6318 11.6116 11.5837 11.6168 11.6521 11.6701 
11.178 11.2001 11.1658 11.1631 11.1625 11.1672 11.1781 11.1657 11.1572 11.1488 11.1627 11.1722 11.1841 11.1925 11.2175 11.2202 11.2039 11.2235 11.229 11.2096 11.1738 11.1241 11.2669 11.3256 11.3179 11.3017 11.2772 11.2755 11.2975 11.3379 11.4038 
10.8651 10.8511 10.8441 10.8508 10.835 10.8002 10.7988 10.8025 10.8105 10.8651 10.8942 10.9278 10.8788 10.8665 10.8811 10.8627 10.8967 10.9424 10.9124 10.9086 10.8835 10.8015 10.9206 10.9742 10.9765 10.9689 10.9788 11.0096 11.0003 11.0005 10.9926 
10.5555 10.5642 10.5327 10.5401 10.5118 10.4741 10.4724 10.4763 10.5207 10.5641 10.6138 10.6588 10.5983 10.6087 10.5756 10.5631 10.5754 10.5925 10.5632 10.5703 10.5398 10.5195 10.5554 10.5999 10.6596 10.6286 10.6172 10.6543 10.6451 10.6845 10.6791 
10.2114 10.2162 10.1884 10.1721 10.1475 10.1786 10.1502 10.1632 10.1975 10.253 10.3183 10.3287 10.3097 10.2883 10.2686 10.2649 10.2771 10.2361 10.2218 10.2516 10.2297 10.2118 10.2608 10.1908 10.2553 10.3 10.2832 10.3016 10.2985 10.2943 10.3096 
9.78416 9.78828 9.79779 9.78319 9.76222 9.77063 9.78616 9.79993 9.82413 9.86505 9.90964 9.97948 9.94696 9.93101 9.91858 9.90366 9.93275 9.90281 9.86607 9.84052 9.84208 9.84679 9.88077 9.79112 9.82843 9.85868 9.87136 9.87585 9.8751 9.85196 9.87867 
9.38979 9.38253 9.39459 9.3727 9.40229 9.42111 9.45582 9.47501 9.5055 9.52113 9.52385 9.53012 9.54351 9.54229 9.55545 9.53456 9.50906 9.47879 9.44551 9.41035 9.40346 9.43142 9.45877 9.40059 9.38231 9.37555 9.37745 9.4181 9.43176 9.41308 9.42592 
8.95733 8.96791 8.96179 8.98019 9.04158 9.07389 9.11424 9.12381 9.11446 9.12264 9.13 9.13067 9.13226 9.13486 9.14332 9.13905 9.09756 9.02683 8.98546 8.97925 8.97408 8.98554 9.01029 9.00213 8.97396 8.91352 8.9292 8.91354 8.95842 8.97239 8.98189 
8.50285 8.50717 8.50376 8.58776 8.64913 8.68497 8.70644 8.72214 8.69874 8.68641 8.67082 8.68652 8.68628 8.67346 8.67664 8.66023 8.60926 8.54282 8.51709 8.54758 8.54717 8.52837 8.53035 8.54237 8.51745 8.49227 8.46839 8.47355 8.492 8.49343 8.50584 
8.04299 8.02639 8.04941 8.14336 8.2066 8.23394 8.2762 8.27719 8.23921 8.22402 8.2345 8.23725 8.22404 8.23432 8.21211 8.18002 8.1256 8.07055 8.05316 8.11142 8.07948 8.07171 8.05595 8.05929 8.07447 8.0548 8.03185 8.00066 8.0183 8.0236 8.01958 
7.5767 7.58042 7.60843 7.69414 7.74839 7.78788 7.80727 7.82831 7.81691 7.78438 7.77778 7.77115 7.76699 7.74752 7.73127 7.70822 7.67198 7.66046 7.71105 7.71607 7.67215 7.63429 7.61776 7.61934 7.6431 7.64756 7.62555 7.5703 7.54724 7.5917 7.57846 
7.13973 7.12755 7.15375 7.24277 7.2805 7.32595 7.3487 7.35342 7.3412 7.31777 7.31598 7.30791 7.3011 7.28099 7.24908 7.22725 7.27279 7.27736 7.32644 7.32374 7.264 7.23616 7.1936 7.19886 7.20021 7.21286 7.21502 7.20282 7.13261 7.15186 7.15693 
6.68093 6.68641 6.72053 6.81401 6.82694 6.85922 6.87447 6.86772 6.86154 6.83382 6.81924 6.8137 6.80506 6.79546 6.78237 6.79006 6.83009 6.86339 6.87901 6.89445 6.8418 6.81247 6.76326 6.76133 6.78606 6.8099 6.79484 6.77534 6.70227 6.75503 6.73056 
6.25333 6.25753 6.28529 6.35598 6.42537 6.42385 6.40514 6.41125 6.39057 6.37512 6.37511 6.36537 6.35291 6.34212 6.34354 6.34961 6.37661 6.40045 6.41166 6.41507 6.4037 6.38919 6.34825 6.33351 6.3522 6.39669 6.38156 6.35569 6.30179 6.33347 6.30588 
5.83094 5.85588 5.86847 5.89115 5.97131 5.98917 5.971 5.96597 5.9353 5.92454 5.90467 5.89128 5.87539 5.86942 5.89134 5.91953 5.9744 5.9914 5.99754 6.00547 5.96623 5.95517 5.93758 5.93216 5.96831 5.99374 5.96398 5.91774 5.93833 5.94354 5.90651 
5.42175 5.44406 5.44171 5.45928 5.51228 5.53897 5.5284 5.53093 5.51397 5.52104 5.50529 5.50169 5.49807 5.4971 5.48618 5.50471 5.53963 5.55882 5.56637 5.56418 5.55586 5.5576 5.55571 5.57034 5.60582 5.6269 5.57748 5.54177 5.56516 5.54313 5.52209 
5.03572 5.05041 5.06145 5.07032 5.0897 5.1015 5.11678 5.1296 5.1348 5.14084 5.13646 5.13367 5.13324 5.13324 5.12371 5.12956 5.13627 5.14767 5.15554 5.1645 5.1902 5.19356 5.20329 5.20864 5.25219 5.28407 5.22198 5.19769 5.19128 5.16761 5.15179 
4.667 4.67561 4.68902 4.70544 4.70513 4.72785 4.73549 4.74368 4.75178 4.75533 4.754 4.75159 4.75284 4.75935 4.7664 4.75567 4.78127 4.7698 4.77228 4.77487 4.80471 4.80914 4.81963 4.8394 4.86488 4.86595 4.85694 4.83753 4.81776 4.80087 4.78718 
4.31003 4.31666 4.33323 4.32957 4.33737 4.34801 4.35177 4.36312 4.37407 4.36562 4.37321 4.37991 4.38394 4.39096 4.39451 4.40124 4.40808 4.4135 4.41532 4.40179 4.40207 4.42081 4.43875 4.45366 4.48314 4.49266 4.4792 4.46506 4.44919 4.42989 4.42248 
3.97531 3.96505 3.96518 3.9698 3.97379 3.96663 3.9861 3.99738 4.00523 4.01447 4.02954 4.02066 4.02599 4.026 4.03052 4.03929 4.0437 4.05064 4.05566 4.06076 4.07664 4.0753 4.09832 4.10225 4.11225 4.12684 4.10675 4.10282 4.09024 4.08295 4.08198 
3.64695 3.63994 3.64527 3.6433 3.64154 3.64169 3.64561 3.66834 3.6728 3.68026 3.68592 3.68918 3.69744 3.69363 3.69377 3.70561 3.71232 3.71469 3.71511 3.72716 3.72471 3.74416 3.73395 3.74839 3.76606 3.77291 3.76093 3.74289 3.74273 3.745 3.74483 
3.31349 3.3258 3.32677 3.31618 3.31841 3.33074 3.33193 3.33871 3.34741 3.34539 3.35649 3.36407 3.36814 3.36342 3.36315 3.37822 3.38554 3.39257 3.40016 3.40494 3.40122 3.4093 3.40014 3.39086 3.41328 3.42025 3.41477 3.4212 3.41886 3.40778 3.40978 
3.02431 3.00695 3.01473 3.02231 3.01983 3.01137 3.01814 3.02281 3.03198 3.0367 3.03932 3.04013 3.04945 3.05304 3.05841 3.05904 3.05823 3.07048 3.08384 3.08927 3.09059 3.09732 3.08891 3.0895 3.0877 3.09807 3.09881 3.09321 3.08779 3.09436 3.09107 
2.71804 2.71911 2.71115 2.72266 2.71974 2.71811 2.71058 2.7209 2.72781 2.73282 2.74533 2.74115 2.75751 2.75545 2.7586 2.76476 2.76619 2.76808 2.77297 2.77656 2.78309 2.77934 2.78452 2.78884 2.78981 2.79377 2.78053 2.78292 2.7943 2.78854 2.78524 
2.42878 2.42878 2.4372 2.43032 2.4325 2.43686 2.44003 2.44171 2.4424 2.44689 2.46062 2.45414 2.46459 2.48199 2.48516 2.48469 2.483 2.48456 2.48623 2.48185 2.49231 2.50008 2.50579 2.50551 2.50218 2.50749 2.50129 2.513 2.51816 2.51429 2.51227 
2.16026 2.16369 2.17011 2.16875 2.16554 2.16352 2.1665 2.17033 2.18325 2.19129 2.19635 2.19349 2.19935 2.20317 2.20559 2.21779 2.21796 2.21861 2.21825 2.2191 2.22284 2.22722 2.2338 2.24325 2.2378 2.23253 2.24218 2.2439 2.24686 2.24504 2.24399 
1.91592 1.9163 1.91962 1.92772 1.92889 1.93287 1.9352 1.93405 1.9411 1.94385 1.94831 1.95576 1.95997 1.95847 1.95666 1.96296 1.96171 1.96473 1.96922 1.96784 1.9698 1.97795 1.98409 1.9941 1.9909 1.98677 1.98303 1.99229 2.00424 1.99587 1.99612 
