raw_data/indice_UV/uvaug.txt
ncols         31
nrows         29
xllcorner     110.25
yllcorner     -51.42
cellsize      1.5
NODATA_value  -9999
11.3825 11.3746 11.3021 11.2855 11.2708 11.5854 11.2725 11.2979 11.2576 11.2772 11.2763 11.3019 11.3854 11.6088 11.2484 11.2965 11.3301 11.4099 11.4341 11.4132 11.5658 12.3412 11.682 11.6979 11.6811 11.6141 11.5124 11.488 11.413 12.276 12.2715 
11.0009 10.995 10.9152 10.9115 10.9759 11.7666 10.8439 10.9247 10.8617 10.8936 10.8948 10.978 10.8517 11.807 10.9081 10.9463 10.9623 10.9878 11.0349 11.0748 11.0992 11.9798 11.4476 11.1737 11.1351 11.1113 11.0999 11.1262 11.0795 11.3317 11.8505 
10.5568 10.5267 10.4991 10.5015 10.5766 11.3726 10.448 10.5236 10.4942 10.5153 10.5122 10.5617 10.5026 11.4804 10.597 10.6459 10.6512 10.621 10.585 10.5738 10.6072 11.4293 10.9656 10.7385 10.7375 10.7 10.6771 10.6769 10.7075 10.7479 11.4617 
10.0911 10.1246 10.1101 10.0791 10.1111 10.2733 10.0821 10.1098 10.1357 10.1233 10.119 10.0994 10.1355 10.3655 10.1878 10.2215 10.1919 10.2341 10.1966 10.1782 10.15 11.077 10.5233 10.2332 10.2441 10.2799 10.2456 10.2077 10.2954 10.3407 11.0143 
9.71137 9.70036 9.70817 9.69207 9.69546 9.69996 9.69637 9.70037 9.72816 9.76874 9.82878 9.8151 9.79406 9.77522 10.087 9.75964 9.81857 9.81733 9.75633 9.74029 9.76202 9.85591 10.0804 9.798 9.75618 9.77995 9.79074 9.7999 9.8125 9.84735 10.5943 
9.3441 9.33638 9.33328 9.31168 9.32342 9.35215 9.3147 9.33133 9.36486 9.42034 9.46234 9.47915 9.44985 9.44262 9.58173 9.37585 9.37785 9.41386 9.35301 9.34472 9.39666 9.31784 9.93258 9.44568 9.40962 9.37506 9.39755 9.39629 9.40077 9.38707 9.75466 
8.95535 8.94842 8.96363 8.94503 8.93857 8.94514 8.92822 8.96948 9.021 9.06722 9.13201 9.12311 9.11891 9.09197 9.07748 9.0549 9.06873 9.00768 8.99815 9.0109 9.00679 8.9576 9.8152 9.02786 8.97308 8.97672 8.97879 8.96585 8.95536 8.96356 9.22668 
8.44448 8.44721 8.46401 8.45681 8.46101 8.49392 8.51557 8.55168 8.55698 8.58711 8.64381 8.666 8.63854 8.624 8.65098 8.65744 8.65213 8.60109 8.56224 8.52479 8.5161 8.53757 8.70226 8.51513 8.50472 8.49002 8.5053 8.47995 8.44684 8.46364 8.55217 
7.9564 7.95518 7.98739 8.01464 8.04292 8.06245 8.10573 8.11999 8.11823 8.15604 8.17377 8.16381 8.16944 8.18495 8.18796 8.1654 8.1373 8.13615 8.11164 8.06437 8.04568 8.0365 8.05676 8.02966 8.00202 7.98942 7.9334 7.96018 7.96364 7.96203 7.97267 
7.4905 7.48682 7.51938 7.56095 7.62599 7.67775 7.63889 7.67535 7.69422 7.68867 7.68853 7.71025 7.69511 7.70167 7.71655 7.70124 7.65806 7.63132 7.59717 7.58312 7.5676 7.54977 7.56878 7.5573 7.52295 7.48923 7.49788 7.46685 7.4671 7.45261 7.45691 
7.00776 7.01743 7.0535 7.11258 7.15971 7.19622 7.22187 7.21798 7.21281 7.21866 7.21345 7.22604 7.19919 7.18773 7.21248 7.19509 7.13906 7.08612 7.0689 7.07882 7.0563 7.02174 7.01134 7.02131 7.02548 6.99903 6.98366 6.96709 6.95007 6.94329 6.93604 
6.51696 6.53816 6.56654 6.64013 6.66733 6.69775 6.73201 6.73197 6.72678 6.71052 6.70516 6.70679 6.71625 6.72066 6.6914 6.62879 6.57403 6.54965 6.5607 6.57912 6.55095 6.51784 6.49954 6.52545 6.52624 6.51693 6.48668 6.46873 6.45901 6.43496 6.41734 
6.04618 6.06123 6.08782 6.1422 6.16786 6.19491 6.22024 6.24127 6.23467 6.20617 6.20584 6.20554 6.19501 6.18922 6.17322 6.16041 6.11201 6.09751 6.12425 6.12162 6.07472 6.0283 6.02184 6.00899 6.02045 6.01146 6.01564 5.99024 5.94903 5.94068 5.92245 
5.57424 5.5859 5.59899 5.64463 5.65499 5.68304 5.69648 5.7041 5.70166 5.69178 5.68083 5.702 5.69263 5.6672 5.64383 5.64539 5.65348 5.64601 5.67326 5.65317 5.58829 5.54295 5.52872 5.52484 5.52943 5.53496 5.52932 5.50895 5.47578 5.45351 5.4338 
5.11367 5.11338 5.11712 5.15202 5.16792 5.18879 5.1905 5.20049 5.18917 5.1728 5.16824 5.16846 5.16085 5.15012 5.12885 5.12855 5.152 5.16997 5.16862 5.15569 5.12025 5.10344 5.05608 5.05456 5.05599 5.05177 5.04788 5.05086 4.99622 4.97806 4.95915 
4.66648 4.67695 4.66787 4.68453 4.71372 4.70793 4.70022 4.71531 4.69149 4.68438 4.69002 4.6662 4.65884 4.65363 4.64328 4.64492 4.64818 4.67184 4.68587 4.67323 4.64344 4.62504 4.60771 4.59789 4.59829 4.5939 4.60067 4.58566 4.54492 4.52411 4.50601 
4.23332 4.24279 4.24306 4.24049 4.26566 4.27479 4.2601 4.24953 4.24158 4.23549 4.21304 4.21557 4.20946 4.19492 4.19276 4.18819 4.21228 4.2132 4.21035 4.21858 4.19579 4.18988 4.16982 4.16173 4.17101 4.17591 4.17254 4.14414 4.12827 4.11827 4.0939 
3.82512 3.82966 3.82463 3.82067 3.83844 3.84911 3.83494 3.82529 3.82009 3.80795 3.80975 3.80312 3.79718 3.79057 3.79217 3.793 3.78636 3.79529 3.78876 3.78085 3.78711 3.78545 3.77627 3.78017 3.78533 3.79384 3.78009 3.76285 3.7415 3.72715 3.70451 
3.45362 3.4587 3.46681 3.45668 3.45982 3.47404 3.46841 3.45618 3.45511 3.44056 3.43726 3.43876 3.43502 3.43766 3.43423 3.43696 3.42675 3.43171 3.41905 3.42272 3.42324 3.42302 3.4183 3.42421 3.43465 3.45311 3.44372 3.4151 3.39683 3.37452 3.35934 
3.14602 3.13791 3.13134 3.13497 3.13508 3.13818 3.13537 3.1292 3.12399 3.12105 3.10479 3.11143 3.10829 3.10319 3.11212 3.11316 3.11375 3.10408 3.1081 3.09363 3.09464 3.08586 3.09755 3.10765 3.13692 3.12774 3.12071 3.08765 3.07826 3.06276 3.04994 
2.83753 2.83847 2.82795 2.8264 2.82476 2.83471 2.82715 2.82127 2.82305 2.81752 2.81376 2.81663 2.81651 2.81157 2.81376 2.81258 2.81125 2.81113 2.80744 2.79698 2.79331 2.78545 2.80035 2.8079 2.8199 2.81415 2.81812 2.80186 2.79002 2.77575 2.76499 
2.55361 2.55338 2.56017 2.55045 2.54269 2.53999 2.55112 2.55225 2.5487 2.54225 2.54943 2.55106 2.54861 2.53722 2.53861 2.54596 2.54638 2.54256 2.54238 2.53718 2.54104 2.544 2.53944 2.54745 2.54825 2.54456 2.54531 2.53416 2.52743 2.51957 2.51515 
2.30519 2.3064 2.31016 2.30201 2.29178 2.2974 2.30154 2.30705 2.30552 2.29715 2.29522 2.30074 2.30102 2.29903 2.29967 2.29845 2.29844 2.29768 2.29371 2.29238 2.29522 2.2983 2.30061 2.29093 2.29831 2.30425 2.29362 2.29041 2.28629 2.28205 2.27839 
2.07173 2.07276 2.07903 2.07361 2.07522 2.07515 2.07033 2.0867 2.0803 2.07558 2.06898 2.08194 2.07505 2.07584 2.06898 2.07314 2.0734 2.07341 2.07204 2.07215 2.07784 2.07957 2.07186 2.06071 2.06873 2.0739 2.0675 2.06911 2.06474 2.0619 2.06665 
1.85837 1.86259 1.86441 1.86384 1.86376 1.85815 1.86598 1.86463 1.86878 1.86804 1.86555 1.86651 1.86842 1.86904 1.86697 1.86786 1.86902 1.86771 1.8677 1.86855 1.87037 1.87694 1.8765 1.87188 1.86859 1.87388 1.8732 1.8663 1.86085 1.86116 1.86428 
1.66406 1.66371 1.66415 1.66981 1.66571 1.66748 1.67033 1.67612 1.66733 1.67033 1.67249 1.67316 1.67431 1.676 1.67714 1.67566 1.67764 1.67941 1.68038 1.67864 1.68311 1.68557 1.68461 1.69207 1.69257 1.68399 1.68289 1.68257 1.67954 1.68043 1.67894 
1.4851 1.48405 1.48527 1.49857 1.49137 1.48438 1.48972 1.49207 1.49608 1.49606 1.49597 1.49849 1.49766 1.50219 1.50491 1.5055 1.50413 1.50951 1.5109 1.5064 1.51009 1.51527 1.51449 1.51837 1.51877 1.5198 1.52091 1.51662 1.51396 1.51603 1.51579 
1.31799 1.3166 1.31823 1.32684 1.3309 1.31886 1.32344 1.32998 1.33138 1.33359 1.33522 1.33421 1.34037 1.34048 1.34122 1.34003 1.34679 1.3482 1.34535 1.34841 1.34817 1.35307 1.3498 1.35234 1.35329 1.36142 1.35887 1.35781 1.35405 1.35589 1.35675 
1.165 1.16532 1.16759 1.1712 1.17642 1.17688 1.17806 1.18159 1.18526 1.18465 1.18446 1.19317 1.19254 1.19022 1.1911 1.19265 1.19432 1.19515 1.2008 1.1998 1.20309 1.20155 1.20144 1.20375 1.20889 1.21238 1.20911 1.20315 1.28662 1.29063 1.29316 
