raw_data/indice_UV/uvdec.txt
ncols         31
nrows         29
xllcorner     110.25
yllcorner     -51.42
cellsize      1.5
NODATA_value  -9999
13.1962 13.1473 13.0808 13.0448 13.005 12.9759 12.9906 13.0181 13.0147 12.9878 13.0536 13.104 13.1366 13.1024 13.0524 13.0622 13.0587 13.1629 13.2191 13.246 13.2222 13.2365 13.3763 13.4817 13.5237 13.4768 13.3842 13.3338 13.3097 13.3459 13.3107 
13.3467 13.312 13.2507 13.2401 13.2335 13.1606 13.1632 13.2248 13.1569 13.1181 13.1998 13.2329 13.2553 13.2191 13.2117 13.1809 13.1722 13.151 13.1984 13.2566 13.2856 13.2789 13.4318 13.4522 13.3904 13.3853 13.4238 13.4053 13.4492 13.4534 13.4552 
13.3739 13.3934 13.389 13.403 13.3587 13.38 13.3947 13.3461 13.3319 13.3333 13.3363 13.2899 13.3029 13.3681 13.3773 13.3401 13.3289 13.3083 13.3173 13.2824 13.3358 13.3523 13.4249 13.4515 13.4498 13.4493 13.4143 13.4866 13.5131 13.5066 13.4988 
13.4561 13.4491 13.4724 13.4718 13.4877 13.466 13.5177 13.4961 13.4699 13.4739 13.4475 13.4331 13.4817 13.4174 13.4609 13.4237 13.4103 13.4059 13.4352 13.4197 13.3722 13.3437 13.4581 13.5361 13.5596 13.5556 13.5669 13.5204 13.5505 13.5687 13.5841 
13.5377 13.5427 13.565 13.5749 13.5814 13.5623 13.5992 13.5961 13.5755 13.6023 13.5795 13.5522 13.5437 13.492 13.4967 13.4858 13.5183 13.5472 13.5316 13.5168 13.4647 13.3881 13.4653 13.5367 13.5844 13.5798 13.5829 13.5882 13.607 13.6218 13.6165 
13.6377 13.6934 13.6605 13.6652 13.6695 13.6818 13.6778 13.6453 13.6885 13.7082 13.7365 13.7638 13.7158 13.658 13.6323 13.6068 13.5709 13.6152 13.5589 13.6221 13.5619 13.4983 13.4602 13.5382 13.634 13.6243 13.6126 13.6192 13.6318 13.6389 13.6754 
13.7027 13.7279 13.7506 13.7919 13.7925 13.777 13.7825 13.7623 13.7669 13.8259 13.8972 13.8854 13.8569 13.8237 13.8077 13.8011 13.7585 13.6728 13.644 13.6921 13.6241 13.5731 13.5768 13.5234 13.6233 13.6527 13.6569 13.646 13.6499 13.6595 13.6499 
13.6902 13.7159 13.7519 13.7514 13.7763 13.7896 13.7665 13.8061 13.8216 13.8677 13.9197 13.9346 13.9458 13.9206 13.8897 13.916 13.9414 13.8283 13.6883 13.6687 13.6172 13.6105 13.6536 13.5608 13.6008 13.602 13.6184 13.6252 13.6338 13.6047 13.5962 
13.6182 13.6567 13.673 13.7022 13.7337 13.7651 13.8219 13.8434 13.8884 13.9045 13.9343 13.9515 13.9012 13.9264 13.9346 13.9142 13.9059 13.8411 13.759 13.673 13.6378 13.653 13.6444 13.586 13.5383 13.503 13.4846 13.5146 13.5213 13.5209 13.5146 
13.5687 13.5767 13.5762 13.6059 13.7174 13.837 13.8756 13.9079 13.9132 13.9164 13.9279 13.9302 13.9016 13.8922 13.9196 13.9051 13.8322 13.7837 13.7363 13.6476 13.6213 13.672 13.6249 13.5763 13.4628 13.4253 13.4077 13.3784 13.4034 13.4312 13.419 
13.3845 13.4415 13.4649 13.5548 13.671 13.7498 13.7882 13.8356 13.8468 13.8187 13.8103 13.8276 13.8079 13.7775 13.8057 13.7642 13.6804 13.5976 13.555 13.5891 13.5384 13.5314 13.4979 13.4387 13.3943 13.3186 13.26 13.255 13.2854 13.2518 13.2504 
13.1948 13.2074 13.246 13.3951 13.4929 13.5548 13.6166 13.6385 13.6621 13.6181 13.6027 13.6125 13.624 13.633 13.587 13.5072 13.4228 13.3224 13.3289 13.4109 13.3735 13.284 13.3011 13.2892 13.2566 13.2009 13.1061 13.0132 13.0756 13.1049 13.0956 
12.9771 12.9798 13.0293 13.1513 13.2687 13.3358 13.3858 13.4303 13.4141 13.3941 13.3994 13.3753 13.3782 13.3386 13.3223 13.2727 13.22 13.207 13.2825 13.2849 13.1912 13.0981 13.0982 13.0837 13.0635 13.0494 12.9937 12.895 12.825 12.9038 12.8827 
12.7376 12.7419 12.7722 12.9396 13.0323 13.1139 13.15 13.1604 13.1221 13.1002 13.117 13.115 13.0723 13.0321 13.0153 13.0125 13.0587 13.0482 13.1334 13.1087 12.9868 12.937 12.853 12.8644 12.853 12.8408 12.818 12.7647 12.6351 12.7061 12.7002 
12.466 12.5344 12.5386 12.679 12.7498 12.8096 12.8349 12.8436 12.8441 12.8024 12.7677 12.7281 12.7209 12.6841 12.662 12.6979 12.79 12.8407 12.8585 12.835 12.7495 12.7035 12.6144 12.6124 12.6627 12.6749 12.601 12.5637 12.3952 12.464 12.4486 
12.2052 12.2592 12.3243 12.3622 12.4561 12.5321 12.493 12.4733 12.5155 12.4528 12.4502 12.4207 12.3795 12.3281 12.3527 12.3861 12.3844 12.4631 12.5287 12.5477 12.4916 12.4501 12.3737 12.3365 12.3536 12.3793 12.3775 12.2935 12.1664 12.2499 12.2138 
11.9668 11.9687 12.0261 12.0342 12.1345 12.231 12.2062 12.1649 12.1245 12.0674 12.0293 12.0251 12.0127 12.0113 12.0153 12.0616 12.1498 12.1721 12.2121 12.2026 12.154 12.1302 12.0694 12.0731 12.1063 12.1598 12.0932 11.9586 11.9604 12.0057 11.94 
11.6626 11.6962 11.6869 11.6509 11.7276 11.7846 11.7703 11.7782 11.7886 11.7821 11.7842 11.7746 11.769 11.7742 11.7529 11.756 11.7967 11.7954 11.8198 11.8491 11.84 11.8367 11.8579 11.8422 11.867 11.9205 11.7926 11.732 11.7564 11.7022 11.6458 
11.376 11.3491 11.3998 11.3813 11.3809 11.4279 11.4442 11.4812 11.4852 11.474 11.4638 11.4662 11.5011 11.4775 11.4808 11.4729 11.4679 11.4701 11.4605 11.4875 11.5379 11.5677 11.5647 11.5844 11.6051 11.6436 11.5226 11.4645 11.4544 11.4028 11.3599 
11.1278 11.1121 11.1324 11.1272 11.1132 11.1224 11.1869 11.1523 11.1732 11.1936 11.1625 11.1558 11.1613 11.1624 11.1784 11.1775 11.1824 11.1472 11.1495 11.1383 11.1434 11.1855 11.2272 11.2607 11.297 11.2408 11.2275 11.1946 11.1492 11.1133 11.0824 
10.8045 10.8283 10.8183 10.83 10.8299 10.818 10.8002 10.8336 10.8421 10.8371 10.8264 10.8307 10.8463 10.8659 10.8575 10.8552 10.8576 10.8539 10.8551 10.8369 10.8287 10.833 10.8696 10.897 10.9265 10.9388 10.9311 10.8633 10.835 10.8369 10.8147 
10.5004 10.4988 10.5309 10.4908 10.4866 10.5185 10.4945 10.5013 10.521 10.5195 10.5315 10.5032 10.539 10.5581 10.547 10.5594 10.5232 10.5475 10.5209 10.5357 10.5594 10.5893 10.5652 10.6001 10.6307 10.6032 10.6294 10.5472 10.5293 10.5063 10.5124 
10.2171 10.1949 10.1818 10.1908 10.1958 10.195 10.1854 10.2048 10.2238 10.24 10.2384 10.2381 10.244 10.2528 10.2455 10.2625 10.2666 10.2616 10.2571 10.2768 10.2927 10.3033 10.2443 10.2465 10.292 10.2761 10.2896 10.2727 10.2572 10.2196 10.2299 
9.86587 9.87658 9.86845 9.83309 9.83643 9.83593 9.85082 9.87284 9.91 9.89942 9.89922 9.89691 9.90258 9.89553 9.8896 9.88949 9.89607 9.91164 9.93219 9.94311 9.95445 9.97968 9.94503 9.86166 9.89853 9.92296 9.95297 9.94985 9.94208 9.93693 9.93575 
9.4346 9.42465 9.44754 9.42636 9.40319 9.42581 9.45414 9.48107 9.49909 9.50205 9.49362 9.49412 9.5085 9.52238 9.503 9.5348 9.55138 9.57816 9.57222 9.6049 9.606 9.61135 9.60266 9.57811 9.5483 9.57921 9.59907 9.59615 9.58799 9.58421 9.61312 
8.99217 9.02989 9.02358 9.03859 9.0432 9.06131 9.07927 9.06901 9.09495 9.12654 9.12375 9.10771 9.13173 9.14625 9.16768 9.20941 9.19918 9.21902 9.2085 9.20519 9.2207 9.26851 9.24928 9.24635 9.24175 9.24551 9.24588 9.2777 9.25714 9.25768 9.26606 
8.63236 8.63339 8.63315 8.65114 8.65719 8.65702 8.69607 8.68191 8.69833 8.72558 8.73875 8.75611 8.75016 8.76068 8.78728 8.81358 8.82269 8.83738 8.84681 8.85624 8.84467 8.85763 8.87873 8.89102 8.8864 8.90493 8.89148 8.89396 8.90969 8.91086 8.92653 
8.24141 8.25023 8.23539 8.23802 8.25063 8.26186 8.29427 8.27821 8.29363 8.32935 8.34152 8.33222 8.35426 8.3652 8.38052 8.39581 8.41213 8.41773 8.42983 8.4414 8.46067 8.4739 8.49489 8.51128 8.5147 8.51657 8.50218 8.51893 8.52831 8.53953 8.55339 
7.83868 7.84069 7.85228 7.85858 7.87888 7.90497 7.89887 7.91712 7.93306 7.92939 7.94058 8.00109 8.01398 7.98773 8.00821 8.04054 8.04557 8.04712 8.04832 8.06894 8.09821 8.06935 8.09132 8.1307 8.13357 8.14117 8.14503 8.17233 8.18729 8.17605 8.18162 
