raw_data/indice_UV/uvfeb.txt
ncols         31
nrows         29
xllcorner     110.25
yllcorner     -51.42
cellsize      1.5
NODATA_value  -9999
14.4023 14.4379 14.4091 14.3303 14.2725 14.2694 14.3035 14.3324 14.3271 14.2845 14.348 14.4181 14.4315 14.3953 14.3723 14.4048 14.4151 14.4596 14.4981 14.4658 14.4981 14.602 14.7216 14.7894 14.8 14.7333 14.6077 14.569 14.5362 14.5606 14.565 
14.5304 14.4701 14.3979 14.3766 14.3533 14.362 14.3188 14.3913 14.3299 14.2926 14.3775 14.408 14.4004 14.409 14.3993 14.422 14.4082 14.4241 14.3756 14.4124 14.4898 14.5592 14.6216 14.6771 14.5684 14.5977 14.6301 14.6053 14.6283 14.6413 14.6945 
14.3995 14.4185 14.3939 14.3634 14.3548 14.3194 14.3503 14.3702 14.3198 14.3466 14.3506 14.3423 14.3406 14.3874 14.3961 14.3644 14.3847 14.3734 14.3713 14.3048 14.3707 14.4206 14.4941 14.6035 14.5727 14.5342 14.5117 14.5861 14.6011 14.6243 14.6598 
14.3258 14.3344 14.3248 14.2703 14.2959 14.3097 14.3295 14.3714 14.3134 14.3298 14.3253 14.3323 14.3811 14.2664 14.31 14.3175 14.3179 14.3956 14.4478 14.3746 14.3449 14.2935 14.4605 14.5495 14.5444 14.4932 14.5525 14.5642 14.5592 14.5818 14.6474 
14.2951 14.3088 14.2805 14.2926 14.2611 14.2922 14.3153 14.3506 14.3249 14.3398 14.3295 14.3693 14.385 14.2893 14.2687 14.2653 14.3163 14.3984 14.4075 14.3944 14.3561 14.1744 14.3327 14.4505 14.4677 14.5185 14.5382 14.5344 14.5463 14.5992 14.6209 
14.2193 14.2758 14.3257 14.3042 14.2698 14.2652 14.2716 14.2433 14.2812 14.2847 14.2849 14.3633 14.3352 14.2577 14.2795 14.2891 14.2705 14.3008 14.3298 14.3412 14.3183 14.2012 14.1831 14.302 14.438 14.4497 14.4507 14.5178 14.548 14.5657 14.5745 
14.2012 14.2519 14.2188 14.2146 14.2027 14.2169 14.1773 14.177 14.1671 14.227 14.3205 14.3713 14.3184 14.303 14.2858 14.2929 14.2895 14.194 14.2145 14.2542 14.1957 14.1089 14.174 14.1673 14.3311 14.3796 14.3779 14.4017 14.3947 14.4053 14.4131 
14.0887 14.1096 14.1364 14.1197 14.1538 14.1294 14.0911 14.125 14.1261 14.1449 14.1909 14.2504 14.2632 14.2338 14.251 14.2466 14.2873 14.2344 14.1421 14.1219 14.0994 14.0732 14.1313 14.0425 14.1374 14.1921 14.2257 14.2743 14.2382 14.2361 14.201 
13.9668 13.9631 14.013 13.9953 14.0144 14.0117 14.0564 14.0385 14.0655 14.0802 14.0954 14.1524 14.1582 14.15 14.162 14.1547 14.1202 14.086 14.0424 13.993 13.954 14.0089 14.03 13.9568 13.9278 13.9387 13.9768 13.9985 14.0054 14.0236 13.972 
13.7759 13.8547 13.7893 13.7974 13.9173 13.9601 14.0199 14.027 14.0085 14.0142 13.9839 14.0385 13.998 14.0293 14.0383 14.0209 13.9718 13.876 13.8152 13.7926 13.8209 13.7972 13.8605 13.8073 13.7012 13.6968 13.7103 13.6996 13.7308 13.7442 13.7279 
13.6123 13.5868 13.5963 13.6516 13.7717 13.8041 13.8463 13.8987 13.8656 13.8237 13.7894 13.8166 13.8642 13.8068 13.8195 13.7946 13.7157 13.6039 13.5693 13.6084 13.6185 13.5858 13.563 13.5578 13.5033 13.429 13.4359 13.416 13.451 13.4748 13.4712 
13.2987 13.2863 13.303 13.432 13.5077 13.5535 13.6005 13.6081 13.5867 13.5608 13.5422 13.54 13.5711 13.5789 13.5184 13.4447 13.4003 13.303 13.299 13.3974 13.3068 13.2737 13.2597 13.2094 13.2229 13.1998 13.1056 13.0907 13.1403 13.2002 13.1482 
12.9925 13.0006 13.0146 13.1378 13.2479 13.268 13.2995 13.3101 13.3028 13.2618 13.2372 13.2314 13.2373 13.2132 13.1695 13.1251 13.086 13.0443 13.1296 13.1248 13.0473 12.9775 12.9321 12.8968 12.9277 12.913 12.8612 12.7827 12.7777 12.8846 12.8453 
12.6413 12.683 12.7097 12.8222 12.895 12.9269 12.9446 12.9497 12.9508 12.9198 12.8682 12.8447 12.8401 12.8081 12.7698 12.7682 12.8061 12.7707 12.8089 12.8572 12.7348 12.6436 12.5897 12.5874 12.5911 12.5796 12.5622 12.5297 12.4337 12.5266 12.4934 
12.2706 12.3048 12.3183 12.4707 12.5291 12.5743 12.5979 12.5692 12.5587 12.4873 12.4531 12.4274 12.3818 12.3754 12.3505 12.3499 12.402 12.4466 12.4803 12.4724 12.3613 12.3026 12.2318 12.2155 12.2621 12.2743 12.2411 12.1878 12.0092 12.1546 12.1311 
11.8814 11.8889 11.9568 12.0286 12.1308 12.1778 12.1403 12.1463 12.0711 12.0347 12.0458 12.0145 11.952 11.9185 11.9108 11.9351 11.9592 12.0226 12.0343 12.0422 11.9322 11.8894 11.8617 11.8095 11.8694 11.8726 11.8604 11.7637 11.6579 11.8007 11.7651 
11.4424 11.4732 11.508 11.5259 11.6805 11.7385 11.6937 11.6787 11.599 11.5294 11.4993 11.4789 11.4412 11.4262 11.4371 11.4877 11.5715 11.5721 11.5831 11.5651 11.5138 11.5016 11.4885 11.4447 11.4739 11.5239 11.4159 11.2996 11.3608 11.4163 11.3774 
10.9606 10.9964 11.0389 11.0285 11.1186 11.1782 11.1636 11.1558 11.1191 11.142 11.1336 11.106 11.0789 11.0703 11.0411 11.0483 11.0467 11.0711 11.0915 11.1155 11.0944 11.0922 11.1308 11.1176 11.1434 11.1819 11.0187 10.9507 10.9921 10.9558 10.9504 
10.5276 10.5584 10.5766 10.5773 10.5772 10.623 10.6289 10.6907 10.6978 10.7341 10.7269 10.6947 10.66 10.6492 10.6554 10.6537 10.6404 10.6414 10.6224 10.6565 10.6979 10.737 10.7493 10.7644 10.8055 10.8214 10.6612 10.6214 10.6093 10.5806 10.5403 
10.0891 10.0958 10.1708 10.1859 10.1777 10.2247 10.2224 10.2458 10.2427 10.2349 10.229 10.2359 10.2721 10.2301 10.2459 10.2562 10.2566 10.2238 10.2294 10.2298 10.2491 10.2955 10.3372 10.324 10.3645 10.2949 10.2407 10.2528 10.2233 10.1877 10.1524 
9.65182 9.69213 9.69497 9.71946 9.7246 9.7403 9.75642 9.7746 9.77293 9.77179 9.79658 9.82253 9.81151 9.82646 9.83433 9.84981 9.83846 9.82226 9.81496 9.78969 9.77909 9.80648 9.83747 9.86166 9.89906 9.9024 9.91886 9.8805 9.84093 9.79614 9.78563 
9.22779 9.23942 9.27758 9.24795 9.28112 9.29916 9.30924 9.32717 9.36596 9.38248 9.37759 9.38659 9.39271 9.40124 9.40377 9.42239 9.425 9.41985 9.43077 9.41244 9.42884 9.44946 9.44774 9.48316 9.51339 9.51189 9.53512 9.49003 9.44966 9.44031 9.42653 
8.87055 8.88052 8.86953 8.88019 8.9221 8.94192 8.95453 8.96997 8.99936 9.00426 9.05002 9.04837 9.07467 9.05383 9.06252 9.08865 9.09238 9.0742 9.06135 9.07456 9.12238 9.10809 9.10694 9.11853 9.16618 9.16192 9.13849 9.11568 9.11919 9.10112 9.08198 
8.45372 8.46531 8.47696 8.47622 8.46747 8.50845 8.53453 8.59309 8.59228 8.59682 8.59119 8.63827 8.65538 8.68362 8.66287 8.68257 8.71172 8.72268 8.70948 8.70924 8.72622 8.75276 8.69738 8.67539 8.70708 8.74482 8.74477 8.76737 8.74153 8.74188 8.73632 
7.97615 7.98912 7.99803 7.99354 8.01859 8.03636 8.07334 8.10891 8.12443 8.15191 8.18672 8.20026 8.20557 8.21583 8.23906 8.22136 8.28439 8.28271 8.29496 8.30058 8.30823 8.30878 8.29452 8.2899 8.30433 8.34833 8.35739 8.36184 8.36026 8.35563 8.34695 
7.54948 7.53638 7.56765 7.5515 7.57098 7.58884 7.61021 7.63921 7.68566 7.68728 7.67276 7.71805 7.75992 7.76551 7.77557 7.76951 7.81512 7.83555 7.84867 7.8705 7.89366 7.88354 7.89471 7.89762 7.9291 7.94336 7.94761 7.96257 7.96939 7.98617 7.99736 
7.08061 7.1286 7.12535 7.12023 7.12664 7.13081 7.16032 7.18441 7.22704 7.23744 7.25096 7.26069 7.28175 7.29982 7.32966 7.32181 7.36518 7.38583 7.39825 7.41918 7.46348 7.46644 7.47878 7.4792 7.51309 7.54005 7.55208 7.54417 7.56985 7.57119 7.57996 
6.64152 6.69487 6.69618 6.6726 6.66514 6.66788 6.70311 6.72342 6.74065 6.75631 6.79475 6.82522 6.80552 6.83563 6.85493 6.87423 6.88083 6.9006 6.93565 6.9539 6.97857 7.00279 7.02627 7.04942 7.06399 7.04841 7.04792 7.0873 7.11777 7.14861 7.1478 
6.23937 6.23629 6.24695 6.26498 6.27341 6.29232 6.27279 6.29031 6.31732 6.3379 6.37376 6.39129 6.40896 6.43067 6.4255 6.44401 6.46024 6.47643 6.52379 6.53154 6.5744 6.62834 6.63713 6.62676 6.62485 6.64765 6.65628 6.67352 6.71247 6.72016 6.75119 
