raw_data/indice_UV/uvjan.txt
ncols         31
nrows         29
xllcorner     110.25
yllcorner     -51.42
cellsize      1.5
NODATA_value  -9999
13.803 13.7968 13.645 13.5883 13.5402 13.5474 13.5617 13.6265 13.5976 13.5754 13.6467 13.7068 13.7497 13.744 13.7146 13.7046 13.716 13.7798 13.8248 13.799 13.8089 13.8616 13.9857 14.081 14.1409 13.9989 13.9339 13.8917 13.9209 13.9024 13.8928 
13.8566 13.8369 13.741 13.7564 13.7731 13.7537 13.7506 13.7632 13.6992 13.6763 13.7915 13.7874 13.8311 13.8003 13.8159 13.8168 13.798 13.7703 13.7771 13.8172 13.9006 13.8831 13.9652 14.1062 14.1522 14.0955 14.022 14.0119 14.0531 14.0687 14.0602 
13.9247 13.9089 13.8736 13.8946 13.9021 13.9269 13.8985 13.8938 13.9012 13.91 13.8676 13.8744 13.8787 13.8671 13.8904 13.8845 13.8976 13.8613 13.8691 13.8329 13.9188 13.9434 14.025 14.1235 14.1039 14.0751 14.0437 14.0548 14.1217 14.1401 14.1376 
13.9861 13.9869 13.9906 13.9933 13.9819 13.9893 14.0025 13.9995 14.0335 13.9995 13.9862 13.9542 13.9901 13.9145 13.9667 13.9764 13.991 14.0533 14.0864 14.0215 14.0919 13.9852 14.0928 14.2065 14.1939 14.1301 14.1379 14.1637 14.1789 14.214 14.1942 
14.0085 14.0101 14.0776 14.0721 14.073 14.061 14.0832 14.1099 14.101 14.0713 14.0663 14.0848 14.0656 13.9691 14.0049 14.0506 14.0361 14.1549 14.1448 14.1304 14.0653 14.0396 14.1493 14.2249 14.2714 14.2407 14.1749 14.2179 14.2381 14.2661 14.2858 
14.0983 14.0958 14.1118 14.1564 14.1548 14.1583 14.1685 14.1139 14.1629 14.1467 14.126 14.2024 14.181 14.1276 14.1132 14.12 14.1422 14.1909 14.1931 14.2191 14.1656 14.1002 14.1282 14.224 14.3191 14.2934 14.2651 14.2422 14.3232 14.3291 14.3152 
14.1876 14.1566 14.2189 14.2294 14.197 14.2002 14.2452 14.1841 14.1728 14.2149 14.301 14.3099 14.2851 14.2561 14.2425 14.276 14.2745 14.197 14.1889 14.2582 14.2161 14.1148 14.1912 14.184 14.3283 14.3414 14.295 14.3301 14.3252 14.3086 14.3235 
14.201 14.211 14.2041 14.2533 14.2395 14.2495 14.274 14.2469 14.2439 14.2895 14.3414 14.3882 14.3739 14.3371 14.3325 14.3778 14.412 14.3098 14.2278 14.1964 14.2026 14.187 14.2569 14.1818 14.2128 14.2552 14.2856 14.2333 14.273 14.2327 14.2342 
14.1765 14.2042 14.2326 14.2216 14.2513 14.25 14.2902 14.324 14.3356 14.3543 14.378 14.3948 14.392 14.3945 14.4081 14.3671 14.3397 14.3294 14.216 14.1261 14.1966 14.2191 14.2132 14.1448 14.086 14.0667 14.0927 14.1097 14.151 14.1617 14.1344 
14.1269 14.173 14.1068 14.1083 14.2551 14.3448 14.362 14.3728 14.3724 14.384 14.38 14.3709 14.3714 14.365 14.3657 14.3463 14.2842 14.2381 14.1861 14.111 14.1174 14.1482 14.1703 14.1615 14.0522 13.9551 13.9935 13.949 13.991 14.021 14.0061 
13.9879 13.9901 13.9747 14.0971 14.1887 14.2753 14.3046 14.3178 14.3278 14.2895 14.2775 14.2708 14.2888 14.2615 14.2717 14.2275 14.1396 14.0571 14.0153 14.0556 14.0296 14.0043 14.0143 14.0078 13.9492 13.8621 13.8187 13.8228 13.8459 13.8669 13.8581 
13.778 13.7637 13.8023 13.9329 14.0401 14.1229 14.1634 14.1693 14.1518 14.1329 14.1088 14.1038 14.111 14.0915 14.0482 14.0271 13.895 13.8305 13.8165 13.9332 13.8813 13.8192 13.8218 13.8331 13.8177 13.7445 13.6469 13.6006 13.6184 13.6788 13.6724 
13.5342 13.5136 13.5833 13.6969 13.8127 13.8964 13.9357 13.9556 13.9553 13.9148 13.8926 13.8785 13.8721 13.8706 13.818 13.7899 13.7234 13.6885 13.7891 13.8077 13.6938 13.636 13.5822 13.5749 13.5938 13.5559 13.5435 13.4592 13.3712 13.4924 13.4776 
13.265 13.3052 13.2875 13.4284 13.5123 13.6175 13.6565 13.6679 13.6546 13.6305 13.5989 13.5832 13.5631 13.5579 13.5148 13.5201 13.4987 13.581 13.6366 13.6162 13.4731 13.3952 13.3536 13.2976 13.3413 13.342 13.3243 13.2537 13.1436 13.2279 13.2432 
12.9764 13.0249 13.0331 13.2004 13.2505 13.3441 13.3377 13.3556 13.3374 13.2879 13.2821 13.2481 13.2205 13.2033 13.1884 13.1872 13.2255 13.3081 13.3066 13.3244 13.1802 13.1583 13.0762 13.0556 13.1244 13.1354 13.0916 13.0257 12.8414 12.9582 12.9386 
12.7088 12.7182 12.7761 12.8355 12.955 13.0278 13.0098 12.9785 12.9594 12.9277 12.9162 12.8864 12.8859 12.8508 12.8254 12.8055 12.8423 12.9192 12.9656 12.9856 12.9089 12.8164 12.7992 12.7297 12.7984 12.815 12.7607 12.7087 12.5823 12.6868 12.655 
12.3826 12.3863 12.4501 12.4479 12.6104 12.7147 12.6595 12.6455 12.5836 12.5098 12.4738 12.4948 12.4602 12.4562 12.4817 12.5054 12.6058 12.6117 12.5964 12.6081 12.5499 12.5058 12.5119 12.4648 12.5104 12.5628 12.4528 12.2911 12.3662 12.4292 12.3596 
12.0148 12.0178 12.0671 12.0133 12.1108 12.2043 12.1967 12.209 12.2005 12.2024 12.2068 12.1946 12.1884 12.1942 12.174 12.1635 12.2013 12.1456 12.1801 12.2037 12.2001 12.1996 12.2388 12.2491 12.2794 12.2906 12.1314 12.0669 12.1144 12.1003 12.0099 
11.6312 11.6594 11.6979 11.7005 11.7054 11.7464 11.7636 11.8285 11.8584 11.8777 11.8796 11.8763 11.8369 11.8533 11.8539 11.8492 11.8284 11.8231 11.7961 11.8158 11.8588 11.8809 11.9195 11.9413 11.9585 11.9839 11.8161 11.8337 11.8231 11.7458 11.6885 
11.3389 11.3149 11.3387 11.3634 11.3738 11.3866 11.3969 11.4631 11.4746 11.4823 11.4619 11.4977 11.4662 11.4787 11.4843 11.4978 11.5077 11.4684 11.4594 11.4176 11.4411 11.4931 11.4985 11.5423 11.5655 11.5048 11.4806 11.4928 11.4428 11.4031 11.3787 
10.9661 10.9731 10.9609 10.9781 10.9808 10.9927 10.997 11.0197 11.0191 11.0373 11.0598 11.0503 11.1182 11.124 11.1142 11.1239 11.1262 11.1369 11.1358 11.0752 11.0354 11.0549 11.0861 11.1149 11.1356 11.1648 11.2087 11.1354 11.0948 11.0517 11.0533 
10.6195 10.599 10.6131 10.6249 10.6284 10.6415 10.613 10.61 10.6248 10.6504 10.6706 10.6845 10.7107 10.7684 10.7532 10.7157 10.7052 10.7462 10.7579 10.7546 10.7677 10.7521 10.7405 10.7682 10.7934 10.7907 10.8204 10.7718 10.7322 10.6983 10.7146 
10.2835 10.2548 10.2547 10.2773 10.2893 10.2913 10.3089 10.3064 10.3187 10.3249 10.3626 10.4051 10.3965 10.423 10.4348 10.4261 10.408 10.4153 10.4389 10.4459 10.4668 10.4666 10.427 10.3993 10.4714 10.4783 10.4668 10.4233 10.4078 10.4056 10.3908 
9.89387 9.86743 9.86752 9.88134 9.88747 9.93351 9.92035 9.93676 9.92182 9.9564 9.97829 9.95627 10.0196 10.0319 10.0587 10.0388 10.0817 10.0651 10.0882 10.0755 10.097 10.1319 10.0825 10.0128 10.053 10.0867 10.1248 10.0849 10.0962 10.0893 10.1022 
9.40577 9.41062 9.41791 9.42455 9.44449 9.43909 9.47057 9.50776 9.49026 9.50657 9.52705 9.51263 9.56943 9.58837 9.60746 9.59474 9.60236 9.65126 9.65168 9.67231 9.67573 9.69655 9.67498 9.65855 9.66192 9.70598 9.74158 9.74007 9.73079 9.7197 9.72157 
8.98534 8.95736 8.97204 8.98227 9.01036 9.02097 8.98912 9.01484 9.06447 9.09926 9.11022 9.12907 9.13697 9.13441 9.15988 9.17469 9.19567 9.24103 9.23391 9.26661 9.29719 9.28631 9.30602 9.32095 9.33425 9.34285 9.35968 9.36353 9.38253 9.39444 9.37126 
8.5213 8.51891 8.5312 8.55086 8.5608 8.58057 8.55846 8.59104 8.65698 8.65027 8.70268 8.75787 8.74899 8.77135 8.78327 8.77712 8.78519 8.82528 8.85684 8.86136 8.88298 8.91919 8.9092 8.92352 8.93423 8.94713 8.99657 8.99194 8.98902 8.98832 8.98891 
8.08388 8.0806 8.08756 8.09895 8.12963 8.14125 8.15418 8.19616 8.19859 8.21852 8.25569 8.28966 8.28646 8.30757 8.33157 8.35556 8.37644 8.40899 8.39502 8.41618 8.44731 8.50118 8.51806 8.5093 8.50489 8.51244 8.52316 8.54532 8.58078 8.56295 8.58269 
7.6784 7.67356 7.68145 7.72144 7.72544 7.74816 7.77596 7.79792 7.85529 7.82959 7.82867 7.87485 7.89487 7.93041 7.91945 7.947 7.95939 7.97145 8.00296 8.01168 8.05729 8.11791 8.12502 8.09904 8.10693 8.13434 8.1364 8.15651 8.19996 8.19386 8.21233 
