raw_data/indice_UV/uvjul.txt
ncols         31
nrows         29
xllcorner     110.25
yllcorner     -51.42
cellsize      1.5
NODATA_value  -9999
9.63817 9.65217 9.62045 9.57523 9.55116 9.59875 9.59074 9.63072 9.56443 9.57294 9.60591 9.64514 9.63163 9.63338 9.62142 9.61893 9.66017 9.7602 9.79255 9.72856 9.89094 9.96209 9.89617 9.87224 9.92473 9.83577 9.79802 9.69255 9.66268 9.63511 9.66827 
9.21343 9.2092 9.1876 9.15098 9.12003 9.12904 9.17967 9.14663 9.13519 9.15313 9.17816 9.19698 9.20553 9.2176 9.2173 9.22487 9.23735 9.27479 9.30512 9.36099 9.37671 9.36506 9.41901 9.43348 9.38386 9.30253 9.32796 9.31036 9.28922 9.28892 9.25342 
8.73962 8.73017 8.7259 8.71092 8.70694 8.7011 8.70982 8.70057 8.7242 8.7365 8.7275 8.73153 8.75016 8.78477 8.80806 8.84263 8.84396 8.84863 8.84243 8.80878 8.83481 8.91669 8.92042 8.94226 8.92662 8.90003 8.87894 8.87498 8.88197 8.86151 8.86425 
8.28716 8.2617 8.26381 8.26508 8.26487 8.25185 8.28738 8.26064 8.2631 8.28234 8.32563 8.30187 8.31757 8.37747 8.37959 8.38908 8.3722 8.40745 8.37405 8.33358 8.3545 8.38193 8.44271 8.44276 8.42034 8.43525 8.39583 8.40268 8.42558 8.42102 8.44449 
7.8152 7.82144 7.80596 7.81782 7.81733 7.83432 7.83194 7.78603 7.81775 7.8661 7.93334 7.94355 7.91314 7.88737 7.90208 7.91446 7.91458 7.9626 7.9248 7.90169 7.87864 7.91435 7.97217 7.98333 7.9671 7.96739 7.96218 7.95653 7.95557 7.95318 7.98621 
7.35256 7.39187 7.35969 7.35956 7.373 7.3489 7.36542 7.40861 7.44385 7.49351 7.5248 7.54889 7.50176 7.50683 7.50983 7.48966 7.49378 7.51224 7.49197 7.48456 7.47639 7.4803 7.50717 7.57424 7.53591 7.53304 7.52075 7.5237 7.54286 7.54628 7.56945 
7.01428 7.03509 7.01372 7.01684 7.00636 6.98205 6.99579 6.99118 7.03522 7.07521 7.13057 7.13963 7.13407 7.11199 7.09035 7.11542 7.09855 7.07171 7.04875 7.08066 7.07477 7.05542 7.11702 7.10452 7.08299 7.0745 7.0815 7.08822 7.09015 7.10442 7.10034 
6.60157 6.58283 6.5889 6.57365 6.54702 6.57512 6.59584 6.62285 6.62448 6.65213 6.6861 6.70331 6.70494 6.69012 6.68411 6.70555 6.70093 6.66193 6.64254 6.63137 6.61528 6.60885 6.65193 6.64321 6.64129 6.63432 6.59036 6.60449 6.58657 6.59546 6.60774 
6.12421 6.15001 6.14066 6.16788 6.17747 6.18547 6.22473 6.21835 6.21819 6.22978 6.25277 6.26817 6.25825 6.24997 6.26079 6.25946 6.23761 6.2395 6.22296 6.18861 6.17608 6.1804 6.1951 6.1751 6.15877 6.15708 6.13716 6.12043 6.10584 6.11534 6.14036 
5.72878 5.72266 5.72989 5.75935 5.80068 5.84761 5.83852 5.86678 5.85352 5.83365 5.86134 5.85677 5.8479 5.84742 5.8532 5.85405 5.84384 5.80621 5.78957 5.76253 5.75542 5.73944 5.76942 5.74795 5.73209 5.72243 5.72473 5.69146 5.66902 5.67785 5.69122 
5.26211 5.29898 5.31753 5.36192 5.40125 5.43005 5.43994 5.44907 5.4653 5.43473 5.41773 5.42188 5.43529 5.42552 5.42502 5.40451 5.37106 5.3337 5.31479 5.3271 5.32477 5.31385 5.31033 5.3158 5.31348 5.30231 5.28823 5.27649 5.25239 5.22604 5.24553 
4.86785 4.88441 4.924 4.94202 4.97223 5.01388 5.01208 5.03441 5.02091 5.00522 5.00116 4.98158 4.97833 4.9674 4.95477 4.95171 4.91962 4.88615 4.88715 4.89734 4.85922 4.86038 4.86856 4.88021 4.89088 4.88155 4.85528 4.83495 4.8245 4.81318 4.80364 
4.47687 4.4686 4.49171 4.5344 4.55139 4.57015 4.58369 4.59933 4.59431 4.58258 4.55998 4.55739 4.54835 4.53398 4.52393 4.49935 4.48918 4.45858 4.47054 4.47992 4.46048 4.43174 4.43557 4.44454 4.45405 4.45551 4.44419 4.43172 4.40165 4.38969 4.38323 
4.04556 4.06192 4.07336 4.10583 4.13474 4.14676 4.13879 4.15465 4.14676 4.13532 4.1168 4.11088 4.11505 4.10471 4.08037 4.0816 4.07522 4.09401 4.10784 4.09361 4.04668 4.033 4.00834 4.01986 4.02579 4.02689 4.02514 4.02706 3.99855 3.95964 3.9655 
3.68353 3.67695 3.677 3.70739 3.7118 3.72273 3.71933 3.73024 3.72002 3.71254 3.69221 3.69139 3.67087 3.66518 3.65387 3.65324 3.65847 3.66673 3.65087 3.65338 3.63477 3.64363 3.61031 3.61042 3.62092 3.61971 3.63831 3.63318 3.59862 3.58681 3.58867 
3.30443 3.30406 3.30788 3.31773 3.34724 3.34303 3.33892 3.34161 3.3233 3.31081 3.29971 3.29075 3.29161 3.27441 3.26935 3.27405 3.273 3.27983 3.28786 3.28222 3.25986 3.23739 3.23732 3.23171 3.24173 3.24259 3.25132 3.25443 3.21994 3.22069 3.21018 
2.96757 2.97051 2.9635 2.9666 2.98102 2.99003 2.97838 2.97401 2.96637 2.955 2.93909 2.92762 2.92701 2.91126 2.90306 2.91017 2.91894 2.92302 2.91679 2.92327 2.90423 2.89749 2.89007 2.89418 2.90439 2.91485 2.90901 2.89075 2.87771 2.88308 2.86179 
2.64535 2.62565 2.63973 2.6382 2.65208 2.65845 2.647 2.6411 2.63157 2.63321 2.62897 2.62943 2.61252 2.60756 2.59771 2.59134 2.59749 2.58247 2.59259 2.58761 2.58674 2.57486 2.58712 2.58903 2.59157 2.60161 2.59528 2.58942 2.5777 2.57588 2.55786 
2.35423 2.34962 2.34355 2.34517 2.34697 2.35371 2.35359 2.34745 2.34772 2.34486 2.34165 2.33479 2.33142 2.32253 2.31744 2.31259 2.31355 2.31111 2.30437 2.29944 2.30545 2.30053 2.3038 2.30752 2.30933 2.32175 2.30716 2.30117 2.28642 2.27924 2.26887 
2.08455 2.0836 2.08783 2.0889 2.08951 2.08613 2.08458 2.07853 2.08454 2.08113 2.07754 2.07128 2.06846 2.06741 2.06644 2.06841 2.06636 2.05604 2.05434 2.04044 2.0407 2.04536 2.04931 2.05364 2.08255 2.06729 2.04838 2.04269 2.03642 2.02871 2.02125 
1.84644 1.84314 1.84751 1.84485 1.84953 1.84691 1.84166 1.83544 1.84903 1.83895 1.83822 1.82665 1.82515 1.82841 1.82744 1.82951 1.83352 1.82909 1.82926 1.81863 1.81285 1.81117 1.81992 1.82118 1.83231 1.83139 1.82565 1.8137 1.80619 1.80095 1.78723 
1.62282 1.62221 1.62879 1.62576 1.62788 1.63196 1.63298 1.62866 1.62972 1.63318 1.63205 1.6259 1.62405 1.62886 1.62358 1.61855 1.6176 1.62304 1.62004 1.62006 1.61485 1.61664 1.61943 1.62494 1.6226 1.6238 1.61343 1.60689 1.60644 1.60031 1.5977 
1.4379 1.4376 1.43085 1.43427 1.43761 1.43805 1.43775 1.44199 1.44084 1.44236 1.44181 1.44472 1.43861 1.43927 1.43699 1.4274 1.43462 1.43449 1.43501 1.43624 1.43618 1.43626 1.43021 1.42718 1.43269 1.43622 1.4349 1.42657 1.42607 1.42695 1.42213 
1.26562 1.26764 1.2675 1.26442 1.26265 1.26648 1.26989 1.27047 1.2723 1.27504 1.27596 1.27615 1.27235 1.27062 1.2684 1.26683 1.27667 1.26822 1.27101 1.26016 1.26981 1.27371 1.26671 1.25627 1.26039 1.26445 1.2668 1.26483 1.26298 1.25999 1.25769 
1.11145 1.11121 1.11724 1.11561 1.11543 1.11334 1.11623 1.11769 1.11559 1.11843 1.12088 1.11896 1.11847 1.11785 1.11637 1.11957 1.11819 1.11955 1.12194 1.12773 1.12085 1.11967 1.11787 1.11515 1.11605 1.12009 1.11873 1.11188 1.10864 1.10875 1.11329 
0.969515 0.98024 0.972701 0.973711 0.979705 0.978249 0.978509 0.980486 0.975877 0.974141 0.97606 0.97545 0.979563 0.977374 0.980597 0.973583 0.979799 0.981175 0.980887 0.98366 0.987347 0.984493 0.985099 0.983719 0.983286 0.981898 0.976264 0.979519 0.978298 0.976909 0.979405 
0.850094 0.851557 0.845151 0.846306 0.843858 0.847803 0.846592 0.849451 0.85267 0.850917 0.850036 0.851596 0.850358 0.852325 0.853763 0.855691 0.857197 0.855115 0.857826 0.859742 0.859603 0.861351 0.859788 0.860083 0.857472 0.858188 0.853962 0.856117 0.854323 0.853052 0.851318 
0.725273 0.724784 0.729923 0.732294 0.731916 0.732816 0.731425 0.729765 0.734463 0.735677 0.735809 0.738717 0.740192 0.74158 0.741804 0.741746 0.742358 0.742885 0.741208 0.744245 0.74548 0.74919 0.746157 0.743753 0.7418 0.744929 0.746863 0.743889 0.742726 0.741121 0.743937 
0.622541 0.623847 0.627 0.630843 0.630226 0.629688 0.630615 0.630554 0.630461 0.630791 0.631148 0.637554 0.637773 0.635909 0.637899 0.638892 0.640296 0.640705 0.64097 0.64149 0.640609 0.642282 0.642276 0.645206 0.644554 0.644033 0.643658 0.64275 0.639523 0.63754 0.636449 
