raw_data/indice_UV/uvjun.txt
ncols         31
nrows         29
xllcorner     110.25
yllcorner     -51.42
cellsize      1.5
NODATA_value  -9999
9.14648 9.11951 9.08652 9.07 9.04847 9.06091 9.08147 9.07881 9.03669 9.04975 9.04287 9.02488 9.03941 9.02139 9.00097 9.02504 9.08066 9.17006 9.1988 9.17034 9.21973 9.35854 9.25783 9.31139 9.38234 9.31721 9.21835 9.18426 9.1361 9.1251 9.07923 
8.75433 8.74797 8.68953 8.69192 8.67437 8.65232 8.69092 8.65789 8.60326 8.61997 8.66186 8.65654 8.66685 8.66786 8.68312 8.65665 8.64203 8.66633 8.71951 8.75458 8.74896 8.81606 8.79431 8.84519 8.84865 8.76819 8.78079 8.76019 8.7629 8.76272 8.7546 
8.28531 8.2835 8.29673 8.28866 8.27094 8.24645 8.2491 8.25205 8.25643 8.25469 8.26967 8.26456 8.27692 8.3235 8.33992 8.33536 8.3372 8.30473 8.31773 8.28935 8.30284 8.33003 8.36348 8.4039 8.38784 8.37365 8.34283 8.33532 8.35709 8.3595 8.35199 
7.83094 7.86107 7.844 7.85623 7.83325 7.82662 7.83275 7.86183 7.85709 7.83273 7.86498 7.87125 7.87024 7.89829 7.8991 7.90941 7.87464 7.86847 7.8856 7.8684 7.82442 7.84948 7.93064 7.91353 7.91478 7.9119 7.90701 7.91642 7.92692 7.92484 7.93629 
7.4054 7.428 7.43073 7.41738 7.39874 7.39252 7.39762 7.41966 7.4027 7.43404 7.46387 7.49554 7.47906 7.45635 7.45865 7.46844 7.47103 7.46471 7.45605 7.46254 7.43829 7.4296 7.46912 7.4735 7.46895 7.46105 7.46151 7.47914 7.50045 7.49846 7.51756 
7.00883 7.0092 6.98839 6.99856 6.97459 6.96786 6.97175 6.98776 7.00568 7.03238 7.08388 7.11734 7.06556 7.05134 7.04791 7.0384 7.04104 7.0472 7.02448 7.0311 7.02365 7.0002 7.02539 7.04353 7.02227 7.03232 7.03278 7.04801 7.06401 7.07092 7.05593 
6.59745 6.59494 6.59186 6.57999 6.56707 6.5453 6.55017 6.57102 6.61863 6.62261 6.65442 6.69396 6.68049 6.65409 6.64472 6.64698 6.63034 6.59115 6.59191 6.61799 6.59255 6.60117 6.61028 6.60374 6.60579 6.58586 6.57341 6.60699 6.6312 6.63707 6.64755 
6.14824 6.14962 6.12508 6.13977 6.13438 6.13834 6.124 6.14914 6.16982 6.20332 6.21256 6.24128 6.22968 6.23183 6.22131 6.22182 6.23785 6.2143 6.17472 6.14698 6.15514 6.17715 6.1978 6.15834 6.17162 6.15234 6.12887 6.1311 6.15834 6.17389 6.18426 
5.70838 5.6941 5.6972 5.71677 5.73927 5.7519 5.75665 5.76744 5.78848 5.79433 5.80083 5.8099 5.81244 5.80402 5.81638 5.80641 5.79639 5.80036 5.77329 5.75365 5.76236 5.75685 5.76076 5.73506 5.72353 5.71977 5.70568 5.68765 5.70122 5.71044 5.71904 
5.31325 5.32173 5.30282 5.34743 5.3675 5.3922 5.41646 5.41884 5.41951 5.42612 5.42372 5.42334 5.41043 5.41305 5.4128 5.40749 5.40668 5.37444 5.35528 5.33174 5.33942 5.3264 5.33363 5.32497 5.30623 5.29258 5.30172 5.27248 5.28833 5.28876 5.28591 
4.93525 4.94275 4.94824 4.96885 4.9992 5.01253 5.03114 5.04741 5.03492 5.01862 5.01249 5.01186 5.02513 5.01853 5.01776 5.00753 4.97951 4.93462 4.93148 4.92163 4.93156 4.91976 4.92089 4.93074 4.92284 4.88806 4.87458 4.86937 4.86988 4.87884 4.87249 
4.54892 4.50329 4.55118 4.60977 4.61864 4.61193 4.63818 4.64004 4.63502 4.62096 4.60864 4.60119 4.60734 4.59571 4.57142 4.56467 4.54087 4.51768 4.52254 4.5238 4.51721 4.50788 4.49463 4.50495 4.51629 4.50103 4.47954 4.47339 4.46385 4.46808 4.46217 
4.15913 4.15674 4.17744 4.20897 4.22774 4.23483 4.23116 4.24041 4.2389 4.22073 4.21521 4.20776 4.19917 4.19357 4.17771 4.15694 4.14302 4.13591 4.14522 4.13012 4.1161 4.10844 4.09142 4.09741 4.11068 4.10541 4.0933 4.07218 4.06109 4.06776 4.06746 
3.78724 3.77751 3.77754 3.82885 3.83425 3.82177 3.83394 3.83431 3.82554 3.81386 3.8027 3.79608 3.79182 3.7949 3.77017 3.74611 3.7622 3.77948 3.78688 3.76907 3.73737 3.72334 3.71245 3.6971 3.6942 3.71891 3.71973 3.70114 3.67907 3.67789 3.68304 
3.414 3.40857 3.40719 3.43729 3.43896 3.4436 3.44222 3.44153 3.43759 3.43215 3.423 3.41293 3.40532 3.39617 3.38582 3.38134 3.37573 3.40273 3.40906 3.38331 3.36076 3.34966 3.33018 3.31963 3.3305 3.33438 3.34764 3.3414 3.31683 3.31882 3.31903 
3.07522 3.07818 3.06921 3.08386 3.09278 3.08774 3.07023 3.06592 3.06068 3.05477 3.06649 3.05376 3.04369 3.02513 3.02596 3.03289 3.03055 3.0337 3.03903 3.02699 3.00552 2.98989 2.97927 2.96713 2.98242 2.98547 3.00187 2.99 2.9726 2.98207 2.96946 
2.74866 2.75248 2.74795 2.75213 2.75877 2.75611 2.74311 2.7439 2.73649 2.71695 2.70926 2.70215 2.70352 2.70128 2.69907 2.69854 2.71259 2.70898 2.69979 2.69653 2.68151 2.67353 2.65694 2.65315 2.66617 2.67193 2.67604 2.66012 2.65573 2.66075 2.65211 
2.43775 2.44199 2.44474 2.43706 2.4436 2.45394 2.43497 2.42952 2.42452 2.42681 2.42266 2.41568 2.41047 2.40756 2.40227 2.40444 2.40381 2.39547 2.39442 2.39182 2.38743 2.37341 2.37374 2.37326 2.37674 2.38467 2.38626 2.37362 2.37242 2.36752 2.36638 
2.15663 2.16797 2.15284 2.1588 2.15923 2.1609 2.15167 2.15561 2.15492 2.15538 2.15049 2.1501 2.14374 2.14368 2.13878 2.13629 2.13346 2.13085 2.12045 2.11849 2.1162 2.11076 2.10933 2.11409 2.11565 2.13023 2.12509 2.1169 2.11242 2.10174 2.09993 
1.9094 1.91382 1.90966 1.91277 1.91197 1.90973 1.90708 1.90782 1.90908 1.90789 1.90368 1.90018 1.89398 1.89901 1.89559 1.89151 1.89003 1.88662 1.88371 1.87335 1.87026 1.87214 1.8711 1.87514 1.89447 1.88987 1.88519 1.87442 1.86861 1.86686 1.84959 
1.68148 1.68044 1.68578 1.68456 1.68104 1.67904 1.67673 1.6763 1.67512 1.67517 1.67381 1.66847 1.67476 1.67357 1.6739 1.67354 1.67486 1.66937 1.66618 1.65453 1.64607 1.64292 1.6526 1.65609 1.66396 1.66622 1.66362 1.64535 1.64497 1.65305 1.65402 
1.47865 1.47865 1.4718 1.47494 1.47696 1.4736 1.47284 1.47397 1.47526 1.47205 1.47368 1.47326 1.47105 1.47074 1.46914 1.4686 1.47297 1.47112 1.46509 1.46749 1.46539 1.46568 1.46721 1.46627 1.46894 1.47392 1.46424 1.45897 1.46015 1.45747 1.45624 
1.29073 1.29237 1.29224 1.29072 1.29077 1.29001 1.29055 1.29002 1.28942 1.2909 1.29589 1.29653 1.28895 1.29171 1.29289 1.29189 1.29094 1.29 1.28972 1.28901 1.2882 1.2875 1.28466 1.28205 1.28327 1.28796 1.28926 1.28259 1.28228 1.27834 1.28009 
1.12555 1.12569 1.13084 1.12928 1.12658 1.129 1.12614 1.12565 1.12624 1.12732 1.12731 1.12776 1.12821 1.13018 1.12904 1.12803 1.12843 1.12774 1.1265 1.12631 1.12374 1.126 1.1262 1.1187 1.12268 1.11976 1.11983 1.11953 1.11702 1.11366 1.11907 
0.97506 0.975005 0.976299 0.980067 0.978619 0.978948 0.976611 0.977513 0.980926 0.982125 0.983489 0.983076 0.983259 0.98213 0.983407 0.982236 0.982098 0.981445 0.981039 0.983044 0.981595 0.982445 0.979518 0.976177 0.98045 0.976686 0.9744 0.975458 0.974609 0.976192 0.977845 
0.842522 0.843315 0.840617 0.84077 0.843745 0.846061 0.841464 0.84318 0.843291 0.846748 0.850724 0.850393 0.848863 0.847556 0.851569 0.852312 0.85294 0.849452 0.848877 0.848458 0.852563 0.853439 0.845887 0.849353 0.853498 0.85322 0.845067 0.846967 0.846185 0.843085 0.843996 
0.719802 0.720029 0.718882 0.718794 0.719395 0.722636 0.724146 0.723433 0.723836 0.72737 0.727794 0.722451 0.730155 0.732476 0.731917 0.732529 0.731316 0.733431 0.729913 0.729783 0.732083 0.734431 0.734568 0.730315 0.731312 0.733383 0.729813 0.728068 0.728457 0.726123 0.726622 
0.609984 0.610452 0.61112 0.612199 0.613405 0.612135 0.615913 0.618241 0.619531 0.622075 0.62319 0.621082 0.623609 0.624772 0.625883 0.627128 0.624804 0.626024 0.621813 0.622143 0.62478 0.624934 0.626331 0.627199 0.626148 0.623003 0.626196 0.624859 0.622119 0.622827 0.621399 
0.51117 0.513699 0.515598 0.518876 0.518417 0.520406 0.521341 0.522671 0.523852 0.524599 0.525699 0.524417 0.524787 0.527147 0.52947 0.530593 0.53066 0.530627 0.531675 0.531385 0.533056 0.530391 0.531072 0.530891 0.531152 0.531518 0.52955 0.528833 0.528057 0.527497 0.527295 
