raw_data/indice_UV/uvmay.txt
ncols         31
nrows         29
xllcorner     110.25
yllcorner     -51.42
cellsize      1.5
NODATA_value  -9999
10.0402 10.0321 9.99005 9.96021 9.94338 9.97392 9.99291 10.0071 9.98746 10.001 10.0115 10.0601 10.086 10.0606 10.0226 10.0104 10.0445 10.1198 10.1426 10.1332 10.23 10.2571 10.2688 10.3128 10.3741 10.3126 10.2475 10.206 10.194 10.1718 10.1921 
9.70845 9.68625 9.62696 9.63016 9.60502 9.59785 9.60287 9.6033 9.57402 9.58176 9.64478 9.68199 9.70124 9.6993 9.69192 9.64858 9.66622 9.69427 9.70659 9.73051 9.77066 9.8678 9.87537 9.91087 9.86942 9.80341 9.79707 9.81091 9.81845 9.8262 9.83565 
9.31849 9.28931 9.27881 9.26537 9.26857 9.24079 9.24881 9.23889 9.27107 9.29849 9.28532 9.30248 9.32233 9.37241 9.38739 9.33947 9.34086 9.3318 9.33282 9.32061 9.38628 9.43185 9.45489 9.48421 9.46293 9.41823 9.40913 9.42557 9.43226 9.42577 9.44306 
8.88898 8.89335 8.89075 8.88836 8.8908 8.89361 8.90924 8.90936 8.90964 8.89595 8.92126 8.92627 8.93518 8.94593 8.96264 8.97353 8.96589 8.95098 8.96774 8.94781 8.96111 8.93813 9.03878 9.06709 9.04667 9.03114 9.02837 9.05535 9.07165 9.06793 9.08138 
8.49947 8.50124 8.48928 8.4804 8.48241 8.49384 8.51571 8.48807 8.50717 8.55063 8.58699 8.60991 8.56125 8.55594 8.57047 8.577 8.57473 8.61902 8.57359 8.56995 8.54554 8.52182 8.62724 8.63476 8.62896 8.62766 8.60737 8.60445 8.65339 8.66254 8.66511 
8.11433 8.11638 8.11249 8.0813 8.09353 8.08578 8.11535 8.09133 8.12643 8.16962 8.22294 8.22545 8.21522 8.1886 8.18849 8.17728 8.17936 8.19617 8.17448 8.17679 8.15922 8.13614 8.1796 8.2233 8.18885 8.17329 8.20671 8.20934 8.22528 8.22 8.24822 
7.7269 7.74267 7.72262 7.71809 7.70688 7.70317 7.68399 7.69288 7.74773 7.78216 7.83794 7.84987 7.82768 7.81236 7.79896 7.80733 7.78706 7.77561 7.76343 7.77741 7.75403 7.74065 7.79938 7.80056 7.79982 7.79144 7.76297 7.78522 7.80067 7.79796 7.82152 
7.28866 7.26024 7.27143 7.2817 7.2608 7.25943 7.25228 7.28547 7.30779 7.34318 7.37937 7.40557 7.40316 7.391 7.38162 7.40385 7.39231 7.37862 7.35465 7.33757 7.33313 7.35441 7.3701 7.32228 7.34488 7.34439 7.33149 7.32822 7.33172 7.35417 7.34333 
6.84395 6.83526 6.84341 6.85555 6.87902 6.8934 6.92076 6.92691 6.94583 6.9632 6.98283 6.98036 6.97111 6.97281 6.98739 6.97043 6.94022 6.94276 6.91717 6.8955 6.90909 6.90213 6.93534 6.90216 6.8785 6.88192 6.86173 6.87792 6.86972 6.8781 6.88228 
6.46105 6.4452 6.46295 6.47474 6.5198 6.5614 6.54981 6.577 6.57129 6.57435 6.58422 6.58395 6.56703 6.5643 6.56663 6.56951 6.53957 6.51723 6.49835 6.49503 6.48943 6.49807 6.49055 6.48521 6.4636 6.42988 6.44533 6.444 6.44811 6.42778 6.429 
6.05078 6.04804 6.0642 6.11333 6.14597 6.17068 6.18212 6.20027 6.18571 6.17137 6.17314 6.17647 6.16073 6.14766 6.14614 6.14015 6.10328 6.05927 6.0681 6.07961 6.06802 6.06594 6.06643 6.07335 6.06506 6.03276 6.02694 6.02734 6.02261 6.02471 6.02592 
5.62954 5.63496 5.65879 5.72455 5.73172 5.75442 5.77457 5.79295 5.78389 5.75924 5.74038 5.74484 5.74616 5.73875 5.70845 5.68929 5.67641 5.63761 5.62518 5.65893 5.66278 5.64549 5.65006 5.65066 5.65977 5.63133 5.60305 5.61246 5.61464 5.60432 5.60902 
5.23215 5.22749 5.24602 5.29475 5.32522 5.33296 5.34595 5.35655 5.35727 5.34136 5.32693 5.32669 5.32589 5.31058 5.28832 5.27944 5.26976 5.24214 5.27611 5.28897 5.25634 5.23871 5.23869 5.23673 5.25424 5.24664 5.22588 5.22553 5.20742 5.21786 5.22351 
4.8334 4.81742 4.83186 4.88163 4.89519 4.92105 4.92845 4.91118 4.9049 4.90738 4.90842 4.90541 4.88663 4.87833 4.85778 4.8568 4.87361 4.86871 4.89621 4.88872 4.86246 4.83062 4.82321 4.81735 4.83778 4.84759 4.85105 4.84324 4.82577 4.83114 4.83471 
4.42062 4.41831 4.42669 4.47683 4.47609 4.49397 4.48796 4.49449 4.4756 4.47142 4.47022 4.4641 4.45868 4.45248 4.44365 4.4401 4.46239 4.48576 4.48807 4.48965 4.45051 4.44439 4.41851 4.42256 4.44018 4.44548 4.45319 4.45008 4.4065 4.42939 4.4391 
4.03963 4.03262 4.04111 4.07263 4.08783 4.07719 4.0709 4.06477 4.05723 4.05568 4.06837 4.0608 4.03914 4.03831 4.03996 4.04177 4.04354 4.06937 4.07674 4.07656 4.06354 4.05275 4.03068 4.0349 4.0421 4.05422 4.06595 4.06417 4.02657 4.05596 4.04298 
3.67007 3.67402 3.66342 3.67128 3.7071 3.71097 3.69398 3.68008 3.67365 3.66509 3.65529 3.65415 3.64169 3.64318 3.64415 3.65428 3.68366 3.68253 3.68795 3.68661 3.67796 3.66744 3.6583 3.65932 3.67574 3.67757 3.67804 3.66381 3.67295 3.68566 3.66821 
3.32099 3.31574 3.31918 3.30913 3.3355 3.34376 3.31864 3.31633 3.31182 3.31009 3.32021 3.30367 3.30107 3.30151 3.30232 3.30381 3.31597 3.31252 3.31646 3.31528 3.30801 3.31013 3.31108 3.32132 3.33377 3.35034 3.33791 3.33467 3.3379 3.32706 3.31703 
2.97738 2.98979 2.98713 2.9807 2.98242 2.98567 2.99419 2.99489 2.99584 2.99456 2.98975 2.98881 2.98817 2.98698 2.98284 2.98055 2.98164 2.98486 2.98237 2.97999 2.98198 2.98218 2.99007 3.00318 3.01692 3.03629 3.03211 3.01378 3.00507 2.99678 2.98829 
2.68625 2.67812 2.68402 2.68586 2.68776 2.69008 2.67975 2.68103 2.68268 2.68588 2.68663 2.68481 2.68569 2.68429 2.68703 2.68128 2.69014 2.68764 2.68048 2.6766 2.68188 2.69189 2.69383 2.70907 2.72421 2.72018 2.71837 2.70717 2.69382 2.69005 2.688 
2.40766 2.40037 2.41258 2.40675 2.40416 2.40036 2.39927 2.40108 2.40259 2.4041 2.40352 2.40702 2.40416 2.40429 2.40568 2.40796 2.40884 2.40871 2.40933 2.40163 2.39855 2.4039 2.41282 2.41792 2.43331 2.4353 2.44182 2.43268 2.42424 2.42086 2.41727 
2.13501 2.1415 2.14317 2.1397 2.13471 2.13391 2.13469 2.13606 2.14144 2.14727 2.14515 2.14685 2.14649 2.14728 2.14734 2.15389 2.1565 2.14916 2.15058 2.15259 2.15486 2.16194 2.16116 2.17068 2.18383 2.17517 2.1757 2.16855 2.16286 2.15955 2.15984 
1.90163 1.90394 1.90593 1.90927 1.90625 1.90656 1.90222 1.89911 1.90264 1.90871 1.91 1.91894 1.91397 1.91664 1.91755 1.91838 1.91939 1.92001 1.91839 1.91759 1.91456 1.91954 1.92266 1.92459 1.93184 1.93831 1.93474 1.92888 1.92348 1.92647 1.92154 
1.6825 1.6828 1.68994 1.68716 1.68692 1.68516 1.68803 1.6887 1.69 1.69225 1.70089 1.70154 1.69486 1.69411 1.70324 1.70181 1.70702 1.70854 1.70386 1.70632 1.70349 1.70463 1.70686 1.70094 1.70497 1.71207 1.7146 1.71247 1.71178 1.71078 1.7106 
1.48168 1.47808 1.48154 1.47995 1.48087 1.48188 1.48784 1.48659 1.48804 1.49201 1.49737 1.49656 1.49746 1.49887 1.49634 1.50494 1.50517 1.50628 1.50573 1.50967 1.51367 1.50833 1.50707 1.50522 1.50635 1.50917 1.51231 1.51019 1.50837 1.51063 1.51034 
1.29009 1.29711 1.30015 1.28868 1.28926 1.29331 1.29564 1.2945 1.29453 1.30175 1.30974 1.31489 1.31483 1.31365 1.31027 1.3114 1.31651 1.32032 1.32478 1.32519 1.32156 1.32448 1.32777 1.32694 1.32457 1.33035 1.32522 1.32944 1.32477 1.32489 1.32295 
1.12325 1.12577 1.12617 1.12775 1.12578 1.12352 1.12735 1.12636 1.13485 1.13851 1.13684 1.14425 1.14648 1.14893 1.15577 1.14513 1.14219 1.14343 1.14151 1.14745 1.14796 1.15227 1.157 1.15715 1.15738 1.15519 1.16138 1.15786 1.15717 1.15471 1.15562 
0.969471 0.969839 0.977361 0.979457 0.978108 0.97299 0.972603 0.978126 0.977496 0.982004 0.988914 0.988073 0.997776 0.9947 0.997074 0.998639 0.998825 0.995198 0.99371 0.992208 0.99333 1.00061 0.998986 1.0011 1.00231 1.00209 0.998225 1.00178 1.00123 1.00085 1.00064 
0.835815 0.836308 0.83585 0.839959 0.83758 0.838748 0.842903 0.844131 0.844699 0.847153 0.84971 0.850182 0.8513 0.854867 0.854381 0.856986 0.854841 0.853249 0.853017 0.853988 0.855727 0.857744 0.861053 0.867221 0.863149 0.862065 0.861926 0.862566 0.866263 0.866843 0.86763 
