raw_data/indice_UV/uvmar.txt
ncols         31
nrows         29
xllcorner     110.25
yllcorner     -51.42
cellsize      1.5
NODATA_value  -9999
13.9521 13.9446 13.904 13.8291 13.8058 13.8236 13.8352 13.9061 13.8927 13.8767 13.9103 13.9685 13.969 13.9401 13.9485 13.9639 13.9823 13.9922 14.0501 14.0264 14.0659 14.15 14.2448 14.3948 14.4271 14.263 14.1853 14.1482 14.1265 14.1317 14.1153 
13.8655 13.8502 13.756 13.6842 13.714 13.7065 13.7456 13.7927 13.6703 13.6617 13.7826 13.83 13.8726 13.8585 13.8258 13.8452 13.8003 13.7669 13.788 13.7848 13.8625 13.8969 13.9692 14.0884 14.0534 14.0528 14.0014 14.0493 14.0511 14.0598 14.0811 
13.6305 13.6579 13.6414 13.6071 13.6169 13.6106 13.6556 13.6017 13.5957 13.6191 13.6373 13.6103 13.6648 13.6968 13.724 13.7019 13.6589 13.6449 13.6641 13.6334 13.6813 13.6781 13.7574 13.8691 13.8459 13.7965 13.7933 13.8039 13.864 13.9184 13.9558 
13.3969 13.4511 13.4557 13.4382 13.4453 13.4597 13.4812 13.4792 13.4882 13.4835 13.4453 13.5028 13.5201 13.4892 13.5336 13.5158 13.4877 13.5237 13.5151 13.4798 13.4867 13.4312 13.5955 13.691 13.6548 13.6272 13.5866 13.6511 13.6752 13.7449 13.7632 
13.2294 13.2417 13.2431 13.2298 13.2472 13.2587 13.2767 13.2815 13.2911 13.3101 13.3406 13.342 13.3303 13.2551 13.2853 13.2759 13.304 13.3555 13.3445 13.3272 13.2854 13.2053 13.328 13.4276 13.4718 13.4671 13.471 13.4898 13.5068 13.5142 13.569 
13.0353 13.0356 13.0457 13.0744 13.0758 13.0496 13.07 13.0444 13.1079 13.1296 13.1438 13.1435 13.1617 13.1406 13.1059 13.085 13.1088 13.1014 13.1047 13.1459 13.0617 13.0315 13.0692 13.1583 13.2634 13.2541 13.2446 13.2571 13.2704 13.2931 13.3674 
12.802 12.8098 12.8304 12.8656 12.8329 12.8393 12.7777 12.7917 12.8299 12.8802 12.9731 12.9801 12.9608 12.9437 12.9291 12.9354 12.953 12.899 12.8369 12.8735 12.838 12.8434 12.8953 12.8455 12.9822 12.9617 13.0224 13.0215 13.025 13.0383 13.031 
12.5231 12.527 12.5634 12.5908 12.5806 12.5519 12.568 12.5354 12.5842 12.6195 12.7172 12.7232 12.7336 12.7141 12.7188 12.7353 12.7201 12.6541 12.6129 12.5655 12.5651 12.599 12.6599 12.5907 12.6669 12.6743 12.6593 12.6565 12.6497 12.6665 12.6829 
12.2286 12.2372 12.257 12.2414 12.2415 12.2599 12.3049 12.3241 12.347 12.3718 12.4289 12.4505 12.443 12.4525 12.4673 12.4475 12.4334 12.3709 12.3138 12.2904 12.2812 12.3218 12.3386 12.2886 12.3001 12.249 12.2348 12.2899 12.2926 12.3187 12.3307 
11.9219 11.9006 11.897 11.9073 11.987 12.0294 12.0926 12.1126 12.1129 12.1267 12.1475 12.1724 12.1582 12.169 12.1563 12.1683 12.1169 12.0265 11.9697 11.9842 11.9664 11.9721 12.0063 11.9811 11.9332 11.8883 11.9123 11.8808 11.9196 11.9373 11.9541 
11.5085 11.509 11.5233 11.5985 11.6736 11.7344 11.7843 11.811 11.7942 11.7604 11.7495 11.8335 11.7954 11.7839 11.7989 11.765 11.6947 11.5999 11.5476 11.5959 11.5884 11.6026 11.582 11.6004 11.5668 11.4864 11.4837 11.4542 11.5158 11.5364 11.5347 
11.0907 11.0588 11.0825 11.2098 11.2734 11.3309 11.3729 11.3854 11.3744 11.3627 11.3517 11.3592 11.3654 11.3427 11.3494 11.3066 11.2339 11.1563 11.1314 11.2047 11.157 11.1479 11.1246 11.1442 11.1452 11.116 11.0475 10.9967 11.0695 11.0823 11.0507 
10.6415 10.6195 10.6593 10.7758 10.8687 10.8974 10.9298 10.9537 10.9795 10.9434 10.9085 10.9149 10.9183 10.9 10.8609 10.8389 10.8154 10.7732 10.8269 10.8263 10.7715 10.7166 10.7004 10.6782 10.7135 10.7091 10.6731 10.6172 10.5616 10.6513 10.658 
10.1837 10.1585 10.1922 10.3338 10.3952 10.4516 10.4785 10.4942 10.4819 10.4365 10.4085 10.4082 10.4062 10.3865 10.3558 10.3618 10.3901 10.3865 10.4734 10.4366 10.343 10.3066 10.2447 10.238 10.2331 10.2547 10.29 10.2287 10.1298 10.2239 10.1952 
9.71151 9.72336 9.74508 9.86801 9.90983 9.96032 9.98577 9.99767 9.97787 9.93137 9.92445 9.90325 9.87309 9.86413 9.85413 9.86285 9.90464 9.96596 9.98888 9.97002 9.8946 9.85763 9.78498 9.79008 9.82287 9.83646 9.82871 9.78875 9.62439 9.74184 9.72996 
9.26144 9.28638 9.32428 9.39306 9.49279 9.50645 9.47397 9.45019 9.45962 9.43786 9.43154 9.40253 9.37969 9.36568 9.36659 9.38207 9.40489 9.43145 9.4828 9.48813 9.43147 9.39604 9.33833 9.31499 9.34001 9.38985 9.36777 9.31913 9.22146 9.30509 9.29066 
8.84682 8.83297 8.85412 8.88549 9.00058 9.05117 9.00026 8.9954 8.93383 8.91313 8.89387 8.84771 8.84189 8.8443 8.86567 8.89632 8.95334 8.99337 8.99695 8.99135 8.93673 8.93565 8.90441 8.87894 8.92354 8.95609 8.89942 8.79335 8.82182 8.84491 8.83006 
8.38253 8.39776 8.41674 8.40768 8.48123 8.52256 8.49484 8.4954 8.47545 8.44841 8.44825 8.47201 8.45236 8.41493 8.42098 8.43192 8.47462 8.4672 8.51048 8.50504 8.482 8.47739 8.50371 8.52266 8.54514 8.56136 8.45364 8.41388 8.43234 8.41779 8.37569 
7.98068 7.95302 7.98886 7.98092 7.97308 8.01765 8.02745 8.0413 8.04932 8.04957 8.04585 8.05561 8.03862 8.03099 8.03292 8.02838 8.02123 8.00757 8.01786 8.04866 8.08736 8.09411 8.1265 8.12911 8.15188 8.16526 8.07099 8.04112 8.01791 7.99681 7.96214 
7.51816 7.56626 7.58342 7.579 7.58706 7.59577 7.60412 7.63844 7.62831 7.6285 7.62684 7.62794 7.6245 7.62507 7.62952 7.63697 7.6412 7.6218 7.62611 7.6292 7.67211 7.67416 7.69304 7.70624 7.71646 7.66609 7.63958 7.64669 7.63623 7.59901 7.57692 
7.10066 7.12382 7.1531 7.14236 7.14325 7.15786 7.17371 7.16564 7.20019 7.22908 7.22163 7.21969 7.23316 7.20235 7.21293 7.2377 7.24335 7.24529 7.23149 7.23201 7.23265 7.23934 7.24748 7.25444 7.28267 7.26813 7.27291 7.24898 7.2416 7.21116 7.21041 
6.69439 6.72489 6.70191 6.71508 6.71878 6.73637 6.74843 6.76542 6.77962 6.7878 6.7988 6.80891 6.82038 6.82046 6.82068 6.83216 6.8368 6.84363 6.85305 6.84074 6.84947 6.86467 6.87158 6.89392 6.90755 6.90126 6.8815 6.87578 6.86269 6.83056 6.81967 
6.31617 6.33572 6.34527 6.33322 6.33078 6.34611 6.36328 6.38485 6.40846 6.41368 6.42076 6.42926 6.43767 6.44766 6.45542 6.46222 6.47049 6.47898 6.47754 6.48978 6.51518 6.52944 6.51245 6.52443 6.55395 6.5393 6.5104 6.49277 6.47968 6.48058 6.49101 
5.93555 5.91491 5.94157 5.95984 5.95904 5.95066 5.98883 5.98637 6.00461 6.00195 6.01601 6.02415 6.05332 6.04788 6.06021 6.07271 6.08176 6.09611 6.10656 6.11944 6.11626 6.12995 6.13466 6.11027 6.14689 6.15069 6.13698 6.13282 6.1349 6.12753 6.12558 
5.50737 5.51255 5.53038 5.53582 5.54428 5.55217 5.56719 5.57515 5.5849 5.59126 5.61666 5.61556 5.60615 5.63286 5.65972 5.66424 5.66304 5.70442 5.71885 5.71491 5.73449 5.73167 5.73451 5.73432 5.74192 5.75304 5.74897 5.75447 5.76797 5.75756 5.76798 
5.11268 5.12557 5.12346 5.13318 5.14115 5.15465 5.16707 5.15799 5.17853 5.18191 5.19962 5.19357 5.22401 5.23526 5.24495 5.27494 5.271 5.28239 5.30017 5.30942 5.30691 5.34206 5.33582 5.34004 5.3454 5.34669 5.3683 5.37055 5.37787 5.38243 5.38731 
4.74956 4.73482 4.73264 4.74183 4.75185 4.77112 4.77365 4.76841 4.77289 4.79081 4.79089 4.79575 4.82388 4.83181 4.84747 4.85844 4.8705 4.86212 4.89011 4.902 4.90326 4.9208 4.93011 4.94233 4.94766 4.95738 4.95015 4.95308 4.95748 4.96622 4.983 
4.34429 4.36139 4.34921 4.36935 4.3777 4.38591 4.37849 4.38068 4.37624 4.38683 4.39603 4.40742 4.42408 4.44119 4.45458 4.44611 4.45171 4.47389 4.4821 4.50311 4.50693 4.51008 4.52191 4.53905 4.55896 4.56335 4.55511 4.56211 4.56336 4.57233 4.58208 
3.98801 3.98374 3.97946 3.98971 4.00751 4.02985 4.01897 4.01414 4.00569 4.00672 4.01541 4.03478 4.04802 4.06158 4.06478 4.07725 4.08308 4.08697 4.09311 4.10052 4.12423 4.13286 4.14174 4.16368 4.1633 4.17212 4.17861 4.1885 4.1924 4.19418 4.2115 
