raw_data/indice_UV/uvnov.txt
ncols         31
nrows         29
xllcorner     110.25
yllcorner     -51.42
cellsize      1.5
NODATA_value  -9999
13.4576 13.4601 13.3803 13.3528 13.3564 13.3847 13.3772 13.421 13.3855 13.3628 13.4021 13.4562 13.4532 13.3996 13.3529 13.3617 13.3513 13.4211 13.5116 13.5053 13.4903 13.5225 13.7035 13.877 13.9265 13.8074 13.7736 13.7068 13.7127 13.7688 13.761 
13.5432 13.5095 13.4357 13.4533 13.4505 13.415 13.4001 13.3973 13.374 13.3691 13.4442 13.4579 13.4155 13.4267 13.4153 13.3802 13.3653 13.3937 13.4707 13.5015 13.4947 13.5548 13.6931 13.7834 13.7484 13.7199 13.7207 13.758 13.7755 13.771 13.8084 
13.5383 13.5282 13.5152 13.5131 13.5059 13.5129 13.4727 13.4458 13.4598 13.4858 13.4801 13.4644 13.4408 13.4635 13.4709 13.4245 13.4231 13.3749 13.3769 13.4182 13.4773 13.5233 13.6106 13.6604 13.6725 13.6896 13.6456 13.6821 13.7235 13.7574 13.758 
13.5002 13.4636 13.5095 13.4976 13.5166 13.5341 13.5249 13.5093 13.5093 13.5139 13.4831 13.4224 13.4819 13.4675 13.4645 13.4267 13.399 13.4261 13.4181 13.4305 13.4392 13.368 13.5464 13.6327 13.64 13.6201 13.66 13.6123 13.6574 13.6773 13.6823 
13.4501 13.4675 13.4822 13.4902 13.5016 13.5006 13.4998 13.4932 13.5007 13.5061 13.5079 13.4798 13.4818 13.4278 13.414 13.4088 13.419 13.4078 13.3948 13.4015 13.3902 13.3797 13.4264 13.4693 13.519 13.5168 13.5414 13.5239 13.5526 13.5823 13.6056 
13.4193 13.4365 13.4433 13.4433 13.4536 13.4677 13.478 13.4404 13.4886 13.5229 13.5473 13.5694 13.517 13.4675 13.4362 13.4437 13.4055 13.4107 13.3737 13.3877 13.4112 13.3502 13.3219 13.3621 13.443 13.4569 13.4515 13.4593 13.5033 13.4844 13.4928 
13.3314 13.3801 13.3762 13.3749 13.4075 13.4301 13.4032 13.3942 13.4114 13.4859 13.5622 13.568 13.5437 13.512 13.5024 13.4977 13.4723 13.3481 13.3105 13.3512 13.3546 13.3194 13.3344 13.2759 13.3641 13.3924 13.3624 13.3629 13.3704 13.3756 13.3936 
13.1898 13.2124 13.1976 13.2339 13.2481 13.2244 13.2545 13.2843 13.3002 13.3643 13.4018 13.4436 13.4577 13.4301 13.3919 13.3978 13.4389 13.3469 13.261 13.206 13.1995 13.2226 13.2491 13.1408 13.1819 13.2142 13.1819 13.1731 13.1705 13.1661 13.1776 
12.9656 12.9982 13.0147 13.0202 13.0594 13.0867 13.1552 13.1825 13.1657 13.2179 13.2375 13.2598 13.235 13.2612 13.2695 13.2471 13.2205 13.1993 13.1156 13.0613 13.0657 13.0596 13.0672 13.0035 12.9246 12.919 12.9433 12.9253 12.9286 12.9339 12.9424 
12.7495 12.7837 12.7785 12.8049 12.9207 13.0204 13.0468 13.0756 13.0618 13.0731 13.0867 13.0801 13.0703 13.0715 13.078 13.0804 12.9981 12.9497 12.9158 12.8509 12.8797 12.9053 12.887 12.8589 12.7407 12.7114 12.7037 12.6667 12.6897 12.7126 12.7106 
12.4922 12.5197 12.525 12.6206 12.7242 12.7969 12.8459 12.8811 12.8762 12.8253 12.807 12.872 12.8332 12.8122 12.8228 12.8022 12.7427 12.6552 12.6073 12.6462 12.6113 12.619 12.6247 12.5993 12.5485 12.4386 12.4115 12.4157 12.4385 12.4166 12.3922 
12.1706 12.192 12.2154 12.3491 12.4291 12.4893 12.5333 12.5455 12.5377 12.5212 12.5122 12.5036 12.5221 12.5306 12.4794 12.4308 12.3563 12.2987 12.3065 12.3936 12.3318 12.2791 12.2873 12.2869 12.275 12.2067 12.1229 12.0825 12.1044 12.1041 12.0704 
11.8773 11.899 11.931 12.0365 12.1333 12.2152 12.2106 12.2438 12.2487 12.1994 12.1779 12.1718 12.1836 12.1902 12.1566 12.1347 12.1063 12.041 12.1301 12.1627 12.0801 12.0042 11.9794 11.9764 12.0044 11.9831 11.9113 11.8243 11.7821 11.834 11.7921 
11.5565 11.5425 11.6034 11.6982 11.7347 11.8011 11.8757 11.8751 11.8779 11.8488 11.8349 11.8377 11.7933 11.7899 11.7706 11.774 11.8149 11.8474 11.8899 11.8824 11.7869 11.75 11.6693 11.6299 11.6587 11.6629 11.6304 11.5827 11.4666 11.5136 11.4575 
11.2046 11.236 11.23 11.3337 11.3702 11.4403 11.4599 11.4465 11.4492 11.4265 11.3931 11.3955 11.3687 11.3636 11.3521 11.3641 11.4344 11.4621 11.5198 11.5219 11.4408 11.4082 11.3066 11.3284 11.3619 11.3703 11.2991 11.271 11.1436 11.1856 11.1203 
10.8437 10.8743 10.9133 10.9376 11.0016 11.0646 11.0299 11.0521 11.0345 11.0195 11.0008 10.979 10.9666 10.9412 10.9495 10.9763 10.9685 11.0468 11.1157 11.1423 11.0745 11.0049 10.992 10.9747 10.9999 10.9909 10.9745 10.9062 10.7934 10.8751 10.8334 
10.5236 10.5332 10.5565 10.557 10.6106 10.6788 10.6603 10.6381 10.6039 10.5544 10.5474 10.5291 10.5196 10.51 10.5591 10.582 10.6702 10.6923 10.7008 10.7101 10.6611 10.6515 10.6352 10.6183 10.6383 10.6515 10.6183 10.5201 10.5304 10.5332 10.5148 
10.1273 10.144 10.169 10.1179 10.1608 10.202 10.1921 10.2252 10.1948 10.1936 10.1977 10.206 10.1757 10.2046 10.2045 10.2087 10.2014 10.2443 10.2606 10.2805 10.2673 10.281 10.2817 10.3085 10.3187 10.3516 10.2492 10.2005 10.2081 10.1895 10.136 
9.78293 9.78374 9.79906 9.78055 9.77611 9.8192 9.82851 9.83087 9.82846 9.84223 9.8358 9.84629 9.84953 9.83985 9.86057 9.86989 9.85886 9.85476 9.84284 9.85786 9.88998 9.91789 9.92332 9.96315 9.9793 10.0284 9.95685 9.91332 9.85711 9.82637 9.78957 
9.43675 9.44094 9.43702 9.45219 9.46596 9.46281 9.46602 9.46143 9.45823 9.45072 9.46104 9.47731 9.49356 9.50424 9.51064 9.53077 9.49263 9.49861 9.49676 9.45146 9.48643 9.51012 9.55946 9.5908 9.63244 9.60499 9.62058 9.54562 9.53067 9.49639 9.4734 
9.08182 9.0507 9.0935 9.09678 9.09476 9.09293 9.11747 9.10152 9.10434 9.11255 9.10249 9.11648 9.13761 9.14994 9.15709 9.15633 9.15217 9.15111 9.1346 9.13077 9.12852 9.14239 9.18112 9.19821 9.25361 9.2581 9.26848 9.19445 9.17236 9.1464 9.14154 
8.74346 8.73733 8.73584 8.74109 8.7666 8.74971 8.7475 8.75359 8.73968 8.77439 8.78752 8.79246 8.7743 8.81892 8.83791 8.84415 8.84692 8.80786 8.79676 8.80102 8.83353 8.82914 8.86674 8.88226 8.90608 8.87756 8.88412 8.84264 8.81144 8.78796 8.79071 
8.4228 8.41435 8.41271 8.43516 8.435 8.41289 8.41905 8.43729 8.45543 8.47214 8.46509 8.47042 8.46365 8.4853 8.49675 8.50739 8.51404 8.51058 8.47934 8.48925 8.50436 8.52875 8.51364 8.50144 8.54627 8.52581 8.52286 8.50169 8.46912 8.43339 8.4619 
8.07042 8.07448 8.07311 8.08734 8.10618 8.11073 8.12166 8.10045 8.12043 8.13211 8.13429 8.13255 8.13267 8.1369 8.14622 8.15946 8.16195 8.13927 8.14408 8.16437 8.15969 8.17827 8.15663 8.11585 8.14992 8.15569 8.16409 8.15899 8.15121 8.12799 8.1292 
7.69791 7.70329 7.7221 7.73323 7.73514 7.75257 7.75633 7.75949 7.75667 7.78008 7.77151 7.76502 7.77297 7.77865 7.78559 7.79345 7.79022 7.79895 7.80017 7.81245 7.80044 7.81658 7.84557 7.81641 7.81075 7.81799 7.81185 7.81195 7.80254 7.79836 7.79458 
7.3287 7.33881 7.34417 7.37364 7.35595 7.39816 7.38845 7.40644 7.40419 7.39527 7.39978 7.40717 7.40185 7.42336 7.42409 7.44545 7.45153 7.45523 7.43721 7.44479 7.4655 7.48373 7.4872 7.47547 7.49651 7.49781 7.49554 7.46782 7.4626 7.45947 7.45912 
6.99724 6.99256 6.98994 6.99452 6.99482 6.99209 6.99783 7.0238 7.05513 7.04556 7.05911 7.06543 7.06751 7.06125 7.06087 7.07612 7.07272 7.10082 7.09389 7.07866 7.10495 7.14195 7.14368 7.13518 7.13374 7.15059 7.14628 7.14391 7.14079 7.13579 7.1375 
6.60049 6.62877 6.60943 6.59869 6.63189 6.62745 6.62894 6.63565 6.64167 6.64751 6.66854 6.661 6.67463 6.67605 6.66818 6.65696 6.66559 6.68815 6.69464 6.70033 6.70988 6.71902 6.73822 6.76584 6.75783 6.72933 6.74719 6.74741 6.75092 6.75245 6.75453 
6.74618 6.75091 6.75469 6.74283 6.75233 6.77512 6.7828 6.78768 6.78993 6.79198 6.79339 6.80467 6.81492 6.81635 6.81207 6.81925 6.8098 6.80716 6.83735 6.83765 6.84406 6.85163 6.85341 6.84829 6.85998 6.86886 6.73553 6.89491 6.87962 6.89602 6.90411 
