raw_data/indice_UV/uvoct.txt
ncols         31
nrows         29
xllcorner     110.25
yllcorner     -51.42
cellsize      1.5
NODATA_value  -9999
13.6384 13.6473 13.6201 13.6006 13.5987 13.6129 13.6772 13.6336 13.6122 13.5769 13.5633 13.5895 13.6242 13.6175 13.6071 13.5941 13.6207 13.728 13.8149 13.8038 13.8007 13.8179 13.9839 14.1275 14.2133 14.1332 14.0887 13.9809 13.9708 13.9779 13.977 
13.5448 13.5099 13.4753 13.4612 13.4481 13.4598 13.4808 13.5019 13.4157 13.4408 13.4691 13.5361 13.5366 13.5132 13.4721 13.482 13.4719 13.548 13.594 13.6289 13.6547 13.7096 13.8435 13.9009 13.8633 13.8421 13.8656 13.8754 13.853 13.8521 13.8621 
13.3168 13.3433 13.3329 13.3409 13.3122 13.3202 13.3613 13.3614 13.3433 13.3649 13.3892 13.4028 13.4038 13.4112 13.4497 13.4734 13.4219 13.3804 13.3254 13.3914 13.4636 13.5439 13.6177 13.6821 13.6945 13.6346 13.6155 13.6729 13.6563 13.6435 13.6797 
13.1599 13.182 13.1548 13.186 13.1857 13.2161 13.241 13.2637 13.2477 13.2473 13.2279 13.2687 13.2482 13.2674 13.267 13.2964 13.2566 13.2377 13.1748 13.1826 13.1824 13.1871 13.326 13.3979 13.4405 13.4319 13.4361 13.4383 13.4374 13.4441 13.4592 
12.9649 12.9313 12.9805 13.0136 13.0083 13.0157 13.0376 13.06 13.0581 13.086 13.1058 13.1113 13.0826 13.0184 13.0327 13.0399 13.0348 13.0237 12.9732 12.9705 12.977 12.9302 13.0275 13.1113 13.118 13.0906 13.1026 13.1025 13.1124 13.1355 13.1876 
12.765 12.7707 12.7487 12.7837 12.8039 12.8001 12.7764 12.8147 12.8577 12.9151 12.9477 12.9785 12.9252 12.8815 12.8401 12.8412 12.836 12.811 12.7516 12.7418 12.8047 12.7675 12.7603 12.8291 12.8752 12.8496 12.7888 12.8504 12.8737 12.8745 12.8932 
12.5307 12.5605 12.5587 12.5456 12.5702 12.5469 12.5571 12.5981 12.6529 12.6797 12.7526 12.7711 12.7485 12.7065 12.671 12.7092 12.7052 12.5887 12.5601 12.5854 12.5824 12.5599 12.5869 12.5951 12.6333 12.6212 12.5778 12.5663 12.5646 12.5914 12.5928 
12.2154 12.1787 12.2015 12.2284 12.2363 12.2409 12.2372 12.3011 12.3272 12.3554 12.4434 12.4563 12.4761 12.4545 12.4095 12.4599 12.5124 12.415 12.3368 12.2834 12.2679 12.2495 12.3275 12.2814 12.2573 12.2528 12.2168 12.1996 12.1512 12.1862 12.1725 
11.845 11.8091 11.8488 11.8785 11.9109 11.9263 12.0053 12.0285 12.0545 12.0736 12.087 12.1213 12.1463 12.1507 12.1381 12.1285 12.14 12.1195 12.0387 11.9789 11.961 11.9536 11.9675 11.9402 11.9081 11.8701 11.8438 11.8132 11.7805 11.7896 11.78 
11.4828 11.4542 11.4983 11.5348 11.6282 11.7189 11.7403 11.7601 11.779 11.7804 11.7802 11.7912 11.7932 11.8367 11.8273 11.8242 11.8015 11.719 11.6796 11.6223 11.6043 11.6222 11.6332 11.6008 11.5512 11.4971 11.4817 11.4187 11.3982 11.4101 11.4046 
11.0832 11.0728 11.1259 11.2028 11.2896 11.3632 11.4224 11.4281 11.4289 11.4057 11.3858 11.4325 11.4375 11.4472 11.4387 11.4158 11.3708 11.2777 11.2369 11.2766 11.2386 11.2545 11.2215 11.2045 11.1685 11.1198 11.0845 11.0433 11.0034 11.0005 10.9873 
10.6538 10.6656 10.7171 10.8018 10.8759 10.9298 10.9814 11.0304 11.0051 10.974 10.9857 10.9937 11.0182 11.0188 10.975 10.9443 10.8738 10.8025 10.7934 10.8585 10.8235 10.7707 10.7892 10.7634 10.7576 10.7211 10.6402 10.5992 10.5859 10.5818 10.5531 
10.2408 10.2465 10.296 10.3856 10.4778 10.5317 10.5749 10.588 10.5884 10.5815 10.5648 10.5711 10.541 10.541 10.5193 10.4998 10.4469 10.4213 10.4777 10.4997 10.4379 10.3703 10.3598 10.3461 10.356 10.353 10.2936 10.2183 10.1509 10.1715 10.1387 
9.80423 9.80018 9.82145 9.93167 10.0007 10.0563 10.0897 10.0998 10.1082 10.0712 10.0751 10.0879 10.0559 10.0611 10.0361 10.0171 10.0322 10.0508 10.0967 10.0769 9.99691 9.97056 9.90605 9.89796 9.9073 9.89883 9.87487 9.84338 9.76788 9.75344 9.70835 
9.34083 9.36535 9.36133 9.43927 9.4957 9.54899 9.577 9.5788 9.57664 9.5658 9.53231 9.53148 9.52204 9.49667 9.47754 9.47325 9.5237 9.60644 9.58062 9.58792 9.534 9.4898 9.42392 9.41962 9.45294 9.45746 9.43169 9.41439 9.30417 9.31102 9.26754 
8.88207 8.90347 8.93303 8.96387 9.01633 9.06807 9.05489 9.07231 9.0534 9.03066 9.03272 9.01891 8.9993 8.96608 8.98487 8.99424 8.9808 9.03604 9.06727 9.08389 9.0421 9.00808 8.98794 8.94223 8.95499 8.97056 8.98375 8.94072 8.86333 8.88132 8.84103 
8.47413 8.45938 8.48442 8.47679 8.54339 8.60116 8.60068 8.58001 8.55765 8.52501 8.50449 8.49592 8.46485 8.4651 8.4864 8.50169 8.52309 8.57546 8.57069 8.57732 8.54588 8.5205 8.50142 8.4951 8.52577 8.56061 8.54769 8.46958 8.44508 8.44708 8.40972 
7.99532 8.01071 7.99826 7.99058 8.0446 8.08417 8.10114 8.05628 8.04857 8.04614 8.05558 8.0412 8.03284 8.02981 8.04265 8.03432 8.02177 8.05927 8.05152 8.05343 8.05902 8.07044 8.06192 8.08298 8.1052 8.14619 8.10532 8.05943 8.02849 8.00412 7.96841 
7.60911 7.58324 7.59335 7.57487 7.57996 7.60005 7.6357 7.62059 7.61859 7.60922 7.59844 7.60019 7.59925 7.60259 7.60994 7.59641 7.60634 7.61306 7.58884 7.59214 7.61771 7.64238 7.63976 7.67526 7.70378 7.75463 7.72165 7.65872 7.61632 7.5634 7.53073 
7.17642 7.17773 7.20504 7.1921 7.21096 7.20151 7.20424 7.21272 7.21047 7.20593 7.19865 7.19128 7.19397 7.19356 7.20452 7.1934 7.20044 7.20567 7.20803 7.16496 7.17788 7.19364 7.22983 7.26596 7.32658 7.3012 7.28772 7.24071 7.20854 7.17816 7.14431 
6.80739 6.79382 6.79307 6.78538 6.78966 6.79162 6.7966 6.79041 6.79729 6.81608 6.80329 6.7899 6.81593 6.8193 6.81345 6.81797 6.79735 6.79592 6.79566 6.77594 6.77678 6.78273 6.81383 6.83513 6.88328 6.88996 6.86829 6.84406 6.8074 6.78976 6.79642 
6.43159 6.4043 6.39613 6.38729 6.38203 6.40596 6.4107 6.41903 6.42288 6.42418 6.42409 6.4209 6.4188 6.42863 6.44119 6.42327 6.42319 6.42052 6.40656 6.40816 6.43429 6.42642 6.45873 6.45902 6.47559 6.47356 6.45963 6.45653 6.41604 6.40685 6.42189 
6.05666 6.07251 6.05233 6.05196 6.03482 6.03616 6.04197 6.0382 6.06163 6.05997 6.0555 6.05376 6.05606 6.07413 6.07279 6.07047 6.08393 6.07486 6.07172 6.07107 6.06439 6.08404 6.05646 6.06235 6.09191 6.09731 6.07698 6.06667 6.05551 6.05863 6.05594 
5.69743 5.70423 5.6913 5.69925 5.69593 5.68794 5.66922 5.71913 5.71627 5.70441 5.71855 5.69311 5.6968 5.70544 5.71254 5.70846 5.73275 5.71799 5.71434 5.70999 5.69945 5.7229 5.71882 5.66644 5.71335 5.74134 5.71691 5.71904 5.73317 5.71841 5.7247 
5.33015 5.33054 5.33276 5.34243 5.34165 5.34883 5.35744 5.36974 5.36272 5.36937 5.37146 5.36015 5.35261 5.34868 5.35208 5.36182 5.37054 5.38209 5.36799 5.37113 5.36607 5.36446 5.37086 5.3511 5.35764 5.35899 5.37877 5.38752 5.39166 5.39433 5.39733 
4.99321 4.98846 5.00984 4.99553 4.99699 4.99542 5.02055 5.02701 5.02811 5.01795 5.01431 5.0307 5.02784 5.00957 5.01009 5.03578 5.02807 5.03242 5.02495 5.01668 5.03854 5.03442 5.04272 5.0413 5.0397 5.04565 5.05276 5.05604 5.06337 5.06512 5.07174 
4.65364 4.65497 4.67375 4.66205 4.6689 4.67301 4.66812 4.68693 4.69489 4.68872 4.69184 4.69574 4.70255 4.71165 4.7016 4.71184 4.70501 4.72212 4.70857 4.70933 4.7128 4.72127 4.72947 4.72401 4.72365 4.73027 4.73837 4.73694 4.74392 4.74503 4.75315 
4.36054 4.34599 4.34932 4.35796 4.35088 4.34343 4.34613 4.3496 4.35274 4.36261 4.37256 4.39682 4.38602 4.40254 4.39758 4.39295 4.3926 4.4218 4.39858 4.40324 4.40601 4.39199 4.41564 4.41331 4.41096 4.41615 4.41945 4.44152 4.43672 4.4367 4.44311 
4.05436 4.06198 4.06697 4.06464 4.06817 4.06331 4.05426 4.05603 4.06911 4.07382 4.08652 4.09446 4.09024 4.08047 4.09256 4.10239 4.10398 4.10226 4.10071 4.11194 4.1215 4.11918 4.12592 4.12236 4.12201 4.13012 4.12903 4.13669 4.1301 4.13419 4.14132 
