raw_data/indice_UV/uvsep.txt
ncols         31
nrows         29
xllcorner     110.25
yllcorner     -51.42
cellsize      1.5
NODATA_value  -9999
12.9285 12.9202 12.8602 12.8208 12.8034 12.8443 12.8627 12.8294 12.8362 12.8373 12.8187 12.8554 12.8722 12.8493 12.8632 12.8617 12.9132 13.0591 13.096 13.0766 13.0873 13.1287 13.2214 13.3188 13.4119 13.3382 13.2549 13.1533 13.0951 13.064 13.0911 
12.6203 12.5887 12.5894 12.567 12.561 12.5287 12.5326 12.5549 12.5167 12.5243 12.6102 12.5895 12.6137 12.6386 12.6506 12.6497 12.6336 12.7114 12.7643 12.8206 12.8245 12.8747 12.8989 12.9511 12.9474 12.9489 12.8731 12.8956 12.8293 12.8452 12.8819 
12.2746 12.2847 12.2708 12.2506 12.2523 12.2677 12.2314 12.2556 12.253 12.2693 12.3269 12.3476 12.3411 12.3863 12.3767 12.384 12.4177 12.3705 12.3745 12.3895 12.4249 12.5316 12.6022 12.6175 12.5904 12.5486 12.5052 12.5346 12.5303 12.5285 12.5412 
11.8975 11.9224 11.9223 11.8888 11.8965 11.9463 11.9594 11.9602 11.9725 11.985 12.0138 12.013 12.0221 12.0597 12.073 12.0557 12.0717 12.0556 12.0517 12.0547 12.0335 12.0554 12.1633 12.1552 12.2005 12.1953 12.1933 12.1858 12.1861 12.2105 12.2259 
11.5558 11.5684 11.5842 11.5863 11.5993 11.6155 11.6204 11.6309 11.6544 11.7139 11.7595 11.7231 11.7169 11.7165 11.7111 11.7022 11.7133 11.732 11.6705 11.6482 11.68 11.6617 11.7684 11.7508 11.7469 11.7542 11.8203 11.7869 11.7976 11.8126 11.8334 
11.218 11.2367 11.2568 11.266 11.2565 11.2728 11.2761 11.2919 11.3384 11.3895 11.4515 11.4894 11.4352 11.3927 11.3816 11.3607 11.3318 11.3466 11.3166 11.2949 11.3257 11.3408 11.3545 11.3444 11.3511 11.3662 11.3695 11.3801 11.4077 11.4038 11.4223 
10.8539 10.8764 10.8934 10.9126 10.9026 10.915 10.9079 10.912 10.9894 11.0507 11.1113 11.1358 11.1132 11.08 11.0492 11.0495 11.0412 10.9843 10.9709 10.9923 10.9893 10.9863 11.0205 10.9839 10.9659 10.9859 10.9641 10.9638 10.9861 10.9708 10.9749 
10.3851 10.4102 10.4426 10.4721 10.4533 10.4908 10.4937 10.5378 10.5523 10.6065 10.6514 10.6942 10.7028 10.6785 10.6595 10.6806 10.6755 10.6431 10.6013 10.5568 10.5626 10.5585 10.594 10.544 10.5273 10.5207 10.4895 10.4831 10.5114 10.5138 10.5118 
9.92757 9.95436 9.95534 10.0036 10.0609 10.1007 10.1531 10.1436 10.1658 10.1988 10.2233 10.2419 10.2611 10.264 10.2652 10.2563 10.2432 10.2007 10.1735 10.1179 10.1371 10.1402 10.1416 10.1077 10.0526 10.0394 10.0132 9.99547 9.99538 9.99397 10.0075 
9.49434 9.49242 9.5351 9.58786 9.6938 9.74662 9.76995 9.78803 9.78754 9.80186 9.81639 9.81645 9.81177 9.83037 9.84055 9.84031 9.79181 9.76487 9.7322 9.68795 9.6842 9.70611 9.7157 9.68048 9.64522 9.59657 9.59728 9.54224 9.5264 9.53516 9.53595 
9.00075 9.03241 9.07879 9.16717 9.24426 9.28672 9.35471 9.3685 9.36551 9.34884 9.35528 9.38339 9.39956 9.3947 9.4017 9.37879 9.33682 9.26249 9.22911 9.25574 9.23719 9.21235 9.19935 9.19735 9.18126 9.11992 9.09057 9.06272 9.05392 9.04459 9.03989 
8.5514 8.54952 8.59024 8.70431 8.75609 8.81906 8.8623 8.8502 8.84641 8.84509 8.83748 8.87199 8.88945 8.89632 8.88036 8.84414 8.78638 8.7157 8.71594 8.75736 8.73867 8.69814 8.70473 8.71519 8.69036 8.64131 8.6058 8.55792 8.54237 8.52343 8.5015 
8.04306 8.06943 8.10608 8.19024 8.25063 8.31016 8.35198 8.371 8.37448 8.37094 8.36183 8.34636 8.35192 8.34337 8.32932 8.30771 8.28819 8.26586 8.30734 8.30667 8.25229 8.21295 8.20471 8.21118 8.20696 8.19549 8.15835 8.11771 8.03577 8.03764 8.01087 
7.58011 7.57284 7.59396 7.67501 7.72854 7.7775 7.81069 7.82497 7.83296 7.82762 7.81743 7.8218 7.81977 7.80317 7.76532 7.76307 7.78887 7.82093 7.84622 7.82609 7.76199 7.74008 7.6941 7.68027 7.70399 7.68804 7.66478 7.65559 7.58594 7.54022 7.5144 
7.08886 7.0742 7.09612 7.1396 7.19381 7.23324 7.25605 7.26496 7.26521 7.24611 7.25201 7.24368 7.23581 7.22664 7.22376 7.22286 7.24316 7.30137 7.31 7.3053 7.25378 7.22791 7.1857 7.171 7.18203 7.17332 7.16404 7.16211 7.08105 7.04798 7.01603 
6.61532 6.59803 6.6138 6.63752 6.68036 6.7155 6.70859 6.73675 6.72703 6.72738 6.71969 6.71082 6.70607 6.69813 6.69039 6.70598 6.70062 6.74144 6.77204 6.77948 6.74918 6.73046 6.70899 6.6762 6.67476 6.68749 6.68994 6.66786 6.59101 6.57235 6.54674 
6.1612 6.16042 6.17673 6.16489 6.20612 6.23469 6.24128 6.2479 6.21679 6.20118 6.18724 6.18614 6.17704 6.17857 6.1774 6.19304 6.24241 6.24477 6.24009 6.25199 6.23293 6.22313 6.20264 6.20176 6.21137 6.22999 6.22954 6.17301 6.14555 6.12946 6.09588 
5.70509 5.71562 5.7 5.69656 5.737 5.76081 5.75645 5.75571 5.75311 5.7488 5.74004 5.73106 5.72363 5.7247 5.73357 5.74241 5.73823 5.75734 5.76234 5.7623 5.75263 5.7535 5.74347 5.763 5.77411 5.79379 5.76861 5.74384 5.72167 5.68486 5.63967 
5.29571 5.29954 5.30394 5.29251 5.2985 5.31827 5.33208 5.3429 5.33941 5.34311 5.33688 5.32835 5.32531 5.3181 5.33041 5.3334 5.32427 5.32314 5.31664 5.31941 5.32777 5.32266 5.32872 5.34816 5.36747 5.3985 5.38565 5.33679 5.30154 5.26652 5.2507 
4.90859 4.9131 4.91957 4.9272 4.93237 4.93859 4.93879 4.94076 4.9402 4.94273 4.94001 4.93637 4.93574 4.93665 4.94269 4.94661 4.93544 4.93751 4.93777 4.93127 4.91832 4.92861 4.95073 4.96737 5.01423 4.98648 4.98841 4.93718 4.91801 4.89102 4.8761 
4.55776 4.57184 4.55702 4.56087 4.56458 4.55924 4.56137 4.56314 4.55851 4.56557 4.5703 4.57907 4.57521 4.57826 4.57659 4.57382 4.57528 4.57721 4.5663 4.55429 4.54847 4.54926 4.57468 4.58398 4.61278 4.61259 4.60711 4.57106 4.55611 4.53635 4.52846 
4.21868 4.21637 4.22042 4.22459 4.2224 4.23031 4.21063 4.1999 4.22011 4.21202 4.2075 4.22644 4.21951 4.22606 4.21886 4.22278 4.22398 4.22282 4.22289 4.22814 4.22511 4.2339 4.24322 4.2584 4.26632 4.2612 4.2597 4.23433 4.22074 4.20408 4.19359 
3.90613 3.89543 3.89661 3.899 3.89622 3.89579 3.8811 3.88443 3.89468 3.89938 3.89903 3.90634 3.91178 3.91133 3.90997 3.90404 3.90264 3.90315 3.91263 3.92337 3.92389 3.91464 3.9251 3.91485 3.93639 3.94774 3.9404 3.92434 3.91203 3.91217 3.91195 
3.57999 3.57932 3.58009 3.58285 3.58358 3.58936 3.59008 3.59127 3.59515 3.59654 3.60153 3.60753 3.60976 3.61254 3.6202 3.61073 3.61068 3.61095 3.62015 3.61524 3.63191 3.64468 3.63286 3.61563 3.6326 3.63597 3.64142 3.63289 3.61738 3.61697 3.62439 
3.27857 3.28626 3.28784 3.29091 3.2945 3.29837 3.30169 3.30419 3.30868 3.30943 3.31176 3.32126 3.32164 3.32815 3.33862 3.34223 3.34064 3.33519 3.33874 3.33769 3.34485 3.36651 3.36134 3.35885 3.36035 3.34883 3.35914 3.35667 3.354 3.35478 3.35541 
3.00101 3.00083 3.0136 3.01493 3.02491 3.0337 3.0355 3.02687 3.03446 3.03956 3.03201 3.04572 3.05015 3.05448 3.06803 3.0807 3.07115 3.08447 3.08174 3.08914 3.08854 3.10294 3.10037 3.09466 3.09559 3.09569 3.09611 3.10667 3.09659 3.09883 3.09751 
2.7477 2.74306 2.75296 2.75964 2.76284 2.76375 2.76965 2.76886 2.77698 2.7792 2.78879 2.78666 2.80299 2.80252 2.81316 2.81815 2.82562 2.82797 2.82685 2.83048 2.83152 2.83687 2.84693 2.84727 2.84856 2.84513 2.8445 2.8506 2.85224 2.86114 2.85781 
2.5073 2.50552 2.51245 2.50465 2.50945 2.51614 2.52228 2.52724 2.52736 2.53389 2.5423 2.54559 2.55147 2.56278 2.5645 2.56832 2.58256 2.57869 2.57819 2.58042 2.59057 2.59763 2.59994 2.59736 2.60441 2.60939 2.60445 2.61627 2.61948 2.61826 2.61664 
2.28313 2.28354 2.28605 2.2912 2.2887 2.2915 2.30769 2.31071 2.31634 2.31948 2.32479 2.32081 2.32618 2.33488 2.33688 2.34763 2.35212 2.35424 2.35571 2.35661 2.36613 2.37281 2.37471 2.38252 2.38224 2.38498 2.38258 2.38594 2.39771 2.39973 2.4081 
