raw_data/humedad_relativa/hora9/rh9apr.txt
ncols         501
nrows         361
xllcorner     109.95
yllcorner     -45.05
cellsize      0.1
NODATA_value  -9999
[rows 224 to 255 of 361, columns 72 to 143 of 501]
64.132 63.924 63.559 63.52 63.681 63.833 63.509 63.175 62.905 62.657 62.797 63.17 63.046 62.804 62.707 62.783 63.019 62.726 63.121 62.621 62.584 62.593 62.568 62.783 62.374 62.253 62.17 62.277 62.355 62.082 61.996 62.024 62.032 61.813 61.527 61.577 61.753 61.735 61.638 61.503 61.23 61.08 60.903 60.521 60.172 60.101 60.223 60.602 60.293 60.297 60.34 60.106 59.915 59.848 59.858 59.841 60.006 60.229 59.895 59.748 59.689 59.681 59.671 59.516 59.344 59.536 59.416 59.401 59.351 59.325 59.297 59.279
64.394 64.328 64.091 63.784 64.181 64.113 63.839 63.791 63.254 62.991 63.017 63.167 63.291 63.234 63.069 63.331 63.329 63.533 63.111 62.926 63.148 62.954 63.054 63.161 62.757 62.454 62.653 62.83 62.559 62.353 62.446 62.522 62.463 62.305 62.036 61.889 62.038 62.037 61.819 61.827 61.487 61.246 61.087 61.229 60.557 60.653 60.676 60.879 60.685 60.454 60.466 60.352 60.246 60.247 60.352 60.422 60.522 60.411 60.234 60.297 60.202 60.229 60.239 60.052 59.819 59.691 59.709 59.72 59.694 59.693 59.688 59.669
64.393 64.257 64.416 64.158 64.34 63.984 63.863 63.593 63.489 63.396 63.463 63.533 63.725 63.895 63.642 63.517 64.031 63.689 63.373 63.398 63.524 63.336 63.605 63.502 62.997 63.058 63.102 63.253 63.257 62.748 62.706 62.791 62.788 62.58 62.557 62.439 62.352 62.303 62.009 62.005 61.86 61.704 61.529 61.295 61.205 61.013 61.217 61.117 60.826 60.71 60.683 60.732 60.695 60.929 61.116 61.027 60.803 60.649 60.859 60.826 60.745 60.728 60.614 60.341 60.201 60.1 60.017 60.087 60.053 60.059 60.055 60.066
64.91 64.826 64.733 64.709 64.879 64.23 64.412 64.267 64.292 63.922 63.828 63.761 63.853 63.864 64.188 64.096 64.125 64.336 63.84 63.808 63.992 64.003 63.845 63.887 63.343 63.307 63.523 63.757 63.379 63.087 63.063 63.198 63.112 63.072 63.124 62.952 62.765 62.486 62.251 62.238 62.115 62.02 61.902 61.845 61.49 61.876 61.525 61.278 61.131 61.155 61.327 61.304 61.175 61.372 61.587 61.483 61.12 61.159 61.274 61.251 61.107 61.014 60.821 60.6 60.551 60.569 60.418 60.458 60.401 60.43 60.433 60.439
65.365 65.482 65.418 64.984 64.774 64.706 64.887 65.266 64.629 64.414 64.328 64.405 64.395 64.334 64.353 64.356 64.524 64.78 64.416 64.309 64.583 64.17 64.014 63.923 63.881 63.845 64.059 63.934 63.506 63.499 63.425 63.647 63.521 63.365 63.419 63.234 62.784 62.614 62.472 62.324 62.174 62.201 62.103 62.17 62.26 61.808 61.827 61.552 61.532 61.676 61.941 61.734 61.637 61.542 61.716 61.774 61.595 61.625 61.732 61.658 61.406 61.254 61.133 61.011 60.897 60.822 60.79 60.735 60.756 60.809 60.81 60.811
65.916 65.762 65.613 65.207 65.578 65.383 64.906 65.043 64.796 64.666 64.679 64.806 64.952 64.909 64.918 64.82 64.847 64.741 64.985 64.949 64.864 64.867 64.502 64.58 64.349 64.521 64.379 64.137 63.893 63.93 63.784 63.98 63.982 63.714 63.503 63.376 62.998 62.794 62.865 62.772 62.613 62.547 62.432 62.445 62.454 62.166 62.006 62.014 62.001 62.038 62.11 62.138 62.018 61.947 62.052 62.125 62.174 62.183 62.09 61.928 61.738 61.601 61.453 61.375 61.332 61.287 61.246 61.112 61.136 61.197 61.189 61.179
66.801 66.436 65.856 65.687 65.938 65.8 65.447 65.23 65.179 65.24 64.946 65.118 65.339 65.048 64.895 64.996 65.284 65.011 65.015 65.215 65.118 64.856 64.931 64.97 64.701 64.773 64.727 64.413 64.519 64.185 64.23 64.395 64.302 64.265 63.936 63.588 63.259 63.292 63.448 63.225 63.169 63.015 62.913 63.141 62.841 62.512 62.408 62.676 62.753 62.361 62.459 62.606 62.598 62.332 62.448 62.639 63.054 62.676 62.713 62.236 61.981 61.809 61.699 61.65 61.687 61.626 61.524 61.538 61.507 61.572 61.565 61.557
66.462 66.486 66.143 66.617 66.34 66.221 66.327 66.083 65.859 65.575 65.385 65.354 65.493 65.311 65.254 65.415 65.201 65.346 65.443 65.405 65.167 65.288 65.467 65.414 65.316 65.195 64.931 64.727 64.651 64.638 64.743 64.741 64.501 64.726 64.17 63.895 63.652 63.953 63.806 63.56 63.656 63.512 63.411 63.526 63.473 62.967 62.867 62.94 63.098 62.896 62.848 62.939 63.049 62.78 62.72 62.924 63.851 63.179 62.659 62.595 62.17 62.209 62.197 62.188 62.015 61.93 61.955 61.958 61.877 61.912 61.925 61.946
67.248 66.596 66.584 66.592 66.699 66.662 66.757 66.557 66.109 65.929 66.361 65.811 66.07 66.022 65.773 65.86 65.865 65.907 65.772 65.528 65.62 65.772 65.748 65.626 65.492 65.485 65.238 65.206 65.233 65.063 64.89 64.9 64.707 64.704 64.268 64.134 64.081 64.328 64.219 64.031 64.166 64.23 63.977 63.954 63.798 63.662 63.4 63.336 63.475 63.226 63.64 63.513 63.425 63.421 63.139 63.58 63.557 63.251 62.836 62.696 62.628 62.724 62.742 62.658 62.463 62.423 62.305 62.276 62.275 62.266 62.267 62.309
67.099 67.014 67.435 67.353 67.074 67.114 67.181 66.865 66.671 66.385 66.358 66.561 66.403 66.505 66.311 66.623 66.305 66.244 66.371 65.982 65.908 65.876 66.002 66.109 65.784 65.795 65.587 65.709 65.723 65.7 65.084 64.924 64.869 64.746 64.594 64.511 64.471 64.581 64.653 64.568 64.522 64.509 64.372 64.046 63.93 63.778 64.105 63.779 63.869 63.598 63.671 63.903 63.991 63.7 63.62 63.67 63.521 63.297 63.074 63.145 63.188 63.097 62.969 62.891 62.773 62.732 62.669 62.643 62.669 62.655 62.651 62.677
68.002 67.649 67.531 67.486 67.728 67.726 67.682 67.383 67.083 66.928 66.747 66.802 67.044 66.941 66.529 66.711 66.403 66.303 66.598 66.209 66.072 66.27 66.217 66.226 66.032 66.25 66.111 66.133 66.055 65.655 65.372 65.225 65.119 65.047 64.972 65.024 64.855 64.881 65.009 65.018 64.8 64.622 64.683 64.429 64.183 64.066 63.978 64.148 64.077 64.257 64.008 63.932 64.025 64.07 63.988 63.945 63.606 63.487 63.437 63.521 63.608 63.385 63.23 63.132 63.134 63.053 63.022 62.976 62.995 62.948 63.038 63.031
68.83 68.592 68.426 68.021 68.06 67.879 67.783 68.084 67.661 67.325 67.148 67.217 67.161 67.162 66.866 66.779 66.844 66.889 66.595 66.569 66.633 66.408 66.458 66.477 66.412 66.625 66.447 66.538 66.383 66.419 65.857 65.933 65.527 65.435 65.417 65.892 65.412 65.317 65.363 65.351 65.129 64.851 64.826 64.87 64.686 64.389 64.761 64.311 64.494 64.66 64.372 64.54 64.479 64.485 64.277 64.278 64.16 64.058 63.84 63.876 63.805 63.613 63.505 63.475 63.461 63.428 63.399 63.393 63.325 63.354 63.232 63.322
69.514 69.256 68.812 68.71 68.385 68.545 68.351 68.399 68.149 67.872 67.744 67.511 67.409 67.489 67.752 67.741 67.787 67.637 67.502 67.112 67.363 67.003 66.807 66.825 66.925 67.255 66.98 66.915 66.655 66.544 66.183 66.011 65.913 65.837 65.798 66.01 65.757 65.848 65.824 65.647 65.437 65.363 65.013 64.908 64.794 64.811 64.752 64.72 64.956 64.912 64.785 64.761 64.743 64.859 64.768 64.46 64.42 64.439 64.281 64.268 64.139 63.983 63.882 63.785 63.786 63.782 63.751 63.727 63.681 63.713 63.561 63.489
69.469 69.627 69.355 69.133 69.261 68.89 68.701 68.867 68.608 68.465 68.164 67.963 67.845 68.009 67.767 67.658 67.956 67.906 67.924 67.647 67.607 67.369 67.139 67.056 67.182 67.286 67.32 67.358 67.094 66.746 66.626 66.475 66.407 66.339 66.285 66.139 66.274 66.012 65.997 65.703 65.581 65.691 65.376 65.236 65.377 65.256 65.148 65.133 65.161 65.37 65.38 65.303 65.159 65.031 65.09 64.875 64.782 64.817 64.658 64.466 64.44 64.32 64.252 64.208 64.235 64.122 64.084 64.063 64.051 64.028 63.942 63.86
70.075 70.218 70.069 69.838 69.722 69.443 69.347 69.288 69.287 68.924 68.755 68.582 68.475 68.163 68.143 68.108 68.074 68.062 68.495 68.182 68.04 67.882 67.486 67.409 67.43 67.528 67.546 67.571 67.348 66.993 66.966 66.925 66.79 66.738 66.717 66.369 66.182 66.09 66.115 66.048 65.788 65.892 65.678 65.671 65.736 65.837 65.533 65.458 65.404 65.548 65.628 65.692 65.655 65.412 65.341 65.279 65.166 64.975 65.155 64.95 64.644 64.571 64.552 64.542 64.556 64.464 64.45 64.452 64.432 64.408 64.194 63.969
71.128 70.73 70.408 70.562 70.129 69.945 70.016 69.789 69.813 69.519 69.465 69.17 68.962 68.756 68.7 68.593 68.357 68.501 68.466 68.319 68.269 68.558 68.123 67.863 67.825 67.929 67.968 67.706 67.894 67.445 67.113 67.039 66.979 66.858 66.812 66.699 66.469 66.374 66.351 66.343 66.147 66.104 66.066 66.093 66.276 66.163 65.905 65.826 65.778 65.722 65.746 65.819 65.949 65.833 65.763 65.686 65.437 65.442 65.295 65.197 64.971 64.896 64.98 64.895 64.845 64.797 64.792 64.827 64.823 64.772 64.718 64.474
70.911 70.916 70.826 70.701 70.414 70.612 70.418 70.04 69.866 69.775 69.701 69.432 69.174 69.055 69.008 69.247 68.87 68.668 68.724 68.566 68.604 68.686 68.788 68.294 68.239 68.171 68.1 68.204 68.211 68.2 67.729 67.375 67.193 67.063 66.988 66.932 66.964 66.877 66.671 66.568 66.514 66.421 66.548 66.676 66.477 66.326 66.271 66.23 66.128 66.237 66.159 66.067 66.11 66.173 65.967 65.904 65.735 65.851 65.68 65.65 65.357 65.479 65.535 65.213 65.223 65.223 65.188 65.11 65.167 65.058 64.735 64.402
71.385 71.086 71.565 70.957 70.954 71.173 70.604 70.303 70.358 70.368 70.33 69.969 69.604 69.671 69.333 69.465 69.564 69.159 69.004 68.99 69.077 69.147 68.866 68.651 68.467 68.464 68.614 68.622 68.432 68.492 68.232 68.162 67.785 67.501 67.426 67.478 67.316 67.223 67.075 66.98 66.949 66.739 66.979 66.893 66.87 66.621 66.646 66.486 66.444 66.52 66.44 66.318 66.417 66.287 66.164 66.12 66.102 66.105 66.087 65.782 65.716 65.781 65.811 65.499 65.544 65.52 65.545 65.378 65.431 64.896 64.735 64.747
71.616 71.542 71.452 71.437 71.397 71.029 71.018 70.635 70.775 70.635 70.6 70.228 69.981 70.096 69.962 69.712 69.913 69.796 69.47 69.288 69.318 69.28 69.328 69.185 68.884 68.793 68.924 68.792 68.581 68.602 68.611 68.339 68.059 68.24 67.89 68.169 67.834 67.533 67.468 67.341 67.183 67.013 67.009 67.004 67.072 66.987 66.808 66.866 66.745 66.637 66.646 66.578 66.503 66.553 66.571 66.528 66.461 66.345 66.288 66.215 66.015 65.92 65.834 65.848 65.954 65.85 65.784 65.733 65.344 65.07 65.077 65.088
72.339 72.234 71.684 71.584 71.67 71.334 71.284 71.178 71.383 70.907 71.121 71.03 70.456 70.4 70.492 70.13 70.086 70.164 69.883 69.644 69.626 69.601 69.548 69.467 69.318 69.31 69.037 68.919 69.077 69.085 68.822 68.94 68.483 68.269 68.341 68.028 67.976 67.956 67.976 67.702 67.509 67.348 67.219 67.241 67.224 67.227 67.184 67.071 67.041 67.176 66.936 66.828 66.858 67.004 66.8 66.931 66.925 66.703 66.464 66.364 66.249 66.179 66.184 66.334 66.441 66.434 66.196 66.012 65.426 65.408 65.414 65.424
72.662 72.325 72.159 72.221 72.133 71.74 71.641 71.499 71.474 71.318 71.282 71.196 70.83 70.715 70.863 70.635 70.386 70.321 70.292 70.082 69.904 69.931 69.825 69.737 69.724 69.766 69.23 69.254 69.343 69.001 69.246 68.922 68.468 68.629 68.426 68.43 68.143 68.178 68.045 67.849 67.742 67.69 67.49 67.526 67.563 67.522 67.469 67.448 67.272 67.403 67.314 67.127 67.445 67.178 67.088 67.209 67.054 66.828 66.641 66.631 66.61 66.578 66.651 68.365 67.229 66.849 66.429 65.983 65.741 65.742 65.747 65.755
72.901 72.828 72.667 72.742 72.81 72.294 72.077 72.305 71.956 71.941 71.955 71.569 71.292 71.074 71.198 71.11 70.84 70.778 70.718 70.401 70.257 70.2 70.179 70.169 70.171 69.955 69.84 69.016 69.825 69.023 69.301 68.99 68.6 68.42 68.444 68.608 68.432 68.223 68.097 68.131 67.953 67.915 67.884 67.769 67.825 67.83 67.775 67.741 67.687 67.568 67.438 67.463 67.406 67.391 67.379 67.242 67.135 67.214 66.971 66.934 66.856 67.06 66.997 66.936 66.826 66.861 66.588 66.216 66.072 66.072 66.075 66.081
73.425 73.306 73.389 73.13 73.256 72.724 72.595 72.661 72.284 72.215 72.171 72.011 71.77 71.459 71.407 71.377 71.331 71.181 71.382 70.757 70.584 70.569 70.433 70.257 70.233 70.204 69.664 69.253 69.73 69.151 68.809 68.927 68.916 68.728 68.486 68.75 68.691 68.48 68.272 68.383 68.124 68.021 68.156 67.962 67.943 67.981 68.017 67.884 67.782 67.689 67.689 67.649 67.721 67.779 67.997 67.528 67.489 67.476 67.459 67.462 67.092 67.31 67.078 67.8 67.032 67.058 66.513 66.402 66.398 66.396 66.398 66.403
74.048 73.755 73.664 73.694 73.546 73.089 72.921 72.744 72.717 72.516 72.416 72.38 72.371 71.905 71.728 71.576 71.544 71.494 71.513 71.155 70.899 71.127 70.83 70.538 70.732 70.446 70.418 69.424 69.529 69.601 69.311 68.898 69.067 68.882 68.748 68.579 68.62 68.495 68.569 68.265 68.272 68.188 68.184 68.161 67.995 68.127 68.228 67.995 67.794 68.012 67.932 67.993 67.846 67.737 67.673 67.738 67.797 67.615 67.727 67.409 67.553 67.623 67.65 67.349 67.136 66.919 66.734 66.724 66.719 66.716 66.717 66.72
74.704 74.26 74.294 74.413 73.901 73.667 73.525 73.171 73.101 73.038 72.846 72.767 72.718 72.2 72.151 72.019 71.589 71.412 71.689 71.64 71.3 71.164 71.172 71.09 70.448 70.183 69.643 69.386 69.284 69.473 69.046 68.985 69.072 69.018 68.928 68.813 68.489 68.732 68.663 68.438 68.261 68.167 68.23 68.057 68.082 68.14 68.232 68.133 67.997 68.144 68.384 68.048 68.28 68.018 67.977 67.704 67.705 67.614 67.56 67.728 67.5 67.834 67.517 67.418 67.225 67.113 67.052 67.042 67.035 67.031 67.03 67.033
75.174 75.036 74.718 74.566 74.589 74.067 73.837 73.522 73.317 73.174 73.006 73.014 72.892 72.551 72.511 72.579 72.123 71.855 71.716 71.889 71.763 71.035 70.666 70.642 71.353 70.144 69.764 69.657 69.973 69.28 69.119 69.111 69.027 68.972 68.808 68.747 68.688 68.631 68.577 68.525 68.477 68.433 68.392 68.357 68.327 68.304 68.286 68.258 68.188 68.176 68.742 68.743 67.963 68.066 67.774 67.72 67.67 67.623 67.58 67.541 68.041 68.116 67.445 67.466 67.399 67.381 67.366 67.354 67.346 67.341 67.339 67.341
75.523 75.354 75.162 74.846 74.381 74.445 74.235 73.692 73.523 73.411 73.333 73.155 72.972 73.015 72.939 72.846 72.577 72.185 71.857 71.722 71.556 71.102 70.591 70.251 70.481 70.24 69.738 69.649 69.564 69.483 69.406 69.332 69.262 69.195 69.13 69.069 69.009 68.952 68.898 68.847 68.799 68.754 68.714 68.677 68.645 68.616 68.587 68.547 68.488 68.917 68.347 68.278 68.212 68.15 68.091 68.036 67.986 67.938 67.895 67.855 67.819 67.786 67.757 67.731 67.709 67.69 67.674 67.662 67.653 67.647 67.644 67.644
75.72 75.27 75.294 75.16 74.472 74.511 74.321 74.142 73.824 73.524 73.282 73.25 73.214 73.191 73.077 72.961 72.357 72.168 71.886 71.427 71.32 71.276 70.979 70.668 70.379 70.156 70.062 69.972 69.886 69.804 69.726 69.651 69.58 69.512 69.446 69.384 69.324 69.266 69.212 69.16 69.111 69.066 69.024 68.986 68.95 68.915 68.877 68.832 68.777 68.714 68.648 68.582 68.518 68.457 68.4 68.345 68.294 68.247 68.203 68.163 68.172 68.093 68.064 68.037 68.014 67.994 67.978 67.965 67.954 67.947 67.943 67.942
75.72 75.456 75.39 75.049 74.867 74.74 74.569 74.327 74.133 73.923 73.582 73.498 73.759 73.401 72.834 72.489 72.37 72.459 72.096 71.674 71.518 71.675 71.344 70.917 70.573 70.474 70.38 70.289 70.202 70.119 70.04 69.964 69.891 69.822 69.756 69.692 69.631 69.573 69.518 69.466 69.416 69.369 69.326 69.284 69.244 69.204 69.162 69.114 69.06 69.002 68.94 68.877 68.816 68.757 68.7 68.647 68.596 68.549 68.506 68.465 68.428 68.395 68.365 68.338 68.314 68.294 68.276 68.262 68.251 68.243 68.238 68.236
76.331 75.92 76.103 75.552 75.992 75.663 74.777 74.716 74.303 74.306 74.007 73.698 73.236 72.91 72.702 72.421 72.684 72.442 72.171 71.929 71.689 71.46 71.279 70.996 70.885 70.786 70.69 70.599 70.511 70.427 70.347 70.27 70.196 70.126 70.058 69.994 69.932 69.873 69.817 69.764 69.713 69.665 69.619 69.574 69.531 69.487 69.442 69.393 69.34 69.283 69.224 69.165 69.106 69.049 68.994 68.941 68.892 68.845 68.802 68.761 68.724 68.691 68.66 68.633 68.609 68.588 68.57 68.555 68.543 68.534 68.528 68.525
76.405 76.198 75.979 75.965 75.706 75.203 76.807 75.031 74.848 75.898 75.627 75.33 73.6 73.381 73.017 72.582 72.53 72.483 72.242 72.103 71.894 71.723 71.637 71.295 71.191 71.09 70.994 70.902 70.813 70.728 70.647 70.569 70.495 70.423 70.355 70.289 70.227 70.167 70.11 70.055 70.003 69.953 69.904 69.858 69.811 69.765 69.717 69.667 69.614 69.56 69.503 69.446 69.39 69.334 69.281 69.229 69.181 69.135 69.092 69.052 69.015 68.981 68.95 68.923 68.898 68.877 68.858 68.843 68.83 68.821 68.814 68.81
76.621 76.419 76.368 76.149 75.798 75.397 75.087 74.798 74.777 74.657 74.262 73.785 73.926 73.697 73.443 73.21 72.446 73.23 72.181 72.055 71.933 71.816 71.702 71.594 71.489 71.388 71.291 71.198 71.109 71.023 70.941 70.862 70.787 70.714 70.645 70.579 70.515 70.454 70.395 70.339 70.286 70.234 70.184 70.135 70.086 70.038 69.989 69.938 69.885 69.832 69.777 69.722 69.667 69.613 69.561 69.511 69.464 69.418 69.376 69.336 69.3 69.266 69.235 69.207 69.183 69.161 69.142 69.126 69.113 69.103 69.095 69.09
