raw_data/humedad_relativa/hora9/rh9apr.txt
ncols         501
nrows         361
xllcorner     109.95
yllcorner     -45.05
cellsize      0.1
NODATA_value  -9999
[rows 192 to 223 of 361, columns 360 to 431 of 501]
52.414 52.593 52.761 52.952 53.146 53.327 53.566 53.787 54 54.271 54.419 54.655 54.921 55.157 55.401 55.64 55.915 56.19 56.469 56.717 56.961 57.22 57.471 57.716 57.952 58.178 58.447 58.706 58.95 59.198 59.499 59.807 60.074 60.417 60.81 61.407 61.27 61.588 61.889 62.166 62.528 62.904 63.289 63.66 64.167 64.567 65.088 65.642 66.182 66.692 67.517 67.831 68.178 69.195 70.445 71.296 71.169 71.626 72.213 72.707 72.883 74.033 74.725 75.177 78.079 75.933 77.173 75.887 74.257 74.393 76.002 76.697
52.534 52.714 52.886 53.064 53.255 53.44 53.663 53.904 54.081 54.288 54.513 54.765 54.986 55.22 55.459 55.708 55.984 56.227 56.483 56.72 56.972 57.219 57.468 57.718 57.921 58.177 58.418 58.7 58.898 59.159 59.499 59.768 60.131 60.484 60.787 60.977 61.073 61.348 61.647 62 62.375 62.776 63.103 63.511 63.956 64.401 64.894 65.432 65.994 66.666 67.606 67.713 68.052 68.746 69.524 70.712 71.837 72.85 72.868 72.919 73.147 73.501 74.211 75.666 76.673 77.849 76.004 76.942 74.74 76.024 75.702 80.6
52.667 52.845 53.024 53.187 53.377 53.567 53.762 53.977 54.176 54.377 54.608 54.844 55.06 55.304 55.529 55.787 56.032 56.274 56.5 56.738 56.981 57.217 57.448 57.677 57.933 58.174 58.403 58.841 58.854 59.124 59.385 59.682 60.027 60.279 60.542 60.716 60.911 61.218 61.55 61.886 62.238 62.605 62.989 63.395 63.859 64.28 64.771 65.286 65.829 66.508 67.168 67.318 68.001 68.577 70.221 70.42 71.909 73.31 73.494 74.589 74.21 75.035 74.497 75.075 74.801 76.625 75.187 75.028 77.184 75.085 77.026 80.214
52.81 52.976 53.164 53.322 53.506 53.698 53.884 54.079 54.277 54.486 54.705 54.932 55.14 55.385 55.608 55.869 56.096 56.358 56.533 56.774 56.996 57.228 57.454 57.695 57.959 58.209 58.388 58.619 58.817 59.045 59.28 59.642 60.003 60.114 60.268 60.523 60.793 61.086 61.435 61.773 62.11 62.525 62.872 63.311 63.722 64.183 64.64 65.249 65.741 66.17 66.684 67.536 68.313 68.519 69.415 70.621 72.466 73.035 74.676 75.37 75.658 75.875 74.128 73.806 75.085 75.633 75.229 76.279 76.255 75.581 76.624 78.774
52.961 53.114 53.289 53.466 53.645 53.835 54.024 54.201 54.394 54.606 54.874 55.033 55.247 55.466 55.696 55.943 56.157 56.369 56.588 56.797 57.02 57.253 57.494 57.748 57.989 58.318 58.387 58.583 58.798 59.039 59.243 59.602 59.741 59.921 60.149 60.408 60.735 60.983 61.271 61.593 61.932 62.336 62.749 63.261 63.508 64.028 64.57 65.03 65.536 66.538 66.892 67.286 68.44 69.37 69.922 71.012 71.847 73.214 74.384 75.077 75.714 75.601 74.783 73.391 74.062 76.931 75.164 75.908 75.237 74.911 75.431 75.59
53.092 53.252 53.433 53.608 53.782 53.968 54.166 54.346 54.531 54.714 54.914 55.159 55.364 55.573 55.803 56.022 56.231 56.432 56.64 56.862 57.096 57.318 57.532 57.784 57.97 58.167 58.371 58.585 58.785 58.966 59.26 59.557 59.585 59.825 60.068 60.32 60.613 60.958 61.273 61.554 61.963 62.337 62.63 63.141 63.401 63.807 64.468 64.995 65.763 66 66.523 67.634 67.915 68.994 71.592 71.76 71.847 73.278 74.816 74.679 75.831 75.776 74.125 74.679 73.412 75.073 74.664 75.489 74.538 74.936 74.858 76.619
53.238 53.404 53.543 53.692 53.885 54.101 54.269 54.474 54.702 54.814 55.036 55.275 55.487 55.683 55.902 56.115 56.316 56.531 56.734 56.941 57.154 57.443 57.635 57.823 57.982 58.187 58.394 58.593 58.765 59.03 59.301 59.39 59.554 59.777 60.019 60.27 60.537 60.821 61.13 61.479 61.857 62.204 62.701 63.143 63.52 64.062 64.394 64.933 65.966 66.089 66.861 67.164 68.398 70.04 71.57 71.117 73.029 72.156 73.329 75.328 76.379 77.052 75.428 76.206 74.064 74.028 74.261 74.853 75.108 74.543 74.923 75.724
53.385 53.56 53.723 53.903 54.084 54.258 54.554 54.677 54.824 54.984 55.21 55.392 55.6 55.809 56.015 56.217 56.419 56.619 56.826 57.049 57.248 57.485 57.741 57.83 58.03 58.223 58.419 58.607 58.789 59.023 59.152 59.327 59.522 59.726 60.008 60.21 60.463 60.752 61.053 61.392 61.892 62.212 62.609 63.154 63.577 64.212 64.67 65.18 65.405 66.59 66.891 67.28 67.735 68.736 70.958 71.165 70.821 73.93 74.147 74.87 77.567 77.349 75.893 76.011 75.029 73.999 73.885 74.51 75.461 75.16 75 75.233
53.524 53.714 53.885 54.055 54.231 54.426 54.655 54.765 54.962 55.145 55.348 55.546 55.754 55.945 56.141 56.337 56.541 56.733 56.949 57.189 57.459 57.506 57.8 57.895 58.07 58.277 58.459 58.629 58.789 58.949 59.135 59.306 59.508 59.748 59.929 60.157 60.397 60.665 60.975 61.323 61.727 62.16 62.613 63.205 64.027 64.373 65.475 65.505 65.753 66.651 68.255 68.548 68.21 68.189 70.058 69.789 71.661 72.659 76.243 74.434 75.512 75.932 76.799 76.511 76.375 74.861 74.145 74.612 75.31 74.841 75.009 75.683
53.695 53.852 54.027 54.211 54.415 54.569 54.887 54.932 55.119 55.292 55.507 55.698 55.899 56.084 56.274 56.471 56.674 56.867 57.044 57.216 57.432 57.598 57.784 57.958 58.151 58.323 58.503 58.659 58.799 58.968 59.143 59.327 59.527 59.716 59.912 60.115 60.338 60.585 60.897 61.231 61.648 62.104 62.624 63.13 63.845 64.414 65.224 65.168 66.21 66.415 67.303 67.816 68.012 68.232 70.378 69.791 71.115 73.2 74.493 76.159 76.018 76.67 76.7 77.727 76.619 75.658 74.778 75.903 75.343 74.9 75.183 75.651
53.894 54.012 54.196 54.422 54.601 54.851 54.928 55.09 55.266 55.471 55.659 55.85 56.045 56.227 56.413 56.61 56.8 56.976 57.147 57.376 57.513 57.686 57.864 58.041 58.221 58.4 58.649 58.697 58.849 59.089 59.189 59.361 59.547 59.726 59.907 60.101 60.312 60.541 60.818 61.124 61.555 62.001 62.662 63.59 63.985 65.044 65.48 66.281 66.513 66.976 67.85 67.66 68.746 68.722 70.328 72.91 73.884 74.168 74.362 74.029 75.009 77.807 75.926 74.017 77.539 75.323 74.398 76.853 76.712 75.353 75.333 75.585
54.009 54.265 54.421 54.666 54.739 55.024 55.061 55.272 55.445 55.637 55.833 56.008 56.205 56.388 56.546 56.752 56.929 57.09 57.288 57.471 57.63 57.795 57.956 58.113 58.293 58.464 58.688 58.767 58.932 59.102 59.56 59.429 59.589 59.758 59.934 60.097 60.301 60.505 60.761 61.073 61.499 61.911 62.523 63.354 63.835 64.401 65.389 66.039 66.28 66.847 68.489 67.71 69.167 70.394 71.284 72.218 73.625 76.077 76.486 74.68 75.822 79.646 76.267 76.877 75.899 75.053 75.486 75.215 76.284 75.919 75.577 75.77
54.22 54.542 54.733 54.783 54.824 55.009 55.247 55.428 55.63 55.801 55.99 56.181 56.366 56.52 56.703 56.882 57.031 57.215 57.385 57.623 57.765 57.9 58.053 58.234 58.393 58.608 58.848 58.859 59.019 59.173 59.338 59.491 59.66 59.798 59.96 60.156 60.29 60.477 60.733 61.013 61.431 62.044 62.597 63.433 64.182 65.341 65.688 66.966 66.811 67.823 67.683 68.001 68.667 70.378 71.954 72.151 74.169 73.632 75.597 76.204 78.818 78.813 76.921 77.442 75.561 73.611 73.92 74.982 75.906 75.696 75.703 76.205
54.374 54.553 54.781 54.864 55.012 55.215 55.386 55.597 55.808 55.972 56.173 56.352 56.49 56.69 56.832 57.038 57.198 57.403 57.57 57.689 57.855 58.01 58.19 58.351 58.524 58.707 58.837 58.969 59.12 59.277 59.43 59.585 59.732 59.89 60.037 60.2 60.35 60.506 60.692 61.003 61.428 61.869 62.399 63.167 63.87 64.929 65.596 66.489 67.307 67.991 68.557 68.554 69.282 70.634 71.606 72.137 74.003 74.574 75.417 77.331 78.671 78.08 78.46 79.122 76.087 77.018 74.165 74.754 75.163 75.407 75.527 75.882
54.592 54.947 54.828 55.032 55.198 55.404 55.584 55.776 55.974 56.157 56.33 56.483 56.684 56.841 56.954 57.249 57.334 57.511 57.675 57.826 57.995 58.17 58.328 58.501 58.702 58.876 58.935 59.097 59.251 59.384 59.537 59.712 59.85 59.991 60.153 60.291 60.457 60.633 60.892 61.194 61.646 62.11 63.189 63.118 63.431 64.029 65.465 65.938 66.608 67.715 68.799 68.648 69.394 70.568 72.153 73.227 74.003 74.554 75.821 76.684 77.204 77.446 77.105 76.119 76.254 78.103 75.554 74.596 74.893 75.278 75.683 76.032
54.639 54.817 55.012 55.231 55.379 55.559 55.753 55.954 56.172 56.347 56.528 56.69 56.866 57.011 57.132 57.348 57.514 57.767 57.955 57.991 58.145 58.307 58.466 58.633 58.793 58.922 59.092 59.241 59.399 59.543 59.704 59.866 59.992 60.126 60.267 60.408 60.594 60.813 61.081 61.444 62.196 62.279 63.315 64.89 63.681 65.486 66.123 65.759 67.082 67.947 68.611 68.695 69.666 71.088 72.996 74.172 75.254 75.383 75.965 76.484 77.955 75.759 78.285 74.876 74.686 74.375 76.751 74.938 75.057 75.562 75.886 76.211
54.776 54.974 55.187 55.337 55.528 55.721 55.931 56.156 56.36 56.525 56.713 56.885 57.029 57.159 57.308 57.547 57.704 57.92 57.968 58.131 58.303 58.456 58.612 58.769 58.922 59.104 59.269 59.418 59.569 59.731 59.869 60.014 60.194 60.301 60.443 60.61 60.785 61.035 61.325 61.744 62.488 63.689 63.387 66.06 64.141 64.102 64.585 65.532 67.059 67.828 69.166 69.128 69.661 71.17 71.599 73.81 74.304 76.827 76.705 77.64 77.916 78.804 76.263 77.485 77.281 77.296 76.829 76.486 75.736 75.801 76.112 76.533
54.947 55.113 55.298 55.531 55.687 55.905 56.122 56.327 56.54 56.741 56.918 57.038 57.191 57.327 57.533 57.745 57.848 57.962 58.126 58.293 58.449 58.604 58.775 58.942 59.093 59.276 59.428 59.586 59.743 59.915 60.082 60.216 60.358 60.507 60.655 60.803 60.994 61.225 61.639 62.458 62.564 63.091 63.814 65.828 65.44 65.65 66.306 65.106 67.397 66.987 67.844 69.125 71.133 71.428 72.368 75.222 77.427 76.599 76.979 77.396 77.864 78.814 77.568 78.988 76.676 75.409 77.634 75.984 76.929 76.11 76.807 77.563
55.119 55.257 55.441 55.654 55.85 56.064 56.303 56.494 56.742 56.903 57.021 57.195 57.333 57.466 57.731 57.936 57.944 58.114 58.28 58.438 58.603 58.756 58.937 59.109 59.285 59.457 59.635 59.796 59.965 60.127 60.28 60.436 60.59 60.742 60.891 61.038 61.229 61.503 61.839 62.467 63.113 64.082 65.319 66.399 64.514 66.73 65.195 66.901 66.182 68.928 69.013 71.058 71.501 72.792 74.681 75.299 76.952 78.404 78.672 78.315 77.833 76.9 76.767 74.668 79.008 79.329 77.763 76.29 77.376 78.633 76.69 78.275
55.274 55.441 55.604 55.796 56.001 56.206 56.41 56.625 56.896 57.058 57.2 57.328 57.471 57.631 57.785 57.928 58.09 58.261 58.436 58.586 58.76 58.955 59.129 59.28 59.578 59.675 59.851 60.022 60.198 60.364 60.523 60.679 60.836 61.003 61.145 61.304 61.458 61.717 62.048 62.673 65.326 67.192 64.07 67.145 64.945 66.774 66.77 67.048 66.549 68.336 68.732 69.557 71.59 74.07 74.063 74.995 76.693 77.942 78.969 79.069 78.698 78.374 78.118 77.873 79.095 79.013 78.183 78.283 78.491 78.601 76.982 78.274
55.431 55.619 56.19 56.451 56.182 56.394 56.572 56.751 56.952 57.16 57.343 57.5 57.624 57.782 57.929 58.084 58.249 58.414 58.593 58.763 58.929 59.136 59.333 59.509 59.674 59.863 60.058 60.235 60.416 60.591 60.77 60.943 61.096 61.253 61.418 61.569 61.722 61.91 62.205 62.647 63.589 70.433 66.422 66.243 64.844 67.427 66.796 68.577 68.382 69.8 69.769 69.629 70.46 73.251 74.755 76.425 76.867 77.819 78.855 79.155 78.101 78.418 79.335 76.627 80.585 80.138 78.267 78.083 78.446 79.938 78.415 77.76
55.601 55.787 56.003 56.248 56.456 56.696 56.832 56.941 57.075 57.263 57.446 57.609 57.779 57.943 58.086 58.252 58.408 58.584 58.775 58.961 59.122 59.319 59.511 59.705 59.899 60.076 60.27 60.466 60.655 60.84 61.022 61.195 61.356 61.512 61.697 61.897 62.034 62.152 62.331 62.737 63.388 68.668 70.447 67.505 66.329 67.448 67.17 68.752 67.257 69.37 70.254 70.579 70.553 71.958 74.86 76.724 77.22 78.178 77.953 78.763 79.241 79.548 79.987 79.463 81.075 80.986 80.523 78.632 80.843 79.481 79.055 78.261
55.811 55.953 56.141 56.433 56.526 56.922 57.122 57.256 57.387 57.454 57.607 57.777 57.94 58.101 58.265 58.421 58.606 58.769 58.962 59.141 59.322 59.512 59.713 59.923 60.133 60.338 60.532 60.729 60.948 61.173 61.335 61.536 61.707 61.894 62.114 62.3 62.414 62.496 62.639 62.73 64.817 66.347 67.012 67.649 67.3 67.681 66.155 67.1 68.709 70.94 71.522 72.329 70.833 71.869 74.46 75.108 77.703 76.111 77.691 78.724 79.066 79.031 81.635 81.181 82.105 82.629 79.649 80.33 80.734 76.922 77.515 77.53
56.005 56.153 56.317 56.613 56.896 57.3 57.523 57.754 57.581 57.561 57.736 57.911 58.094 58.274 58.44 58.613 58.777 58.974 59.157 59.346 59.531 59.727 59.942 60.144 60.367 60.586 60.829 61.062 61.299 61.543 61.731 61.968 62.145 62.261 62.471 62.722 62.817 63.159 63.521 63.158 63.158 63.532 64.119 67.998 68.41 67.56 68.065 66.564 70.135 71.525 70.824 71.296 71.261 72.377 72.686 75.103 76.575 76.473 76.953 77.272 78.38 78.536 79.838 80.532 83.063 77.272 78.439 77.971 78.373 78.245 77.365 77.634
56.19 56.364 56.64 56.703 56.957 57.427 57.553 57.671 57.567 57.713 57.888 58.073 58.252 58.44 58.612 58.793 58.958 59.144 59.344 59.546 59.745 59.945 60.179 60.378 60.638 60.898 61.15 61.432 61.691 61.937 62.166 62.388 62.671 62.912 62.965 63.203 63.249 63.422 64.127 63.563 63.385 64.257 64.745 66.882 68.284 68.586 68.28 67.967 67.275 67.384 72.039 70.324 71.897 73.901 74.916 75.414 75.757 77.269 75.041 75.576 76.496 78.36 78.767 79.236 76.572 78.439 80.106 76.497 76.772 77.047 77.367 77.747
56.456 56.548 56.709 57.171 57.037 57.444 57.628 57.696 57.723 57.854 58.04 58.243 58.416 58.601 58.781 58.978 59.151 59.343 59.557 59.756 59.96 60.187 60.426 60.666 60.915 61.197 61.486 61.784 62.088 62.378 62.617 62.849 63.265 63.591 63.695 63.908 63.667 63.908 64.797 63.889 64.685 63.726 64.348 64.564 65.163 65.801 68.333 65.946 66.489 67.931 72.91 71.932 72.606 73.692 76.583 75.985 75.369 76.591 77.246 75.279 78.143 78.623 75.169 78.401 75.311 77.538 77.978 77.133 76.999 77.12 77.475 77.869
56.987 56.781 57.004 57.255 57.215 57.457 57.711 57.925 58.125 58.02 58.202 58.395 58.571 58.764 58.958 59.157 59.343 59.531 59.752 59.948 60.178 60.425 60.676 60.943 61.173 61.487 61.825 62.134 62.474 62.818 63.111 63.365 63.81 64.236 64.129 64.342 64.509 64.861 65.078 64.475 65.015 64.034 64.157 64.805 65.933 65.337 66.298 66.203 68.754 70.611 71.712 72.97 72.626 73.624 75.496 75.806 76.952 77.666 76.404 75.313 73.529 78.432 79.186 76.006 77.787 76.305 77.359 78.349 77.361 77.301 77.605 77.995
57.549 57.063 57.628 57.585 57.422 57.603 57.933 58.128 58.287 58.241 58.38 58.549 58.741 58.932 59.132 59.284 59.533 59.737 59.946 60.162 60.415 60.667 60.931 61.203 61.476 61.784 62.114 62.473 62.816 63.209 63.571 64.001 64.403 65.256 64.995 64.841 65.492 65.46 64.885 64.82 64.332 64.774 64.432 64.525 67.529 65.162 65.855 66.36 66.784 69.077 73.909 75.307 72.828 73.862 76.011 76.668 77.869 77.828 78.798 77.384 75.802 76.276 79.42 80.364 79.701 76.217 76.086 76.907 77.501 77.506 77.717 78.105
57.38 57.277 57.768 57.731 57.624 57.826 58.04 58.429 58.383 58.555 58.564 58.721 58.916 59.103 59.313 59.46 59.685 59.935 60.148 60.393 60.658 60.929 61.197 61.497 61.762 62.062 62.403 62.847 63.839 63.619 64.202 64.49 65.234 65.323 65.996 65.957 66.135 65.336 64.881 64.696 65.015 65.25 65.944 64.686 64.997 65.41 67.302 66.364 67.012 67.362 68.674 70.184 70.675 75.644 75.482 72.293 77.56 73.429 79.437 79.616 77.636 78.162 75.626 79.958 80.709 75.984 77.961 76.646 77.146 77.427 77.805 78.165
57.511 57.684 57.81 57.816 57.846 58.149 58.349 58.688 58.659 58.963 58.726 58.874 59.082 59.26 59.485 59.705 59.889 60.145 60.325 60.593 60.867 61.173 61.454 61.741 62.05 62.363 62.713 63.108 64.212 64.44 65.889 65.139 65.47 66.492 66.6 66.976 66.525 66.354 67.431 65.194 65.517 66.322 67.807 65.153 65.352 65.802 68.714 66.964 67.131 67.594 68.535 71.939 72.597 73.107 76.794 76.325 77.485 79.749 78.538 74.594 74.967 79.519 80.966 80.169 78.289 79.04 77.408 77.829 77.164 77.615 78.034 78.194
57.829 57.955 58.201 58.094 58.298 58.63 58.675 58.943 58.82 58.903 59.024 59.058 59.248 59.474 59.652 59.876 60.115 60.351 60.58 60.825 61.134 61.386 61.699 62.029 62.331 62.66 63.082 63.576 64.322 66.991 65.572 68.588 66.458 67.682 67.608 67.579 67.316 66.947 67.987 65.702 67.099 65.732 65.881 66.191 65.969 66.238 66.862 70.676 68.434 69.1 69.712 70.17 72.935 73.304 77.677 77.674 78.016 79.384 78.081 79.53 78.456 79.451 78.582 81.006 80.803 81.32 78.664 78.461 77.498 78.033 77.87 78.218
58.107 58.189 58.25 58.497 58.322 58.513 58.712 59.037 59.34 59.353 59.156 59.234 59.419 59.603 59.832 60.037 60.294 60.784 60.732 61.191 61.315 61.622 61.939 62.263 62.6 62.931 63.345 63.807 64.449 66.918 66.316 70.064 67.206 67.683 67.192 67.917 68.16 68.25 67.048 66.268 66.185 66.214 66.247 66.374 66.572 66.816 68.648 72.273 68.812 69.377 73.157 74.297 73.725 74.687 76.85 77.877 79.79 79.57 80.571 79.568 80.021 79.256 76.676 76.583 79.964 78.152 78.131 77.16 77.499 77.804 77.91 78.246
