raw_data/humedad_relativa/hora9/rh9aug.txt
ncols         501
nrows         361
xllcorner     109.95
yllcorner     -45.05
cellsize      0.1
NODATA_value  -9999
[rows 192 to 223 of 361, columns 288 to 359 of 501]
49.915 49.724 49.583 49.391 49.249 49.204 49.118 49.137 48.952 48.78 48.678 48.631 48.456 48.377 48.36 48.475 48.645 48.804 48.952 49.262 49.489 49.698 49.885 50.131 50.415 50.602 50.774 50.849 50.976 50.928 51.024 51.228 51.46 51.673 51.97 52.351 52.392 52.447 52.706 53.043 53.269 53.229 53.396 53.253 53.321 53.472 53.713 54.024 54.464 54.492 54.414 54.599 54.932 55.025 55.033 54.989 55.496 55.657 56.011 55.704 55.603 55.659 55.668 55.81 55.978 56.097 56.282 56.393 56.546 56.669 56.815 56.971
49.984 49.898 49.778 49.602 49.507 49.5 49.39 49.281 49.208 49.093 49.026 48.886 48.819 48.778 48.813 48.834 49.02 49.125 49.377 49.512 49.721 49.963 50.152 50.432 50.674 50.846 51.027 51.128 51.168 51.371 51.407 51.544 51.781 52.319 52.734 53.258 52.974 52.899 52.721 52.897 53.09 53.229 53.704 53.426 53.584 53.77 54.247 54.454 54.823 54.743 54.808 55.163 55.196 55.191 55.298 55.273 55.56 55.973 56.177 55.917 55.936 55.853 56.017 56.167 56.275 56.408 56.561 56.829 56.827 56.969 57.096 57.236
50.19 50.084 49.95 49.967 49.833 49.756 49.642 49.568 49.504 49.411 49.34 49.311 49.216 49.165 49.161 49.243 49.329 49.482 49.665 49.793 50.054 50.283 50.525 50.759 51.01 51.213 51.345 51.554 51.629 51.83 51.745 51.888 52.15 52.607 52.761 53.58 53.119 52.902 52.96 53.168 53.248 53.387 53.678 53.745 53.869 54.138 54.552 54.578 54.998 54.92 55.371 55.368 55.503 55.628 55.476 55.531 55.805 56.045 56.375 56.176 56.147 56.147 56.328 56.418 56.556 56.828 57.023 57.141 57.075 57.236 57.372 57.51
50.445 50.38 50.321 50.279 50.155 50.113 50.05 50.01 49.823 49.766 49.698 49.665 49.569 49.56 49.638 49.622 49.784 49.894 50.005 50.2 50.403 50.648 50.911 51.085 51.304 51.515 51.646 51.795 51.977 52.13 52.074 52.244 52.511 52.906 53.043 53.58 53.369 53.187 53.196 53.423 53.524 53.688 53.843 54.028 54.259 54.603 54.791 54.829 55.165 55.814 55.699 55.517 55.808 55.739 55.748 55.763 56.196 56.335 56.313 56.278 56.349 56.47 56.618 56.652 56.828 56.956 57.299 57.235 57.342 57.506 57.677 57.81
50.705 50.636 50.616 50.549 50.531 50.502 50.334 50.252 50.204 50.117 50.033 50 49.981 49.989 50.041 50.045 50.175 50.235 50.409 50.587 50.792 51.06 51.213 51.443 51.646 51.81 51.875 52.013 52.252 52.371 52.436 52.617 52.821 53.22 53.597 53.365 53.287 53.357 53.494 53.672 53.93 54.144 54.209 54.345 54.684 54.928 54.918 55.088 55.537 55.679 55.759 55.787 56.033 56.3 55.964 56.085 56.369 56.647 56.433 56.515 56.616 56.75 56.89 56.943 57.08 57.252 57.593 57.553 57.623 57.791 57.926 58.061
51.044 51.069 50.983 50.88 50.882 50.737 50.683 50.627 50.481 50.483 50.469 50.444 50.417 50.388 50.392 50.515 50.569 50.675 50.831 51.033 51.201 51.435 51.513 51.847 52.119 52.061 52.224 52.339 52.615 52.763 52.9 53.007 53.208 53.561 53.28 53.403 53.53 53.682 53.848 53.987 54.166 54.373 54.448 54.672 54.792 55.003 55.196 55.438 55.704 55.914 56.033 56.025 56.231 56.609 56.257 56.366 56.453 56.863 56.707 56.817 56.92 57.066 57.119 57.265 57.423 57.523 57.933 57.847 57.895 58.056 58.199 58.346
51.608 51.289 51.235 51.274 51.175 51.159 51.067 51.028 50.832 50.86 50.852 50.804 50.817 50.869 50.877 50.939 51.052 51.131 51.304 51.366 51.559 51.821 52.076 52.048 52.348 52.44 52.62 52.748 52.957 53.165 53.745 53.415 53.595 53.952 53.558 53.71 53.869 54.028 54.223 54.311 54.502 54.682 54.77 54.949 55.092 55.324 55.459 55.681 55.924 56.172 56.238 56.274 56.664 56.788 56.656 56.641 56.81 56.924 56.991 57.068 57.234 57.336 57.448 57.608 57.917 58.023 58.264 58.107 58.172 58.346 58.48 58.636
51.943 51.672 51.577 51.512 51.543 51.367 51.371 51.358 51.326 51.275 51.29 51.224 51.267 51.242 51.311 51.322 51.503 51.613 51.743 51.849 52.017 52.228 52.439 52.605 52.678 52.771 52.974 53.169 53.365 53.862 53.691 53.816 54.072 54.311 53.902 54.054 54.192 54.321 54.464 54.655 54.826 54.967 55.093 55.266 55.408 55.516 55.707 55.935 56.27 56.586 56.544 56.675 56.998 57.141 57.209 56.981 57.086 57.196 57.372 57.431 57.508 57.601 57.766 58.105 58.33 58.209 58.469 58.591 58.465 58.613 58.768 58.919
52.127 51.995 51.926 51.827 51.818 51.74 51.765 51.821 51.706 51.732 51.649 51.689 51.645 51.693 51.729 51.817 51.94 52.082 52.097 52.323 52.464 52.673 52.846 53.04 53.155 53.362 53.444 53.634 53.985 54.17 54.313 54.222 54.578 54.31 54.35 54.408 54.556 54.693 54.904 55.038 55.228 55.348 55.491 55.666 55.848 56.057 56.143 56.342 56.614 56.83 56.827 57.065 57.208 57.379 57.337 57.369 57.372 57.575 57.874 57.895 57.987 57.989 58.116 58.284 58.486 58.413 58.564 58.638 58.771 58.899 59.039 59.168
52.566 52.486 52.399 52.369 52.245 52.123 52.255 52.198 52.152 52.142 52.167 52.099 52.085 52.113 52.21 52.288 52.407 52.423 52.646 52.742 52.871 53.13 53.356 53.465 53.677 53.786 53.912 54.111 54.334 54.467 55.235 54.8 54.647 54.841 54.963 54.837 54.917 55.069 55.276 55.393 55.62 55.73 55.849 56.003 56.126 56.288 56.531 56.801 56.918 57.038 57.157 57.318 57.518 57.572 57.56 57.607 57.69 57.8 57.992 57.955 58.232 58.286 58.407 58.553 58.605 58.667 58.787 58.921 59.047 59.187 59.322 59.487
52.945 52.925 52.868 52.807 52.677 52.596 52.525 52.458 52.434 52.413 52.502 52.549 52.501 52.549 52.655 52.732 52.773 52.875 53.007 53.187 53.329 53.551 53.74 54.048 54.066 54.201 54.375 54.546 54.728 54.973 54.888 54.942 55.114 55.283 55.234 55.326 55.36 55.456 55.687 55.764 55.917 56.065 56.211 56.396 56.517 56.717 56.901 57.202 57.204 57.347 57.641 57.696 57.928 57.88 58.081 58.051 58.022 58.124 58.213 58.292 58.381 58.485 58.663 58.725 58.827 58.952 59.086 59.204 59.32 59.477 59.602 59.748
53.438 53.459 53.446 53.254 53.106 53.204 53.049 52.948 52.888 52.849 52.883 53.004 52.953 52.977 53.089 53.186 53.273 53.327 53.519 53.663 53.83 54.029 54.16 54.402 54.457 54.622 54.819 55.02 55.213 55.661 55.431 55.343 55.459 55.452 55.555 55.756 55.781 55.895 56.001 56.142 56.285 56.452 56.585 56.785 56.931 57.083 57.23 57.383 57.572 57.752 57.941 58.141 58.336 58.482 58.471 58.395 58.339 58.447 58.545 58.949 58.827 58.94 58.917 59.028 59.174 59.262 59.404 59.497 59.616 59.756 59.888 60.022
54.219 53.975 53.735 53.718 53.614 53.644 53.51 53.422 53.354 53.314 53.311 53.363 53.407 53.421 53.531 53.595 53.721 53.847 54.018 54.145 54.28 54.469 54.578 54.762 54.927 55.099 55.276 55.471 55.681 55.664 55.782 55.855 55.957 55.966 56.094 56.106 56.203 56.396 56.381 56.529 56.683 56.832 57.01 57.216 57.33 57.503 57.648 57.878 58.074 58.126 58.36 58.59 58.647 58.684 58.712 58.692 58.666 58.768 58.844 58.929 59.086 59.306 59.448 59.455 59.615 59.67 59.702 59.792 59.91 60.023 60.161 60.332
54.41 54.557 54.369 54.21 54.12 54.135 54.125 54.021 53.88 53.835 53.808 53.77 53.876 53.874 53.967 54.096 54.168 54.356 54.462 54.64 54.803 54.904 55.11 55.166 55.346 55.527 55.723 55.918 56.152 56.34 56.537 56.367 56.34 56.396 56.446 56.543 56.664 57.021 56.79 56.937 57.084 57.244 57.424 57.612 57.767 57.964 58.163 58.396 58.57 58.648 58.808 58.983 58.908 58.953 59.036 58.974 59.001 59.089 59.177 59.244 59.459 59.528 59.585 59.86 59.881 59.929 59.949 60.073 60.239 60.318 60.639 60.788
54.859 54.825 54.773 54.699 54.708 54.751 54.605 54.562 54.461 54.381 54.374 54.286 54.259 54.329 54.458 54.593 54.73 54.847 54.961 55.113 55.211 55.264 55.452 55.629 55.805 55.986 56.153 56.399 56.531 56.638 56.656 56.725 57.336 57.385 57.181 56.941 57.045 57.146 57.222 57.355 57.573 57.674 57.847 58.033 58.238 58.373 58.599 58.756 58.999 59.104 59.209 59.241 59.354 59.261 59.235 59.269 59.348 59.426 59.517 59.582 59.729 59.896 59.912 59.965 60.182 60.126 60.247 60.372 60.479 60.602 60.746 61.122
55.31 55.329 55.277 55.325 55.311 55.169 55.194 55.124 55.096 55.131 54.845 54.789 54.691 54.736 54.947 55.035 55.118 55.264 55.426 55.626 55.718 55.867 55.991 56.121 56.278 56.442 56.61 56.975 56.881 57.025 57.053 57.111 57.117 57.25 57.249 57.321 57.399 57.524 57.792 57.802 58.024 58.145 58.327 58.51 58.775 58.914 59.022 59.116 59.284 59.514 59.538 59.583 59.552 59.533 59.552 59.63 59.7 59.774 59.845 60.005 60.238 60.222 60.153 60.233 60.342 60.523 60.598 60.655 60.917 61.05 61.102 61.179
55.686 55.793 55.784 55.766 55.842 55.819 55.818 55.669 55.61 55.474 55.413 55.427 55.242 55.281 55.262 55.485 55.644 55.787 55.91 56.031 56.165 56.284 56.452 56.574 56.75 57.058 57.274 57.41 57.282 57.948 57.965 57.467 57.523 57.578 57.657 57.713 57.925 58.034 58.273 58.263 58.405 58.614 58.836 58.993 59.187 59.466 59.464 59.591 59.808 59.786 59.776 59.851 59.823 59.85 59.937 59.992 60.07 60.15 60.218 60.281 60.326 60.453 60.496 60.587 60.681 60.793 60.887 60.988 61.126 61.188 61.226 61.357
56.161 56.254 56.394 56.52 56.713 56.769 56.828 56.894 56.334 56.14 56.046 55.903 55.837 55.777 55.948 56.011 56.101 56.232 56.357 56.552 56.629 56.775 56.841 56.99 57.127 57.347 57.463 57.945 58.111 57.853 57.886 58.108 57.955 58.019 58.096 58.172 58.396 58.547 58.67 58.756 58.959 59.129 59.426 59.596 59.741 59.904 59.929 60.203 60.191 60.167 60.325 60.229 60.276 60.25 60.286 60.348 60.433 60.503 60.632 60.629 60.714 60.77 60.83 60.936 61.012 61.068 61.157 61.333 61.387 61.383 61.473 61.692
56.817 56.8 57.095 57.281 57.507 58.196 58.874 57.225 57.409 56.734 56.41 56.368 56.336 56.224 56.34 56.463 56.543 56.708 56.873 57.05 57.057 57.24 57.35 57.435 57.58 57.728 57.913 58.145 58.398 58.432 58.412 58.349 58.403 58.502 58.55 58.783 58.822 58.997 59.116 59.248 59.416 59.581 59.789 60.036 60.28 60.423 60.505 60.622 60.637 60.645 60.675 60.745 60.714 60.652 60.673 60.724 60.807 60.862 60.925 60.989 61.029 61.124 61.18 61.23 61.294 61.412 61.433 61.606 61.656 61.718 61.83 61.936
57.407 58.04 58.004 58.467 58.552 58.906 61.397 58.865 57.311 56.814 56.775 56.766 56.744 56.727 56.882 56.934 57.057 57.231 57.344 57.435 57.571 57.672 57.771 57.867 57.982 58.196 58.324 58.514 59.18 58.763 58.787 58.776 58.816 58.989 59.082 59.245 59.347 59.468 59.61 59.759 59.924 60.372 60.417 60.519 60.648 60.821 60.898 60.954 61.085 60.965 60.928 60.952 60.955 61.004 61.048 61.109 61.18 61.227 61.283 61.333 61.45 61.49 61.537 61.713 61.782 61.915 61.809 61.945 62.014 62.102 62.126 62.208
58.425 58.705 58.928 60.471 59.617 61.721 60.083 57.788 57.482 57.333 57.237 57.195 57.18 57.307 57.332 57.466 57.571 57.701 57.852 57.895 58.059 58.219 58.326 58.314 58.473 58.589 58.76 58.868 59.216 59.264 59.204 59.26 59.328 59.513 59.576 59.736 59.853 60.004 60.134 60.286 60.649 60.922 60.793 60.83 60.968 61.096 61.299 61.406 61.568 61.458 61.333 61.328 61.303 61.382 61.472 61.5 61.577 61.615 61.655 61.679 61.749 61.879 62.024 62.217 62.103 62.114 62.123 62.234 62.301 62.372 62.484 62.604
59.262 60.364 60.812 61.191 61.335 60.294 59.245 58.09 57.863 57.784 57.706 57.658 57.727 57.875 57.847 58.009 58.084 58.141 58.291 58.395 58.521 58.683 58.858 58.764 58.902 59.046 59.152 59.292 59.459 59.626 59.758 59.76 59.902 60.058 60.159 60.314 60.423 60.568 60.675 60.786 60.906 61.02 61.2 61.531 61.605 61.599 61.736 61.825 62.044 61.794 61.653 61.676 61.725 61.8 61.849 61.891 61.943 62 62.097 62.159 62.149 62.241 62.332 62.363 62.357 62.414 62.487 62.575 62.608 62.728 62.857 62.997
60.472 60.584 61.728 63.214 63.096 60.521 59.983 58.332 58.238 58.22 58.172 58.122 58.163 58.284 58.471 58.445 58.6 58.752 58.817 58.866 58.996 59.159 59.08 59.292 59.381 59.472 59.626 59.727 59.86 60.004 60.297 60.484 60.555 60.656 60.92 61.087 61.04 61.176 61.273 61.388 61.472 61.534 61.95 62.025 62.226 62.084 62.374 62.211 62.011 62.068 62.051 62.108 62.15 62.223 62.242 62.291 62.358 62.385 62.429 62.487 62.594 62.822 62.851 62.704 62.72 62.769 62.818 62.887 63.035 63.142 63.277 63.406
61.67 63.125 63.241 64.288 61.729 60.074 59.113 58.781 58.697 58.61 58.619 58.621 58.68 58.903 58.94 58.932 59.047 59.236 59.306 59.444 59.524 59.613 59.674 59.767 59.884 60.006 60.14 60.283 60.389 60.587 60.72 60.964 61.27 61.249 61.61 63.038 61.672 61.83 61.909 61.981 62.079 62.091 62.18 62.396 62.486 62.535 62.423 62.419 62.455 62.451 62.499 62.571 62.585 62.64 62.683 62.757 62.781 62.81 62.939 63.115 63.1 63.13 62.972 62.996 63.085 63.166 63.261 63.323 63.451 63.613 63.659 63.829
62.343 62.983 62.427 60.878 60.217 59.802 59.504 59.195 59.094 59.077 59.124 59.153 59.21 59.386 59.423 59.528 59.612 59.655 59.843 59.905 60.038 60.127 60.186 60.312 60.393 60.533 60.677 60.858 61.095 61.215 61.262 61.443 61.631 61.94 62.047 62.309 62.298 62.404 62.547 62.597 62.656 62.676 62.708 62.898 63.12 63.099 63.162 62.888 62.92 62.87 62.918 62.976 62.985 63.034 63.063 63.123 63.143 63.49 63.314 63.336 63.311 63.3 63.328 63.396 63.504 63.592 63.74 63.767 64.261 65.926 64.186 64.231
62.523 62.888 63.856 61.048 61.064 60.052 59.818 59.653 59.571 59.593 59.644 59.673 59.728 59.917 59.96 59.947 60.205 60.278 60.393 60.467 60.555 60.608 60.816 60.823 60.947 61.154 61.309 61.452 61.657 61.767 61.877 61.994 62.158 62.4 62.691 63.301 63.19 63.078 63.194 63.295 63.283 63.242 63.307 63.54 63.898 63.566 63.566 63.376 63.335 63.306 63.392 63.435 63.435 63.502 63.528 63.5 63.555 63.677 63.622 63.658 63.662 63.7 63.792 64.449 63.883 63.976 64.121 64.253 64.518 65.101 64.896 64.64
64.061 63.646 62.676 62.124 63.388 60.558 60.18 60.119 60.086 60.223 60.217 60.187 60.293 60.351 60.388 60.597 60.548 60.806 60.819 60.92 60.99 61.122 61.254 61.396 61.496 61.617 61.891 62.073 62.376 62.746 62.529 62.441 62.663 62.978 63.263 63.305 63.666 63.683 64.007 64.016 63.886 63.823 63.78 63.923 64.02 63.945 63.839 64.21 63.79 63.843 63.826 63.842 63.871 63.905 63.907 63.939 64.068 64.014 64.036 64.044 64.065 64.301 64.339 65.134 64.347 64.426 64.543 64.679 64.959 64.944 64.92 65.541
63.984 64.037 63.368 62.058 61.856 61.07 60.718 60.589 60.611 60.648 60.676 60.713 60.871 60.868 60.927 61.097 61.218 61.324 61.366 61.436 61.466 61.728 61.751 61.898 62.138 62.266 62.533 62.822 62.998 63.411 63.113 62.988 63.207 63.5 64.356 64.249 64.011 64.312 64.616 64.43 64.51 64.416 64.299 64.525 64.348 64.27 64.262 64.266 64.219 64.473 64.611 64.542 64.337 64.359 64.362 64.372 64.521 64.421 64.453 64.464 64.568 64.561 64.668 64.876 64.922 64.847 65.008 65.085 65.37 65.304 65.321 65.504
65.067 63.586 62.8 62.9 62.774 61.549 61.322 61.22 61.221 61.179 61.205 61.259 61.479 61.591 61.493 61.75 61.859 61.941 61.892 62.027 62.157 62.166 62.317 62.615 62.684 62.884 63.211 63.691 63.938 63.936 63.609 63.662 63.801 64.004 64.209 64.359 64.675 65.078 65.328 65.273 64.847 64.849 64.777 64.78 64.749 64.731 64.708 64.709 64.71 65.115 64.922 65.146 65.243 65.085 64.831 64.823 64.857 64.873 64.866 64.906 64.961 65.037 65.138 65.641 65.684 65.485 65.408 65.707 65.797 65.717 65.723 66.024
64.477 63.485 63.177 62.732 62.912 62.073 61.937 61.849 61.883 61.965 61.769 61.842 61.968 62.092 62.072 62.135 62.178 62.304 62.331 62.503 62.591 62.738 62.872 63.029 63.278 63.605 63.853 64.176 64.361 64.183 64.18 64.236 64.318 64.514 64.891 65.099 65.87 65.665 65.736 65.601 65.438 65.352 65.295 65.244 65.237 65.218 65.221 65.196 65.205 65.306 65.217 65.266 65.343 65.31 65.27 65.289 65.331 65.293 65.327 65.37 65.42 65.477 65.584 66.04 66.221 67.356 65.922 65.986 66.126 66.131 66.167 66.383
65.116 63.953 63.362 63.116 62.916 62.689 62.527 62.441 62.471 62.426 62.533 62.481 62.536 62.589 62.624 62.669 62.734 62.859 62.915 63.032 63.155 63.296 63.404 63.61 63.81 64.063 64.492 64.956 64.815 64.979 64.817 64.824 64.901 65.079 65.413 66.338 66.083 66.101 66.077 66.36 66.477 65.915 65.796 65.772 65.744 65.725 65.664 65.706 65.708 65.793 65.684 65.724 65.752 65.741 65.754 65.733 65.753 65.758 65.778 65.824 65.9 65.959 66.028 66.485 66.395 67.073 66.717 66.508 66.474 66.577 66.838 66.654
65.44 64.597 63.855 63.629 63.476 63.259 63.117 63.045 63.006 63.098 63.113 63.167 63.195 63.255 63.285 63.305 63.308 63.401 63.512 63.565 63.69 63.828 63.97 64.108 64.588 64.63 65.014 65.851 65.576 65.433 65.751 65.501 65.532 65.608 65.904 66.298 66.698 66.521 66.502 66.648 67.051 66.4 66.324 66.226 66.232 66.246 66.262 66.308 66.196 66.268 66.196 66.209 66.217 66.18 66.199 66.192 66.207 66.217 66.232 66.253 66.292 66.398 66.702 66.596 66.859 67.101 66.931 66.762 66.804 67.007 67.213 67.046
