raw_data/humedad_relativa/hora9/rh9aug.txt
ncols         501
nrows         361
xllcorner     109.95
yllcorner     -45.05
cellsize      0.1
NODATA_value  -9999
[rows 288 to 319 of 361, columns 216 to 287 of 501]
80.313 80.35 80.386 80.421 80.456 80.489 80.521 80.552 80.582 80.611 80.639 80.665 80.69 80.714 80.736 80.757 80.777 80.795 80.812 80.827 80.841 80.853 80.864 80.873 80.881 80.887 80.892 80.896 80.898 80.899 80.898 80.897 80.894 80.89 80.885 80.879 80.873 80.865 80.857 80.848 80.839 80.83 80.82 80.811 80.801 80.792 80.783 80.775 80.768 80.762 80.757 80.753 80.752 80.752 80.754 80.758 80.766 80.775 80.788 80.805 80.824 80.847 80.875 80.906 80.941 80.98 81.024 81.072 81.125 81.181 81.243 81.308
80.42 80.455 80.49 80.525 80.558 80.59 80.622 80.652 80.681 80.709 80.736 80.761 80.786 80.809 80.831 80.851 80.87 80.888 80.905 80.919 80.933 80.945 80.956 80.965 80.973 80.98 80.985 80.989 80.992 80.994 80.994 80.993 80.991 80.988 80.984 80.979 80.974 80.968 80.961 80.954 80.946 80.938 80.93 80.922 80.914 80.907 80.9 80.894 80.888 80.884 80.881 80.879 80.879 80.881 80.884 80.89 80.899 80.91 80.924 80.941 80.962 80.985 81.013 81.044 81.079 81.118 81.161 81.208 81.259 81.314 81.372 81.435
80.525 80.56 80.594 80.627 80.659 80.69 80.721 80.75 80.779 80.806 80.832 80.857 80.881 80.903 80.924 80.944 80.963 80.981 80.997 81.011 81.025 81.037 81.048 81.057 81.065 81.072 81.078 81.082 81.086 81.088 81.089 81.089 81.087 81.085 81.082 81.079 81.074 81.069 81.064 81.058 81.051 81.045 81.038 81.032 81.026 81.02 81.014 81.01 81.006 81.003 81.002 81.001 81.003 81.006 81.011 81.019 81.028 81.041 81.056 81.074 81.095 81.119 81.146 81.177 81.212 81.25 81.292 81.338 81.387 81.44 81.497 81.557
80.63 80.663 80.696 80.728 80.759 80.79 80.819 80.848 80.875 80.902 80.927 80.951 80.974 80.996 81.017 81.037 81.055 81.072 81.088 81.103 81.116 81.128 81.139 81.149 81.157 81.164 81.17 81.175 81.178 81.181 81.183 81.183 81.183 81.182 81.18 81.177 81.173 81.169 81.165 81.16 81.155 81.15 81.145 81.14 81.135 81.131 81.127 81.124 81.121 81.12 81.12 81.121 81.124 81.129 81.135 81.144 81.154 81.167 81.183 81.202 81.223 81.247 81.275 81.306 81.34 81.377 81.418 81.462 81.51 81.561 81.615 81.673
80.733 80.766 80.797 80.829 80.859 80.888 80.917 80.944 80.971 80.997 81.021 81.045 81.068 81.089 81.109 81.129 81.146 81.163 81.179 81.193 81.207 81.219 81.229 81.239 81.248 81.255 81.261 81.266 81.27 81.274 81.276 81.277 81.277 81.277 81.276 81.274 81.271 81.268 81.265 81.261 81.258 81.254 81.25 81.246 81.243 81.24 81.237 81.235 81.234 81.234 81.236 81.238 81.242 81.248 81.255 81.265 81.277 81.29 81.307 81.326 81.347 81.372 81.399 81.429 81.463 81.499 81.539 81.582 81.628 81.677 81.729 81.783
80.835 80.867 80.898 80.928 80.957 80.986 81.013 81.04 81.066 81.091 81.115 81.138 81.16 81.181 81.201 81.219 81.237 81.254 81.269 81.283 81.296 81.308 81.319 81.329 81.338 81.345 81.352 81.357 81.362 81.365 81.368 81.37 81.371 81.371 81.371 81.37 81.368 81.366 81.364 81.361 81.359 81.356 81.353 81.351 81.348 81.346 81.345 81.345 81.345 81.346 81.349 81.352 81.357 81.364 81.373 81.383 81.395 81.41 81.426 81.446 81.467 81.492 81.519 81.548 81.581 81.617 81.655 81.696 81.74 81.787 81.837 81.889
80.937 80.967 80.997 81.026 81.054 81.082 81.109 81.135 81.16 81.184 81.208 81.23 81.252 81.272 81.291 81.31 81.327 81.343 81.358 81.372 81.385 81.397 81.408 81.418 81.427 81.435 81.441 81.447 81.452 81.456 81.459 81.462 81.463 81.464 81.465 81.464 81.464 81.463 81.461 81.46 81.458 81.456 81.455 81.453 81.452 81.451 81.451 81.452 81.453 81.456 81.459 81.464 81.47 81.477 81.486 81.497 81.51 81.525 81.542 81.562 81.583 81.607 81.634 81.663 81.695 81.729 81.767 81.806 81.849 81.893 81.941 81.99
81.037 81.066 81.095 81.123 81.151 81.178 81.204 81.229 81.253 81.277 81.3 81.321 81.342 81.362 81.381 81.399 81.416 81.432 81.447 81.461 81.474 81.485 81.496 81.506 81.515 81.523 81.53 81.536 81.541 81.546 81.55 81.552 81.555 81.556 81.557 81.558 81.558 81.558 81.557 81.557 81.556 81.555 81.554 81.554 81.554 81.554 81.555 81.557 81.559 81.562 81.567 81.572 81.579 81.587 81.597 81.609 81.622 81.637 81.655 81.674 81.695 81.719 81.745 81.774 81.805 81.838 81.874 81.912 81.952 81.995 82.04 82.087
81.136 81.164 81.192 81.22 81.246 81.272 81.298 81.322 81.346 81.369 81.391 81.412 81.432 81.452 81.47 81.488 81.504 81.52 81.535 81.548 81.561 81.573 81.584 81.594 81.603 81.611 81.618 81.624 81.63 81.635 81.639 81.642 81.645 81.647 81.649 81.65 81.651 81.652 81.652 81.652 81.652 81.652 81.653 81.653 81.654 81.655 81.657 81.659 81.663 81.667 81.672 81.678 81.686 81.695 81.705 81.717 81.731 81.746 81.763 81.783 81.804 81.827 81.853 81.88 81.91 81.942 81.977 82.013 82.052 82.092 82.135 82.179
81.234 81.261 81.288 81.315 81.341 81.366 81.39 81.414 81.437 81.459 81.481 81.502 81.521 81.54 81.558 81.576 81.592 81.607 81.622 81.635 81.648 81.66 81.67 81.68 81.689 81.698 81.705 81.712 81.718 81.723 81.727 81.731 81.734 81.737 81.739 81.741 81.743 81.744 81.745 81.746 81.747 81.748 81.749 81.75 81.752 81.754 81.757 81.76 81.764 81.769 81.775 81.782 81.79 81.799 81.81 81.822 81.836 81.851 81.869 81.888 81.909 81.932 81.956 81.983 82.012 82.043 82.076 82.111 82.147 82.186 82.226 82.268
81.331 81.357 81.383 81.409 81.434 81.459 81.482 81.505 81.528 81.549 81.57 81.59 81.61 81.628 81.646 81.663 81.679 81.694 81.708 81.721 81.734 81.745 81.756 81.766 81.775 81.784 81.791 81.798 81.804 81.81 81.815 81.819 81.823 81.826 81.829 81.831 81.833 81.835 81.837 81.839 81.84 81.842 81.844 81.846 81.848 81.851 81.854 81.858 81.863 81.868 81.875 81.882 81.891 81.901 81.912 81.924 81.938 81.954 81.971 81.989 82.01 82.032 82.056 82.082 82.11 82.14 82.171 82.204 82.239 82.276 82.314 82.353
81.426 81.452 81.478 81.502 81.527 81.55 81.573 81.596 81.617 81.638 81.659 81.678 81.697 81.715 81.732 81.749 81.764 81.779 81.793 81.806 81.819 81.83 81.841 81.851 81.86 81.869 81.877 81.884 81.89 81.896 81.901 81.906 81.91 81.914 81.917 81.92 81.922 81.925 81.927 81.929 81.932 81.934 81.937 81.939 81.942 81.946 81.95 81.954 81.96 81.966 81.973 81.98 81.989 81.999 82.011 82.023 82.037 82.053 82.07 82.088 82.108 82.13 82.153 82.178 82.205 82.233 82.263 82.294 82.327 82.362 82.398 82.434
81.521 81.546 81.571 81.595 81.618 81.641 81.663 81.685 81.706 81.727 81.746 81.765 81.784 81.801 81.818 81.834 81.849 81.864 81.878 81.891 81.903 81.914 81.925 81.935 81.944 81.953 81.961 81.968 81.975 81.981 81.986 81.991 81.996 82 82.004 82.007 82.01 82.013 82.016 82.019 82.022 82.025 82.028 82.031 82.035 82.039 82.043 82.048 82.054 82.061 82.068 82.076 82.085 82.096 82.107 82.12 82.134 82.149 82.165 82.183 82.203 82.224 82.246 82.27 82.296 82.323 82.351 82.381 82.412 82.445 82.478 82.513
81.615 81.639 81.663 81.686 81.709 81.731 81.752 81.774 81.794 81.814 81.833 81.852 81.869 81.886 81.903 81.919 81.934 81.948 81.961 81.974 81.986 81.998 82.008 82.018 82.028 82.036 82.044 82.052 82.058 82.065 82.07 82.076 82.081 82.085 82.089 82.093 82.097 82.1 82.104 82.107 82.11 82.114 82.117 82.121 82.125 82.13 82.135 82.14 82.146 82.153 82.161 82.169 82.179 82.189 82.201 82.213 82.227 82.242 82.258 82.276 82.295 82.315 82.337 82.36 82.384 82.41 82.437 82.465 82.494 82.525 82.556 82.588
81.707 81.731 81.754 81.776 81.798 81.82 81.841 81.861 81.881 81.9 81.919 81.937 81.954 81.971 81.987 82.002 82.017 82.031 82.044 82.057 82.069 82.08 82.091 82.101 82.11 82.119 82.127 82.134 82.141 82.148 82.154 82.159 82.164 82.169 82.174 82.178 82.182 82.186 82.19 82.193 82.197 82.201 82.205 82.209 82.214 82.219 82.224 82.23 82.237 82.244 82.252 82.26 82.27 82.28 82.292 82.304 82.318 82.333 82.348 82.365 82.384 82.403 82.424 82.446 82.469 82.493 82.519 82.545 82.573 82.601 82.631 82.661
81.799 81.821 81.844 81.865 81.887 81.907 81.928 81.948 81.967 81.986 82.004 82.021 82.038 82.054 82.07 82.085 82.099 82.113 82.126 82.139 82.15 82.161 82.172 82.182 82.191 82.2 82.208 82.216 82.223 82.229 82.236 82.241 82.247 82.252 82.257 82.261 82.266 82.27 82.274 82.278 82.282 82.287 82.291 82.296 82.301 82.306 82.312 82.318 82.325 82.332 82.34 82.349 82.359 82.369 82.38 82.393 82.406 82.42 82.436 82.452 82.47 82.489 82.508 82.529 82.551 82.574 82.598 82.623 82.649 82.676 82.703 82.731
81.889 81.911 81.933 81.954 81.974 81.994 82.014 82.033 82.052 82.07 82.088 82.105 82.121 82.137 82.152 82.167 82.181 82.194 82.207 82.219 82.231 82.242 82.252 82.262 82.272 82.28 82.288 82.296 82.303 82.31 82.317 82.323 82.328 82.333 82.339 82.343 82.348 82.353 82.357 82.362 82.366 82.371 82.376 82.381 82.386 82.391 82.397 82.404 82.411 82.418 82.426 82.435 82.445 82.455 82.467 82.479 82.492 82.506 82.521 82.536 82.553 82.571 82.59 82.61 82.631 82.652 82.675 82.698 82.722 82.747 82.772 82.798
81.979 82 82.02 82.041 82.061 82.08 82.099 82.118 82.136 82.154 82.171 82.187 82.203 82.219 82.234 82.248 82.262 82.275 82.287 82.299 82.311 82.322 82.332 82.342 82.351 82.36 82.368 82.376 82.383 82.39 82.396 82.402 82.408 82.414 82.419 82.424 82.429 82.434 82.439 82.444 82.448 82.453 82.458 82.464 82.469 82.475 82.481 82.488 82.495 82.503 82.511 82.52 82.529 82.539 82.55 82.562 82.575 82.588 82.603 82.618 82.634 82.651 82.669 82.688 82.708 82.728 82.749 82.771 82.793 82.816 82.84 82.863
82.067 82.087 82.107 82.127 82.146 82.165 82.184 82.202 82.219 82.236 82.253 82.269 82.285 82.3 82.314 82.328 82.341 82.354 82.367 82.378 82.39 82.4 82.411 82.42 82.429 82.438 82.446 82.454 82.461 82.468 82.475 82.481 82.487 82.493 82.499 82.504 82.509 82.514 82.519 82.524 82.529 82.534 82.54 82.545 82.551 82.557 82.563 82.57 82.577 82.585 82.593 82.602 82.611 82.621 82.632 82.644 82.656 82.669 82.683 82.697 82.713 82.729 82.746 82.764 82.782 82.801 82.821 82.841 82.862 82.883 82.905 82.927
82.154 82.174 82.193 82.212 82.231 82.249 82.267 82.285 82.302 82.318 82.334 82.35 82.365 82.38 82.394 82.407 82.42 82.433 82.445 82.457 82.468 82.478 82.488 82.498 82.507 82.516 82.524 82.532 82.539 82.546 82.553 82.559 82.565 82.571 82.577 82.582 82.587 82.593 82.598 82.603 82.608 82.614 82.619 82.625 82.631 82.637 82.643 82.65 82.657 82.665 82.673 82.682 82.691 82.701 82.711 82.723 82.734 82.747 82.76 82.774 82.789 82.804 82.82 82.837 82.854 82.872 82.891 82.909 82.929 82.948 82.968 82.988
82.241 82.259 82.278 82.297 82.315 82.332 82.349 82.366 82.383 82.399 82.415 82.43 82.444 82.459 82.472 82.486 82.498 82.511 82.523 82.534 82.545 82.555 82.565 82.574 82.583 82.592 82.6 82.608 82.615 82.622 82.629 82.636 82.642 82.648 82.654 82.659 82.665 82.67 82.675 82.681 82.686 82.692 82.697 82.703 82.709 82.715 82.722 82.728 82.736 82.743 82.751 82.76 82.769 82.779 82.789 82.8 82.811 82.823 82.836 82.849 82.863 82.877 82.892 82.908 82.924 82.941 82.958 82.975 82.993 83.011 83.029 83.047
82.326 82.344 82.362 82.38 82.397 82.414 82.431 82.447 82.463 82.479 82.494 82.509 82.523 82.537 82.55 82.563 82.576 82.587 82.599 82.61 82.621 82.631 82.641 82.65 82.659 82.667 82.675 82.683 82.691 82.698 82.704 82.711 82.717 82.723 82.729 82.735 82.74 82.746 82.751 82.757 82.762 82.768 82.774 82.779 82.785 82.792 82.798 82.805 82.812 82.82 82.828 82.836 82.845 82.854 82.864 82.874 82.885 82.897 82.909 82.921 82.935 82.948 82.962 82.977 82.992 83.007 83.023 83.039 83.056 83.072 83.088 83.105
82.41 82.428 82.445 82.462 82.479 82.495 82.511 82.527 82.543 82.558 82.572 82.587 82.601 82.614 82.627 82.64 82.652 82.663 82.675 82.685 82.696 82.706 82.715 82.725 82.733 82.742 82.75 82.758 82.765 82.772 82.779 82.785 82.792 82.798 82.804 82.809 82.815 82.821 82.826 82.832 82.837 82.843 82.849 82.854 82.86 82.867 82.873 82.88 82.887 82.894 82.902 82.91 82.919 82.928 82.937 82.947 82.958 82.969 82.98 82.992 83.004 83.017 83.03 83.044 83.058 83.072 83.087 83.101 83.116 83.131 83.146 83.161
82.493 82.51 82.527 82.543 82.559 82.575 82.591 82.606 82.621 82.636 82.65 82.664 82.677 82.69 82.703 82.715 82.727 82.738 82.749 82.76 82.77 82.78 82.789 82.798 82.807 82.815 82.823 82.831 82.838 82.845 82.852 82.858 82.865 82.871 82.877 82.883 82.888 82.894 82.899 82.905 82.911 82.916 82.922 82.928 82.934 82.94 82.946 82.953 82.96 82.967 82.975 82.983 82.991 83 83.009 83.018 83.028 83.039 83.049 83.061 83.072 83.084 83.096 83.109 83.122 83.135 83.148 83.162 83.175 83.189 83.202 83.215
82.575 82.591 82.608 82.623 82.639 82.654 82.67 82.684 82.699 82.713 82.727 82.74 82.753 82.766 82.778 82.79 82.801 82.812 82.823 82.833 82.843 82.853 82.862 82.871 82.879 82.888 82.895 82.903 82.91 82.917 82.924 82.93 82.937 82.943 82.949 82.955 82.96 82.966 82.971 82.977 82.983 82.988 82.994 83 83.006 83.012 83.018 83.025 83.031 83.038 83.046 83.053 83.061 83.07 83.078 83.087 83.097 83.107 83.117 83.127 83.138 83.149 83.161 83.172 83.184 83.196 83.208 83.22 83.233 83.245 83.257 83.268
82.656 82.672 82.687 82.703 82.718 82.733 82.747 82.761 82.775 82.789 82.802 82.815 82.828 82.84 82.852 82.863 82.875 82.885 82.896 82.906 82.916 82.925 82.934 82.943 82.951 82.959 82.967 82.974 82.981 82.988 82.995 83.001 83.008 83.014 83.019 83.025 83.031 83.037 83.042 83.048 83.053 83.059 83.064 83.07 83.076 83.082 83.088 83.095 83.101 83.108 83.115 83.122 83.13 83.138 83.146 83.155 83.164 83.173 83.182 83.192 83.202 83.212 83.223 83.234 83.245 83.256 83.267 83.278 83.289 83.299 83.31 83.32
82.736 82.751 82.766 82.781 82.796 82.81 82.824 82.838 82.851 82.864 82.877 82.89 82.902 82.914 82.925 82.936 82.947 82.958 82.968 82.978 82.987 82.996 83.005 83.013 83.022 83.029 83.037 83.044 83.051 83.058 83.065 83.071 83.077 83.083 83.089 83.095 83.1 83.106 83.111 83.117 83.122 83.128 83.133 83.139 83.145 83.151 83.157 83.163 83.169 83.176 83.183 83.19 83.197 83.205 83.212 83.22 83.229 83.237 83.246 83.255 83.265 83.274 83.284 83.294 83.303 83.313 83.323 83.333 83.343 83.352 83.362 83.371
82.815 82.83 82.844 82.858 82.872 82.886 82.899 82.913 82.926 82.938 82.951 82.963 82.975 82.986 82.997 83.008 83.019 83.029 83.039 83.048 83.057 83.066 83.075 83.083 83.091 83.099 83.106 83.113 83.12 83.127 83.133 83.14 83.146 83.152 83.157 83.163 83.169 83.174 83.18 83.185 83.19 83.196 83.201 83.207 83.212 83.218 83.224 83.23 83.236 83.242 83.249 83.255 83.262 83.269 83.277 83.284 83.292 83.3 83.308 83.317 83.325 83.334 83.343 83.352 83.361 83.37 83.379 83.387 83.396 83.404 83.412 83.42
82.893 82.907 82.921 82.935 82.948 82.961 82.974 82.987 82.999 83.012 83.024 83.035 83.047 83.058 83.069 83.079 83.089 83.099 83.109 83.118 83.127 83.136 83.144 83.152 83.16 83.167 83.174 83.181 83.188 83.195 83.201 83.207 83.213 83.219 83.225 83.23 83.236 83.241 83.246 83.252 83.257 83.262 83.268 83.273 83.278 83.284 83.289 83.295 83.301 83.307 83.313 83.32 83.326 83.333 83.34 83.347 83.354 83.362 83.369 83.377 83.385 83.393 83.401 83.409 83.417 83.425 83.433 83.44 83.448 83.455 83.462 83.468
82.97 82.984 82.997 83.01 83.023 83.036 83.048 83.06 83.072 83.084 83.096 83.107 83.118 83.129 83.139 83.149 83.159 83.168 83.178 83.187 83.195 83.204 83.212 83.22 83.227 83.235 83.242 83.248 83.255 83.261 83.268 83.274 83.279 83.285 83.291 83.296 83.301 83.307 83.312 83.317 83.322 83.327 83.333 83.338 83.343 83.348 83.354 83.359 83.365 83.37 83.376 83.382 83.388 83.395 83.401 83.408 83.414 83.421 83.428 83.435 83.442 83.45 83.457 83.464 83.471 83.478 83.485 83.492 83.498 83.504 83.51 83.516
83.046 83.059 83.072 83.084 83.097 83.109 83.121 83.133 83.144 83.156 83.167 83.177 83.188 83.198 83.208 83.218 83.228 83.237 83.246 83.255 83.263 83.271 83.279 83.287 83.294 83.301 83.308 83.314 83.321 83.327 83.333 83.339 83.345 83.35 83.356 83.361 83.366 83.371 83.376 83.381 83.386 83.391 83.396 83.401 83.406 83.411 83.416 83.422 83.427 83.432 83.438 83.443 83.449 83.455 83.461 83.467 83.473 83.48 83.486 83.492 83.499 83.505 83.512 83.518 83.524 83.53 83.536 83.542 83.548 83.553 83.557 83.562
83.121 83.133 83.146 83.158 83.17 83.181 83.193 83.204 83.215 83.226 83.237 83.247 83.257 83.267 83.277 83.286 83.296 83.304 83.313 83.321 83.33 83.337 83.345 83.352 83.359 83.366 83.373 83.379 83.386 83.392 83.398 83.403 83.409 83.414 83.419 83.425 83.43 83.435 83.439 83.444 83.449 83.454 83.459 83.463 83.468 83.473 83.478 83.483 83.488 83.493 83.498 83.503 83.509 83.514 83.519 83.525 83.531 83.536 83.542 83.548 83.554 83.559 83.565 83.571 83.576 83.581 83.586 83.591 83.596 83.6 83.604 83.607
