raw_data/humedad_relativa/hora9/rh9aug.txt
ncols         501
nrows         361
xllcorner     109.95
yllcorner     -45.05
cellsize      0.1
NODATA_value  -9999
[rows 32 to 63 of 361, columns 144 to 215 of 501]
51.942 51.905 51.871 51.839 51.809 51.783 51.759 51.738 51.72 51.706 51.695 51.688 51.685 51.686 51.691 51.701 51.716 51.736 51.761 51.791 51.826 51.868 51.915 51.968 52.028 52.093 52.166 52.245 52.331 52.423 52.523 52.63 52.745 52.866 52.996 53.133 53.277 53.429 53.589 53.757 53.932 54.116 54.307 54.506 54.713 54.927 55.15 55.38 55.617 55.863 56.116 56.376 56.644 56.919 57.202 57.492 57.788 58.092 58.402 58.719 59.043 59.373 59.709 60.052 60.4 60.754 61.114 61.641 61.85 62.225 62.606 62.99
51.679 51.638 51.6 51.564 51.531 51.5 51.472 51.446 51.425 51.406 51.391 51.38 51.372 51.369 51.371 51.377 51.387 51.403 51.424 51.45 51.482 51.519 51.563 51.613 51.669 51.731 51.8 51.876 51.959 52.049 52.146 52.251 52.363 52.483 52.61 52.745 52.888 53.039 53.197 53.364 53.539 53.721 53.912 54.111 54.317 54.532 54.755 54.985 55.224 55.47 55.724 55.985 56.255 56.531 56.815 57.107 57.405 57.711 58.024 58.343 58.67 59.003 59.342 59.688 60.04 60.398 60.762 61.284 61.602 61.911 62.327 62.662
51.415 51.371 51.328 51.288 51.251 51.215 51.183 51.154 51.127 51.104 51.085 51.069 51.058 51.05 51.047 51.049 51.055 51.066 51.083 51.105 51.133 51.167 51.206 51.252 51.305 51.364 51.43 51.503 51.582 51.669 51.764 51.866 51.976 52.093 52.218 52.351 52.493 52.642 52.799 52.965 53.138 53.32 53.51 53.708 53.915 54.13 54.352 54.583 54.822 55.069 55.324 55.586 55.857 56.135 56.42 56.713 57.014 57.322 57.636 57.958 58.287 58.623 59.111 59.314 59.669 60.214 60.614 60.94 61.342 61.539 61.988 62.374
51.151 51.102 51.056 51.011 50.969 50.93 50.893 50.859 50.828 50.801 50.777 50.756 50.74 50.728 50.721 50.718 50.72 50.727 50.739 50.757 50.781 50.81 50.846 50.888 50.937 50.992 51.054 51.124 51.2 51.284 51.376 51.475 51.582 51.697 51.82 51.952 52.091 52.238 52.394 52.558 52.731 52.912 53.101 53.299 53.505 53.72 53.943 54.174 54.413 54.66 54.916 55.179 55.451 55.73 56.017 56.311 56.613 56.923 57.24 57.564 57.895 58.233 58.577 59.025 59.286 59.687 60.25 60.494 60.885 61.195 61.573 62.003
50.886 50.833 50.782 50.733 50.687 50.643 50.601 50.563 50.527 50.495 50.466 50.441 50.421 50.404 50.392 50.384 50.381 50.384 50.392 50.405 50.424 50.45 50.481 50.519 50.564 50.615 50.674 50.74 50.813 50.894 50.983 51.079 51.183 51.296 51.416 51.545 51.683 51.828 51.983 52.146 52.317 52.497 52.685 52.883 53.088 53.302 53.525 53.756 53.996 54.244 54.5 54.764 55.036 55.317 55.605 55.901 56.204 56.515 56.834 57.159 57.492 57.91 58.179 58.765 58.92 59.26 59.814 60.216 60.65 60.885 61.199 61.718
50.62 50.563 50.508 50.455 50.403 50.355 50.308 50.265 50.225 50.188 50.154 50.124 50.098 50.077 50.06 50.047 50.04 50.037 50.041 50.049 50.064 50.085 50.112 50.146 50.186 50.234 50.289 50.351 50.421 50.498 50.583 50.677 50.778 50.888 51.006 51.133 51.268 51.412 51.565 51.726 51.896 52.075 52.262 52.459 52.664 52.878 53.1 53.331 53.571 53.819 54.076 54.341 54.614 54.895 55.184 55.481 55.786 56.098 56.418 56.746 57.08 57.422 57.771 58.172 58.734 58.937 59.307 59.888 60.082 60.414 60.895 61.316
50.354 50.293 50.233 50.175 50.119 50.065 50.014 49.966 49.921 49.878 49.84 49.805 49.774 49.747 49.725 49.708 49.695 49.688 49.686 49.69 49.7 49.716 49.739 49.768 49.804 49.848 49.899 49.957 50.023 50.097 50.179 50.269 50.367 50.474 50.59 50.714 50.847 50.989 51.14 51.299 51.468 51.646 51.832 52.028 52.232 52.446 52.668 52.899 53.139 53.387 53.644 53.909 54.183 54.465 54.755 55.053 55.359 55.672 55.994 56.322 56.792 57.104 57.44 57.933 58.552 58.933 58.996 59.474 60.084 60.125 60.531 61.119
50.088 50.022 49.957 49.895 49.834 49.775 49.719 49.666 49.615 49.568 49.524 49.484 49.447 49.415 49.388 49.365 49.347 49.335 49.328 49.327 49.332 49.343 49.361 49.386 49.418 49.457 49.503 49.558 49.62 49.69 49.768 49.855 49.95 50.054 50.167 50.289 50.419 50.559 50.708 50.866 51.033 51.209 51.395 51.589 51.793 52.006 52.228 52.459 52.698 52.947 53.204 53.47 53.744 54.026 54.317 54.616 54.923 55.238 55.566 55.89 56.227 56.604 56.988 57.282 58.042 58.616 58.685 59.069 59.204 59.892 60.219 60.845
49.822 49.751 49.682 49.614 49.548 49.484 49.423 49.364 49.308 49.255 49.206 49.16 49.119 49.081 49.048 49.02 48.997 48.979 48.967 48.961 48.96 48.967 48.98 49 49.027 49.061 49.103 49.153 49.211 49.278 49.352 49.436 49.528 49.628 49.738 49.857 49.985 50.123 50.27 50.426 50.591 50.766 50.95 51.144 51.347 51.559 51.78 52.011 52.25 52.499 52.756 53.022 53.297 53.58 53.871 54.171 54.478 54.794 55.317 55.455 55.888 56.159 56.587 57.358 57.385 58.003 58.31 58.677 59.299 59.205 59.732 60.171
49.556 49.48 49.405 49.332 49.261 49.192 49.125 49.061 49 48.941 48.886 48.835 48.788 48.744 48.706 48.672 48.643 48.62 48.602 48.591 48.585 48.586 48.594 48.609 48.631 48.661 48.698 48.744 48.798 48.86 48.931 49.01 49.099 49.196 49.303 49.419 49.545 49.68 49.824 49.979 50.142 50.316 50.498 50.691 50.893 51.104 51.325 51.555 51.795 52.043 52.3 52.567 52.841 53.125 53.417 53.717 54.025 54.341 54.951 55.101 55.893 55.866 56.167 57.158 57.108 57.957 58.191 58.273 58.433 58.942 59.283 59.893
49.29 49.209 49.129 49.051 48.974 48.9 48.827 48.757 48.69 48.626 48.565 48.508 48.455 48.406 48.361 48.321 48.287 48.258 48.234 48.217 48.206 48.202 48.204 48.214 48.231 48.256 48.288 48.329 48.379 48.437 48.503 48.579 48.664 48.758 48.862 48.975 49.098 49.23 49.372 49.525 49.686 49.858 50.04 50.231 50.432 50.642 50.863 51.092 51.331 51.58 51.837 52.103 52.378 52.662 52.954 53.255 53.563 53.901 54.204 54.545 54.949 55.261 55.646 56.543 57.523 57.169 57.586 57.736 58.026 58.409 59.034 59.498
49.024 48.938 48.853 48.769 48.687 48.607 48.528 48.453 48.38 48.309 48.243 48.179 48.12 48.065 48.014 47.968 47.928 47.893 47.863 47.84 47.823 47.813 47.81 47.814 47.826 47.846 47.874 47.91 47.954 48.008 48.07 48.142 48.223 48.314 48.414 48.524 48.644 48.774 48.914 49.064 49.224 49.394 49.574 49.764 49.964 50.173 50.393 50.622 50.86 51.108 51.366 51.632 51.907 52.191 52.484 52.784 53.093 53.41 53.735 54.081 54.43 54.921 55.476 55.659 56.615 56.937 57.503 58.051 58.071 58.011 58.821 59.193
48.758 48.667 48.576 48.487 48.399 48.313 48.229 48.147 48.068 47.992 47.919 47.849 47.783 47.722 47.665 47.613 47.566 47.525 47.489 47.46 47.437 47.421 47.412 47.411 47.417 47.431 47.454 47.485 47.525 47.574 47.632 47.699 47.776 47.863 47.96 48.067 48.184 48.311 48.448 48.596 48.754 48.922 49.101 49.289 49.488 49.697 49.916 50.144 50.382 50.63 50.887 51.153 51.428 51.713 52.005 52.306 52.615 52.933 53.452 53.612 53.979 54.462 54.775 55.136 56.596 57.006 56.874 57.263 57.697 57.627 58.218 59.208
48.493 48.396 48.3 48.205 48.112 48.02 47.929 47.841 47.756 47.673 47.593 47.517 47.445 47.377 47.313 47.255 47.201 47.154 47.112 47.076 47.047 47.025 47.01 47.003 47.003 47.012 47.029 47.055 47.09 47.134 47.188 47.251 47.324 47.407 47.5 47.603 47.717 47.842 47.976 48.122 48.277 48.444 48.621 48.808 49.005 49.213 49.431 49.659 49.897 50.144 50.401 50.667 50.942 51.226 51.519 51.82 52.13 52.47 52.927 53.169 53.466 53.844 55.238 54.637 55.18 56.127 56.595 56.809 57.543 57.488 57.828 58.449
48.229 48.127 48.025 47.924 47.824 47.726 47.629 47.535 47.442 47.353 47.267 47.184 47.105 47.03 46.96 46.895 46.834 46.78 46.731 46.689 46.654 46.625 46.604 46.591 46.585 46.588 46.6 46.62 46.65 46.689 46.738 46.796 46.865 46.944 47.034 47.133 47.244 47.365 47.497 47.64 47.794 47.958 48.133 48.319 48.516 48.722 48.939 49.167 49.404 49.651 49.908 50.174 50.449 50.733 51.026 51.577 51.693 51.99 52.475 52.72 52.98 53.346 53.695 54.155 55.689 55.34 55.758 56.058 56.411 56.915 57.261 57.872
47.966 47.858 47.75 47.643 47.537 47.432 47.329 47.228 47.129 47.032 46.939 46.85 46.764 46.682 46.604 46.532 46.465 46.403 46.348 46.299 46.257 46.222 46.194 46.174 46.163 46.16 46.165 46.18 46.204 46.238 46.282 46.336 46.4 46.475 46.561 46.657 46.764 46.883 47.012 47.152 47.304 47.466 47.639 47.824 48.019 48.225 48.441 48.667 48.904 49.151 49.407 49.673 49.948 50.232 50.654 50.961 51.305 51.77 52.208 52.28 52.489 52.968 53.241 53.832 54.079 54.757 55.102 55.338 55.828 56.158 56.588 57.408
47.703 47.589 47.476 47.362 47.25 47.138 47.028 46.92 46.814 46.711 46.611 46.514 46.421 46.332 46.247 46.167 46.093 46.024 45.962 45.906 45.857 45.815 45.78 45.754 45.736 45.838 45.859 45.735 45.754 45.782 45.821 45.87 45.93 46 46.082 46.174 46.278 46.393 46.52 46.657 46.807 46.967 47.139 47.321 47.515 47.72 47.935 48.161 48.397 48.644 48.9 49.166 49.441 49.725 50.098 50.587 50.751 51.772 51.503 51.79 52.019 52.424 52.758 53.042 53.487 54.614 54.375 54.673 55.109 55.531 56.032 56.563
47.442 47.322 47.202 47.082 46.963 46.845 46.728 46.613 46.5 46.389 46.282 46.177 46.077 45.98 45.888 45.801 45.719 45.82 45.573 45.582 45.453 45.473 45.663 45.33 45.305 45.627 45.364 45.551 45.298 45.321 45.354 45.398 45.453 45.519 45.597 45.685 45.786 45.897 46.021 46.156 46.303 46.461 46.631 46.812 47.005 47.209 47.423 47.648 47.884 48.13 48.386 48.652 48.926 49.21 49.746 49.853 50.382 50.936 51.292 51.909 51.496 51.925 52.513 53.774 52.934 53.729 53.724 54.273 54.535 55.025 55.654 56.116
47.183 47.056 46.93 46.803 46.677 46.552 46.428 46.306 46.185 46.067 45.952 45.84 45.731 45.627 45.527 45.432 45.343 45.36 45.658 45.11 45.051 44.99 44.941 44.901 44.897 44.984 45.315 45.511 45.141 45.32 45.445 44.921 44.971 45.032 45.105 45.19 45.287 45.395 45.515 45.648 45.792 45.949 46.117 46.296 46.488 46.69 46.904 47.129 47.364 47.61 47.866 48.131 48.406 48.69 49.044 49.441 49.895 50.221 50.58 50.72 51.038 51.417 52.47 52.511 52.599 52.828 53.251 53.897 53.984 54.76 55.487 55.485
46.925 46.792 46.659 46.525 46.392 46.26 46.128 45.998 45.87 45.744 45.621 45.501 45.385 45.774 45.165 45.062 44.964 44.872 44.787 44.719 44.901 44.573 44.517 44.469 44.606 44.587 44.823 44.738 45.116 44.93 45.198 44.922 44.483 44.539 44.608 44.688 44.781 44.886 45.004 45.133 45.275 45.429 45.596 45.774 45.964 46.166 46.379 46.603 46.838 47.083 47.339 47.637 47.879 48.537 48.513 48.803 49.176 49.864 51.121 50.254 50.589 50.866 51.569 51.727 52.329 52.41 52.796 53.377 53.561 53.869 54.465 54.891
46.669 46.529 46.389 46.249 46.108 45.968 45.829 45.691 45.555 45.422 45.29 45.162 45.038 44.917 44.801 44.69 44.584 44.484 44.416 44.303 44.34 44.205 44.088 44.183 44.452 44.114 44.119 44.449 44.801 44.735 44.607 44.987 44.335 44.04 44.104 44.181 44.269 44.371 44.485 44.612 44.752 44.904 45.068 45.245 45.434 45.635 45.847 46.071 46.306 46.551 46.807 47.087 47.507 47.948 48.027 48.252 48.595 49.048 49.661 52.433 53.109 51.237 51.921 51.958 52.484 52.112 52.631 52.895 53.167 53.374 53.701 54.417
46.414 46.268 46.121 45.973 45.825 45.678 45.531 45.385 45.471 45.099 44.959 44.823 45.487 44.56 44.436 44.316 45.201 44.432 44.223 44.148 44.871 44.53 43.86 44.12 44.003 43.762 43.924 44.242 44.486 44.24 44.626 44.128 44.207 43.891 43.595 43.666 43.751 43.849 43.96 44.085 44.222 44.372 44.535 44.71 44.898 45.098 45.31 45.533 45.768 46.013 46.269 46.923 47.131 47.684 47.797 47.708 48.848 48.607 49.406 50.869 51.62 51.433 51.145 51.178 51.395 51.625 52.196 52.741 53.328 53.324 53.324 53.634
46.162 46.009 45.855 45.699 45.544 45.388 45.233 45.079 44.927 44.776 44.628 44.483 44.341 44.203 44.07 43.941 43.951 44.132 44.106 44.083 44.704 43.765 43.444 43.453 43.516 43.396 43.96 43.989 43.835 43.901 43.892 44.015 43.797 43.193 43.079 43.146 43.227 43.321 43.429 43.551 43.685 43.833 43.995 44.169 44.356 44.555 44.766 44.989 45.224 45.469 45.863 46.463 46.582 46.922 46.953 47.172 48.994 48.675 49.184 49.9 52.042 50.948 50.844 51.148 51.588 51.379 52.316 52.406 52.573 52.999 52.924 53.078
45.912 45.752 45.59 45.427 45.264 45.1 45.35 44.774 44.613 44.454 44.297 44.509 43.992 43.845 43.729 43.565 43.432 44.091 44.206 43.989 43.613 43.768 43.55 42.989 43.165 43.016 43.471 43.456 43.729 43.465 43.55 43.552 43.235 42.959 43.254 42.62 42.697 42.787 42.892 43.01 43.143 43.289 43.448 43.621 43.807 44.006 44.217 44.44 44.675 44.921 45.177 45.444 45.851 46.033 46.608 47.709 47.372 49.052 48.705 49.064 49.617 50.047 50.094 50.277 50.683 51.33 51.655 52.107 52.298 52.672 52.386 52.881
45.665 45.498 45.328 45.157 44.986 44.814 44.642 44.47 44.3 44.233 44.113 44.339 43.971 44.293 43.613 43.187 43.933 43.665 43.517 43.599 43.333 43.187 43.596 43.026 43.406 42.569 43.174 43.329 43.161 43.148 43.286 43.15 42.228 42.425 42.708 43.144 42.235 42.247 42.348 42.464 42.594 42.738 42.896 43.068 43.254 43.452 43.663 43.886 44.121 44.367 44.624 44.891 45.168 45.454 45.798 47.988 49.251 46.859 48.332 48.36 48.602 48.875 49.362 49.995 50.505 50.762 51.146 51.385 51.478 51.559 52.353 52.506
45.421 45.246 45.068 44.889 44.709 44.529 44.348 44.168 44.077 44.074 44.186 43.917 43.618 43.453 44.364 44.617 43.003 43.234 43.272 43.458 43.344 43.167 43.177 42.833 42.943 42.818 42.334 43.152 42.798 42.596 43.02 42.477 42.149 41.873 42.056 42.386 42.399 41.709 41.799 41.911 42.039 42.182 42.338 42.509 42.694 42.892 43.103 43.327 43.562 43.809 44.067 44.335 44.613 45.563 45.437 45.86 46.065 46.377 49.575 46.997 48.069 48.81 48.541 49.285 49.934 50.159 50.229 50.608 50.788 51.506 51.503 52.538
45.179 44.996 44.811 44.623 44.435 44.245 44.055 43.866 43.677 44.077 44.68 43.829 43.905 43.468 44.287 43.485 43.386 43.377 43.204 43.539 43.149 42.662 42.332 41.923 42.034 42.29 42.204 42.377 42.837 42.426 42.037 41.687 41.646 42.065 41.72 41.797 41.913 42.171 41.243 41.353 41.523 41.639 41.775 41.945 42.129 42.328 42.539 42.763 43 43.247 43.506 43.838 44.065 44.343 44.64 45.601 45.273 47.157 46.999 46.721 48.117 47.438 47.947 48.444 48.649 48.983 49.672 50.085 50.454 50.515 50.73 51.007
44.941 44.75 44.556 44.36 44.162 43.964 43.765 43.566 43.367 43.17 44.175 44.121 43.658 43.339 43.621 43.961 43.793 43.524 43.001 42.917 42.736 42.714 42.151 41.875 41.463 41.613 42.461 42.39 42.352 41.821 41.711 41.68 41.478 41.434 41.73 41.518 41.062 40.848 40.681 40.789 40.912 41.086 41.226 41.387 41.574 41.778 42.002 42.197 42.433 42.689 42.942 43.213 43.493 44.814 44.103 45.85 46.62 45.387 45.674 45.84 46.356 47.209 47.679 47.913 49.032 48.761 49.167 49.41 49.923 50.003 50.998 50.67
44.706 44.507 44.304 44.099 43.892 44.024 43.475 43.267 43.058 43.366 42.646 43.156 43.474 43.248 43.58 43.477 43.365 43.118 42.902 42.497 42.714 42.414 42.159 41.956 41.084 41.683 41.745 42.017 41.655 41.297 41.58 41.088 41.399 41.415 41.389 41.399 40.963 40.026 40.114 40.218 40.419 40.484 40.856 41.344 41.107 41.214 41.433 41.629 41.863 42.145 42.395 42.653 42.93 43.579 44.342 44.654 44.766 45.466 45.786 45.622 46.281 47.224 46.944 46.946 47.091 47.713 48.761 49.2 49.563 49.518 49.817 50.17
44.474 44.267 44.055 43.841 43.625 43.407 43.188 43.33 42.751 42.563 42.318 43.203 43.348 43.041 43.104 42.88 43.111 42.672 42.54 42.223 42.207 42.259 41.753 41.103 41.24 41.248 41.265 41.424 41.102 40.816 41.078 40.829 40.281 40.626 39.944 39.414 41.243 39.456 39.54 39.782 39.784 40.001 40.206 40.644 40.651 40.661 40.876 41.076 41.289 41.574 41.838 42.216 42.367 43.416 43.328 44.159 44.173 44.683 44.812 45.642 46.234 46.749 46.166 46.105 46.547 47.735 48.388 49.07 49.055 49.304 49.217 49.493
44.247 44.03 43.809 43.586 43.36 43.139 43.097 43.317 42.777 43.071 42.843 42.4 43.102 43.176 42.9 42.706 42.608 42.656 42.356 42.003 42.025 41.706 41.233 41.036 41.196 40.64 41.149 41.345 40.58 40.477 40.323 39.647 39.376 39.152 38.975 38.773 40.239 38.88 38.962 39.257 39.398 39.558 39.671 39.892 40.279 40.287 40.365 40.595 40.752 41.002 41.268 41.756 41.919 42.224 42.397 42.792 44.32 43.702 44.737 45.212 45.946 45.018 45.276 45.637 47.336 46.91 47.513 47.987 48.547 48.726 48.789 49.077
44.249 43.928 43.567 43.333 43.097 42.859 42.62 42.38 43.156 42.988 43.099 42.71 41.848 41.852 42.258 42.15 42.255 42.224 42.017 41.894 41.612 41.911 41.133 40.922 40.724 40.211 40.144 40.221 40.409 39.77 39.519 39.347 38.941 38.688 39.853 39.237 38.241 38.3 38.632 38.519 39.308 39.217 39.432 39.311 40.712 39.764 39.85 39.986 40.173 40.526 40.702 41.438 42.154 42.583 42.309 42.973 43.144 43.054 44.36 44.371 44.181 44.844 44.571 45.074 45.756 46.407 47.212 47.287 47.687 48.307 48.506 48.518
