raw_data/humedad_relativa/hora9/rh9apr.txt
ncols         501
nrows         361
xllcorner     109.95
yllcorner     -45.05
cellsize      0.1
NODATA_value  -9999
[rows 256 to 287 of 361, columns 144 to 215 of 501]
69.363 69.363 69.365 69.37 69.377 69.386 69.397 69.411 69.426 69.443 69.462 69.483 69.506 69.53 69.556 69.583 69.611 69.641 69.672 69.704 69.737 69.771 69.806 69.842 69.88 69.918 69.957 69.997 70.039 70.081 70.123 70.167 70.212 70.257 70.303 70.35 70.397 70.445 70.494 70.543 70.592 70.642 70.691 70.741 70.792 70.842 70.892 70.942 70.992 71.042 71.092 71.142 71.192 71.241 71.29 71.339 71.388 71.437 71.486 71.534 71.582 71.63 71.677 71.724 71.771 71.818 71.864 71.909 71.954 71.998 72.041 72.083
69.634 69.633 69.634 69.638 69.644 69.652 69.663 69.675 69.689 69.706 69.724 69.744 69.765 69.788 69.813 69.839 69.866 69.895 69.925 69.956 69.988 70.022 70.056 70.092 70.128 70.166 70.204 70.244 70.284 70.325 70.367 70.41 70.454 70.499 70.544 70.59 70.636 70.683 70.731 70.779 70.828 70.876 70.925 70.975 71.024 71.073 71.123 71.173 71.222 71.272 71.321 71.37 71.419 71.468 71.517 71.566 71.614 71.663 71.711 71.759 71.806 71.854 71.901 71.948 71.994 72.04 72.085 72.13 72.174 72.217 72.26 72.301
69.901 69.899 69.899 69.902 69.907 69.915 69.924 69.936 69.949 69.964 69.981 70 70.021 70.043 70.067 70.092 70.118 70.146 70.175 70.205 70.237 70.269 70.303 70.338 70.373 70.41 70.448 70.486 70.526 70.566 70.608 70.65 70.693 70.737 70.781 70.826 70.872 70.918 70.965 71.012 71.06 71.108 71.156 71.204 71.253 71.302 71.351 71.4 71.449 71.498 71.546 71.595 71.644 71.692 71.741 71.789 71.837 71.885 71.933 71.98 72.027 72.074 72.121 72.167 72.213 72.258 72.303 72.347 72.391 72.433 72.475 72.516
70.163 70.16 70.16 70.162 70.167 70.173 70.182 70.192 70.205 70.219 70.236 70.253 70.273 70.294 70.317 70.341 70.367 70.394 70.422 70.451 70.482 70.513 70.546 70.58 70.615 70.651 70.688 70.726 70.765 70.804 70.845 70.886 70.928 70.971 71.015 71.059 71.104 71.15 71.196 71.242 71.289 71.336 71.384 71.431 71.479 71.527 71.576 71.624 71.672 71.72 71.769 71.817 71.865 71.913 71.961 72.009 72.057 72.104 72.151 72.198 72.245 72.291 72.338 72.383 72.429 72.473 72.518 72.561 72.604 72.646 72.687 72.727
70.421 70.418 70.417 70.419 70.422 70.428 70.436 70.445 70.457 70.471 70.486 70.503 70.522 70.542 70.564 70.587 70.612 70.638 70.665 70.694 70.723 70.754 70.786 70.819 70.854 70.889 70.925 70.962 71 71.039 71.079 71.119 71.161 71.203 71.246 71.289 71.333 71.378 71.423 71.469 71.515 71.561 71.608 71.655 71.702 71.75 71.797 71.845 71.893 71.94 71.988 72.036 72.083 72.131 72.178 72.226 72.273 72.32 72.367 72.413 72.459 72.505 72.551 72.596 72.641 72.685 72.729 72.772 72.814 72.856 72.896 72.936
70.675 70.671 70.67 70.671 70.674 70.679 70.686 70.695 70.706 70.718 70.733 70.749 70.767 70.786 70.807 70.83 70.854 70.879 70.905 70.933 70.962 70.992 71.023 71.056 71.089 71.123 71.159 71.195 71.232 71.27 71.309 71.349 71.39 71.431 71.473 71.516 71.559 71.603 71.648 71.692 71.738 71.783 71.829 71.876 71.922 71.969 72.016 72.063 72.11 72.157 72.204 72.251 72.298 72.345 72.392 72.439 72.486 72.532 72.579 72.625 72.671 72.716 72.761 72.806 72.85 72.894 72.937 72.979 73.021 73.062 73.102 73.141
70.925 70.921 70.919 70.919 70.921 70.926 70.932 70.94 70.951 70.963 70.976 70.992 71.009 71.027 71.047 71.069 71.092 71.116 71.142 71.169 71.197 71.226 71.257 71.288 71.321 71.355 71.389 71.425 71.461 71.499 71.537 71.576 71.616 71.656 71.698 71.74 71.782 71.825 71.869 71.913 71.958 72.003 72.048 72.093 72.139 72.185 72.232 72.278 72.324 72.371 72.417 72.464 72.511 72.557 72.603 72.65 72.696 72.742 72.788 72.833 72.878 72.923 72.968 73.012 73.056 73.099 73.142 73.184 73.225 73.265 73.304 73.343
71.171 71.166 71.164 71.164 71.165 71.169 71.175 71.182 71.192 71.203 71.216 71.231 71.247 71.265 71.284 71.305 71.327 71.351 71.376 71.402 71.429 71.458 71.487 71.518 71.55 71.583 71.617 71.652 71.687 71.724 71.761 71.8 71.839 71.879 71.919 71.96 72.002 72.044 72.087 72.131 72.175 72.219 72.263 72.308 72.353 72.399 72.444 72.49 72.536 72.582 72.628 72.674 72.72 72.766 72.812 72.857 72.903 72.948 72.994 73.039 73.083 73.128 73.172 73.216 73.259 73.301 73.343 73.385 73.425 73.465 73.504 73.542
71.413 71.408 71.405 71.404 71.406 71.409 71.414 71.421 71.43 71.44 71.452 71.466 71.482 71.499 71.518 71.538 71.559 71.582 71.606 71.631 71.658 71.686 71.715 71.745 71.776 71.808 71.841 71.875 71.91 71.946 71.983 72.02 72.059 72.098 72.138 72.178 72.219 72.261 72.303 72.345 72.389 72.432 72.476 72.52 72.564 72.609 72.654 72.699 72.744 72.79 72.835 72.881 72.926 72.971 73.017 73.062 73.107 73.152 73.197 73.241 73.285 73.329 73.373 73.416 73.459 73.501 73.542 73.583 73.623 73.663 73.701 73.738
71.651 71.646 71.643 71.641 71.642 71.645 71.649 71.656 71.664 71.674 71.685 71.699 71.714 71.73 71.748 71.767 71.788 71.81 71.833 71.858 71.884 71.911 71.939 71.968 71.999 72.03 72.063 72.096 72.13 72.165 72.201 72.238 72.276 72.314 72.353 72.393 72.433 72.474 72.515 72.557 72.6 72.642 72.686 72.729 72.773 72.817 72.861 72.906 72.95 72.995 73.04 73.084 73.129 73.174 73.219 73.264 73.308 73.353 73.397 73.441 73.484 73.528 73.571 73.613 73.656 73.697 73.738 73.779 73.818 73.857 73.895 73.932
71.886 71.88 71.876 71.875 71.875 71.877 71.881 71.887 71.895 71.904 71.915 71.928 71.942 71.957 71.975 71.993 72.013 72.035 72.057 72.081 72.106 72.133 72.16 72.189 72.219 72.249 72.281 72.313 72.347 72.381 72.417 72.453 72.49 72.527 72.566 72.605 72.644 72.684 72.725 72.766 72.808 72.85 72.892 72.935 72.978 73.022 73.065 73.109 73.153 73.197 73.241 73.286 73.33 73.374 73.418 73.462 73.506 73.55 73.594 73.637 73.681 73.723 73.766 73.808 73.85 73.891 73.931 73.971 74.01 74.049 74.086 74.123
72.116 72.111 72.107 72.105 72.105 72.106 72.11 72.115 72.122 72.131 72.141 72.153 72.167 72.182 72.198 72.216 72.236 72.256 72.278 72.302 72.326 72.352 72.378 72.406 72.435 72.465 72.496 72.528 72.561 72.595 72.629 72.665 72.701 72.738 72.775 72.813 72.852 72.892 72.932 72.972 73.013 73.055 73.096 73.139 73.181 73.224 73.267 73.31 73.353 73.397 73.44 73.484 73.528 73.571 73.615 73.658 73.702 73.745 73.788 73.831 73.874 73.916 73.958 74 74.041 74.082 74.122 74.161 74.2 74.238 74.275 74.311
72.344 72.337 72.333 72.331 72.33 72.332 72.335 72.34 72.346 72.354 72.364 72.376 72.388 72.403 72.419 72.436 72.455 72.475 72.496 72.519 72.543 72.568 72.594 72.621 72.649 72.678 72.709 72.74 72.772 72.805 72.839 72.874 72.909 72.945 72.982 73.02 73.058 73.096 73.136 73.176 73.216 73.257 73.298 73.339 73.381 73.423 73.465 73.508 73.551 73.593 73.636 73.679 73.723 73.766 73.809 73.852 73.895 73.937 73.98 74.022 74.065 74.106 74.148 74.189 74.229 74.27 74.309 74.348 74.386 74.424 74.461 74.496
72.567 72.561 72.556 72.554 72.553 72.554 72.556 72.561 72.567 72.574 72.584 72.595 72.607 72.621 72.636 72.653 72.671 72.69 72.711 72.733 72.756 72.78 72.806 72.832 72.86 72.889 72.918 72.949 72.98 73.012 73.046 73.08 73.114 73.15 73.186 73.223 73.26 73.298 73.337 73.376 73.416 73.456 73.496 73.537 73.578 73.62 73.661 73.703 73.745 73.788 73.83 73.872 73.915 73.957 74 74.042 74.085 74.127 74.169 74.211 74.252 74.294 74.335 74.375 74.415 74.455 74.494 74.533 74.57 74.607 74.644 74.679
72.787 72.78 72.776 72.773 72.772 72.772 72.774 72.778 72.784 72.791 72.8 72.81 72.822 72.836 72.85 72.867 72.884 72.903 72.923 72.944 72.967 72.99 73.015 73.041 73.068 73.096 73.125 73.155 73.185 73.217 73.25 73.283 73.317 73.352 73.387 73.423 73.46 73.498 73.536 73.574 73.613 73.652 73.692 73.732 73.773 73.814 73.855 73.896 73.937 73.979 74.021 74.063 74.105 74.146 74.188 74.23 74.272 74.314 74.355 74.397 74.438 74.478 74.519 74.559 74.599 74.638 74.676 74.714 74.752 74.789 74.824 74.86
73.004 72.997 72.992 72.989 72.987 72.987 72.989 72.993 72.998 73.005 73.013 73.023 73.034 73.047 73.061 73.077 73.094 73.112 73.132 73.152 73.174 73.197 73.221 73.247 73.273 73.3 73.329 73.358 73.388 73.419 73.451 73.483 73.517 73.551 73.586 73.621 73.657 73.694 73.731 73.769 73.807 73.846 73.885 73.925 73.965 74.005 74.045 74.086 74.127 74.168 74.209 74.25 74.292 74.333 74.374 74.416 74.457 74.498 74.539 74.58 74.62 74.661 74.7 74.74 74.779 74.818 74.856 74.894 74.931 74.967 75.003 75.037
73.217 73.21 73.205 73.201 73.199 73.199 73.201 73.204 73.209 73.215 73.223 73.233 73.244 73.256 73.27 73.285 73.301 73.319 73.338 73.358 73.379 73.401 73.425 73.45 73.475 73.502 73.53 73.558 73.588 73.618 73.649 73.681 73.714 73.747 73.782 73.816 73.852 73.888 73.925 73.962 73.999 74.037 74.076 74.115 74.154 74.193 74.233 74.273 74.314 74.354 74.395 74.435 74.476 74.517 74.558 74.598 74.639 74.68 74.72 74.76 74.8 74.84 74.88 74.919 74.957 74.996 75.033 75.07 75.107 75.143 75.178 75.213
73.426 73.419 73.414 73.41 73.408 73.408 73.409 73.412 73.417 73.423 73.43 73.439 73.45 73.461 73.475 73.489 73.505 73.522 73.54 73.56 73.581 73.603 73.626 73.65 73.675 73.701 73.728 73.756 73.785 73.814 73.845 73.876 73.908 73.941 73.975 74.009 74.044 74.079 74.115 74.152 74.189 74.226 74.264 74.302 74.341 74.38 74.419 74.458 74.498 74.538 74.578 74.618 74.658 74.698 74.738 74.779 74.819 74.859 74.899 74.938 74.978 75.017 75.056 75.095 75.133 75.171 75.208 75.245 75.281 75.317 75.351 75.386
73.633 73.625 73.62 73.616 73.614 73.613 73.614 73.617 73.621 73.627 73.634 73.643 73.653 73.664 73.677 73.691 73.706 73.723 73.74 73.759 73.78 73.801 73.823 73.847 73.871 73.897 73.923 73.951 73.979 74.008 74.038 74.069 74.1 74.132 74.165 74.199 74.233 74.268 74.303 74.339 74.375 74.412 74.449 74.487 74.525 74.563 74.602 74.641 74.68 74.719 74.758 74.798 74.837 74.877 74.917 74.956 74.996 75.035 75.075 75.114 75.153 75.192 75.23 75.268 75.306 75.343 75.38 75.417 75.452 75.488 75.522 75.556
73.836 73.828 73.823 73.819 73.817 73.816 73.817 73.819 73.823 73.828 73.835 73.843 73.852 73.863 73.876 73.889 73.904 73.92 73.938 73.956 73.976 73.996 74.018 74.041 74.065 74.09 74.116 74.143 74.17 74.199 74.228 74.258 74.289 74.321 74.353 74.386 74.419 74.454 74.488 74.524 74.559 74.595 74.632 74.669 74.706 74.744 74.782 74.82 74.859 74.898 74.936 74.975 75.014 75.053 75.093 75.132 75.171 75.21 75.248 75.287 75.326 75.364 75.402 75.439 75.477 75.514 75.55 75.586 75.621 75.656 75.69 75.724
74.035 74.028 74.022 74.018 74.016 74.015 74.015 74.017 74.021 74.026 74.032 74.04 74.049 74.06 74.072 74.085 74.099 74.115 74.132 74.15 74.169 74.189 74.211 74.233 74.256 74.281 74.306 74.332 74.359 74.387 74.416 74.445 74.476 74.507 74.538 74.571 74.604 74.637 74.671 74.706 74.741 74.776 74.812 74.849 74.886 74.923 74.96 74.998 75.036 75.074 75.112 75.15 75.189 75.227 75.266 75.304 75.343 75.381 75.42 75.458 75.496 75.534 75.571 75.608 75.645 75.682 75.718 75.753 75.788 75.823 75.856 75.89
74.232 74.225 74.219 74.215 74.212 74.211 74.211 74.213 74.216 74.221 74.227 74.235 74.243 74.254 74.265 74.278 74.292 74.307 74.323 74.341 74.36 74.379 74.4 74.422 74.445 74.468 74.493 74.519 74.545 74.573 74.601 74.63 74.659 74.69 74.721 74.753 74.785 74.818 74.851 74.885 74.92 74.955 74.99 75.026 75.062 75.099 75.136 75.173 75.21 75.248 75.285 75.323 75.361 75.399 75.437 75.475 75.513 75.551 75.589 75.626 75.664 75.701 75.738 75.775 75.811 75.847 75.883 75.918 75.952 75.987 76.02 76.053
74.426 74.418 74.412 74.408 74.405 74.404 74.404 74.406 74.409 74.413 74.419 74.426 74.435 74.444 74.456 74.468 74.481 74.496 74.512 74.529 74.547 74.567 74.587 74.608 74.63 74.654 74.678 74.703 74.729 74.756 74.783 74.812 74.841 74.871 74.901 74.932 74.964 74.996 75.029 75.063 75.097 75.131 75.166 75.201 75.237 75.273 75.309 75.345 75.382 75.419 75.456 75.493 75.531 75.568 75.605 75.643 75.68 75.718 75.755 75.792 75.829 75.866 75.903 75.939 75.975 76.01 76.045 76.08 76.114 76.148 76.181 76.214
74.616 74.609 74.603 74.598 74.595 74.594 74.594 74.595 74.598 74.602 74.608 74.615 74.623 74.632 74.643 74.655 74.668 74.683 74.698 74.715 74.732 74.751 74.771 74.792 74.814 74.836 74.86 74.885 74.91 74.936 74.963 74.991 75.02 75.049 75.079 75.109 75.141 75.172 75.205 75.238 75.271 75.305 75.339 75.374 75.409 75.444 75.48 75.515 75.552 75.588 75.624 75.661 75.698 75.735 75.772 75.809 75.846 75.882 75.919 75.956 75.992 76.029 76.065 76.101 76.136 76.171 76.206 76.24 76.274 76.308 76.34 76.373
74.803 74.796 74.79 74.786 74.783 74.781 74.781 74.782 74.785 74.789 74.794 74.801 74.808 74.818 74.828 74.84 74.852 74.866 74.881 74.898 74.915 74.933 74.952 74.973 74.994 75.016 75.04 75.064 75.088 75.114 75.141 75.168 75.196 75.225 75.254 75.284 75.315 75.346 75.378 75.41 75.443 75.476 75.51 75.544 75.578 75.613 75.648 75.683 75.719 75.755 75.791 75.827 75.863 75.899 75.936 75.972 76.009 76.045 76.081 76.117 76.153 76.189 76.225 76.26 76.295 76.33 76.364 76.398 76.432 76.465 76.497 76.529
74.988 74.98 74.974 74.97 74.967 74.965 74.965 74.966 74.968 74.972 74.977 74.983 74.991 75 75.01 75.021 75.034 75.047 75.062 75.078 75.095 75.112 75.131 75.151 75.172 75.194 75.217 75.24 75.264 75.29 75.316 75.342 75.37 75.398 75.427 75.456 75.486 75.517 75.548 75.58 75.612 75.645 75.678 75.711 75.745 75.779 75.814 75.849 75.884 75.919 75.954 75.99 76.026 76.062 76.097 76.133 76.169 76.205 76.241 76.277 76.312 76.347 76.382 76.417 76.452 76.486 76.52 76.554 76.587 76.62 76.652 76.683
75.169 75.162 75.156 75.151 75.148 75.146 75.146 75.147 75.149 75.153 75.158 75.164 75.171 75.18 75.189 75.2 75.212 75.226 75.24 75.255 75.272 75.289 75.308 75.327 75.347 75.369 75.391 75.414 75.438 75.463 75.488 75.514 75.541 75.569 75.597 75.626 75.656 75.686 75.716 75.748 75.779 75.811 75.844 75.877 75.91 75.944 75.978 76.012 76.046 76.081 76.116 76.151 76.186 76.222 76.257 76.292 76.328 76.363 76.398 76.433 76.468 76.503 76.538 76.572 76.607 76.641 76.674 76.707 76.74 76.772 76.804 76.835
75.348 75.34 75.334 75.33 75.327 75.325 75.324 75.325 75.327 75.331 75.335 75.341 75.348 75.356 75.366 75.377 75.388 75.401 75.415 75.43 75.446 75.463 75.481 75.5 75.52 75.541 75.563 75.585 75.609 75.633 75.658 75.684 75.71 75.737 75.765 75.794 75.823 75.852 75.882 75.913 75.944 75.976 76.008 76.04 76.073 76.106 76.139 76.173 76.207 76.241 76.275 76.31 76.345 76.379 76.414 76.449 76.484 76.519 76.554 76.588 76.623 76.657 76.691 76.725 76.759 76.793 76.826 76.859 76.891 76.923 76.954 76.985
75.523 75.516 75.51 75.506 75.502 75.5 75.5 75.5 75.502 75.506 75.51 75.516 75.523 75.531 75.54 75.55 75.562 75.574 75.588 75.603 75.618 75.635 75.653 75.671 75.691 75.711 75.732 75.755 75.777 75.801 75.826 75.851 75.877 75.903 75.931 75.959 75.987 76.016 76.046 76.076 76.106 76.137 76.169 76.201 76.233 76.266 76.299 76.332 76.365 76.399 76.433 76.467 76.501 76.535 76.569 76.604 76.638 76.672 76.707 76.741 76.775 76.809 76.843 76.876 76.909 76.943 76.975 77.008 77.04 77.071 77.102 77.133
75.696 75.689 75.683 75.678 75.675 75.673 75.673 75.673 75.675 75.678 75.682 75.688 75.694 75.702 75.711 75.721 75.733 75.745 75.758 75.772 75.788 75.804 75.821 75.839 75.859 75.879 75.899 75.921 75.944 75.967 75.991 76.016 76.041 76.067 76.094 76.121 76.149 76.178 76.207 76.237 76.267 76.297 76.328 76.359 76.391 76.423 76.456 76.488 76.521 76.554 76.588 76.621 76.655 76.688 76.722 76.756 76.79 76.824 76.858 76.891 76.925 76.958 76.992 77.025 77.058 77.09 77.123 77.155 77.186 77.218 77.248 77.279
75.866 75.859 75.853 75.849 75.845 75.843 75.843 75.843 75.845 75.848 75.852 75.857 75.864 75.871 75.88 75.89 75.901 75.913 75.926 75.94 75.955 75.971 75.988 76.005 76.024 76.044 76.064 76.085 76.107 76.13 76.154 76.178 76.203 76.229 76.255 76.282 76.309 76.337 76.366 76.395 76.425 76.455 76.485 76.516 76.547 76.579 76.61 76.643 76.675 76.708 76.74 76.773 76.806 76.84 76.873 76.906 76.94 76.973 77.006 77.04 77.073 77.106 77.139 77.171 77.204 77.236 77.268 77.3 77.331 77.362 77.392 77.422
76.033 76.026 76.021 76.016 76.013 76.011 76.01 76.01 76.012 76.015 76.019 76.024 76.03 76.038 76.046 76.056 76.066 76.078 76.091 76.104 76.119 76.135 76.151 76.169 76.187 76.206 76.226 76.247 76.269 76.291 76.314 76.338 76.363 76.388 76.414 76.44 76.467 76.495 76.523 76.551 76.58 76.61 76.64 76.67 76.701 76.732 76.763 76.795 76.827 76.859 76.891 76.923 76.956 76.989 77.022 77.054 77.087 77.12 77.153 77.186 77.219 77.251 77.284 77.316 77.348 77.38 77.411 77.442 77.473 77.504 77.534 77.564
