raw_data/humedad_relativa/hora9/rh9aug.txt
ncols         501
nrows         361
xllcorner     109.95
yllcorner     -45.05
cellsize      0.1
NODATA_value  -9999
[rows 64 to 95 of 361, columns 0 to 71 of 501]
64.658 64.543 64.426 64.309 64.19 64.07 63.948 63.826 63.702 63.577 63.45 63.323 63.193 63.063 62.931 62.797 62.662 62.526 62.388 62.249 62.107 61.965 61.82 61.674 61.527 61.377 61.226 61.073 60.919 60.763 60.604 60.445 60.283 60.119 59.954 59.787 59.618 59.447 59.274 59.1 58.924 58.746 58.567 58.386 58.203 58.019 57.833 57.646 57.457 57.267 57.076 56.884 56.691 56.497 56.302 56.106 55.91 55.713 55.516 55.319 55.121 54.924 54.727 54.53 54.334 54.138 53.943 53.749 53.556 53.364 53.174 52.985
64.66 64.544 64.427 64.309 64.189 64.069 63.947 63.824 63.7 63.574 63.447 63.319 63.189 63.058 62.925 62.791 62.655 62.518 62.379 62.239 62.097 61.953 61.808 61.661 61.512 61.362 61.21 61.056 60.9 60.742 60.583 60.421 60.258 60.093 59.926 59.757 59.586 59.414 59.239 59.063 58.885 58.705 58.523 58.339 58.154 57.967 57.779 57.589 57.397 57.205 57.011 56.815 56.619 56.421 56.223 56.024 55.824 55.624 55.423 55.222 55.021 54.82 54.619 54.418 54.218 54.019 53.82 53.622 53.425 53.23 53.036 52.843
64.662 64.546 64.428 64.31 64.19 64.069 63.947 63.823 63.698 63.572 63.445 63.316 63.185 63.054 62.92 62.786 62.649 62.511 62.372 62.231 62.088 61.943 61.797 61.649 61.5 61.348 61.195 61.04 60.883 60.724 60.563 60.4 60.235 60.069 59.9 59.729 59.557 59.382 59.206 59.027 58.847 58.665 58.481 58.295 58.107 57.917 57.726 57.533 57.339 57.143 56.946 56.748 56.548 56.347 56.145 55.943 55.739 55.535 55.331 55.126 54.921 54.716 54.512 54.307 54.103 53.9 53.697 53.495 53.295 53.095 52.897 52.701
64.665 64.549 64.431 64.312 64.192 64.07 63.948 63.824 63.698 63.572 63.444 63.314 63.183 63.051 62.917 62.782 62.645 62.506 62.366 62.224 62.08 61.935 61.788 61.639 61.488 61.336 61.181 61.025 60.867 60.707 60.544 60.38 60.214 60.046 59.876 59.703 59.529 59.352 59.174 58.993 58.811 58.626 58.44 58.251 58.061 57.869 57.675 57.479 57.282 57.083 56.883 56.681 56.478 56.274 56.069 55.862 55.655 55.448 55.24 55.031 54.822 54.613 54.405 54.196 53.988 53.78 53.574 53.368 53.163 52.96 52.758 52.558
64.669 64.552 64.434 64.315 64.194 64.073 63.949 63.825 63.699 63.572 63.444 63.314 63.182 63.049 62.915 62.779 62.641 62.502 62.361 62.218 62.074 61.928 61.78 61.63 61.479 61.325 61.17 61.012 60.853 60.691 60.528 60.362 60.194 60.025 59.853 59.679 59.503 59.324 59.144 58.961 58.777 58.59 58.401 58.21 58.017 57.822 57.626 57.427 57.227 57.025 56.821 56.616 56.41 56.202 55.993 55.783 55.572 55.361 55.149 54.936 54.723 54.51 54.298 54.085 53.873 53.661 53.45 53.24 53.031 52.824 52.618 52.413
64.674 64.557 64.439 64.319 64.198 64.076 63.952 63.827 63.701 63.574 63.445 63.314 63.182 63.049 62.914 62.777 62.639 62.499 62.357 62.214 62.069 61.922 61.773 61.623 61.47 61.316 61.159 61.001 60.84 60.677 60.513 60.346 60.177 60.005 59.832 59.656 59.478 59.298 59.116 58.931 58.744 58.555 58.364 58.17 57.975 57.777 57.578 57.376 57.173 56.968 56.761 56.552 56.343 56.131 55.919 55.705 55.49 55.275 55.059 54.842 54.625 54.408 54.191 53.974 53.758 53.542 53.326 53.112 52.899 52.687 52.477 52.268
64.68 64.563 64.444 64.324 64.203 64.08 63.956 63.831 63.704 63.576 63.447 63.316 63.183 63.05 62.914 62.777 62.638 62.498 62.355 62.211 62.065 61.918 61.768 61.617 61.463 61.308 61.15 60.991 60.829 60.665 60.499 60.331 60.16 59.988 59.813 59.635 59.456 59.274 59.089 58.902 58.713 58.522 58.328 58.132 57.934 57.734 57.532 57.327 57.121 56.912 56.702 56.49 56.277 56.062 55.845 55.628 55.409 55.19 54.97 54.749 54.528 54.306 54.085 53.863 53.642 53.422 53.202 52.984 52.766 52.55 52.335 52.122
64.687 64.569 64.45 64.33 64.208 64.085 63.961 63.835 63.708 63.58 63.45 63.319 63.186 63.051 62.915 62.778 62.638 62.497 62.354 62.21 62.063 61.915 61.765 61.612 61.458 61.302 61.143 60.983 60.82 60.655 60.488 60.318 60.146 59.972 59.795 59.616 59.435 59.251 59.065 58.876 58.685 58.491 58.295 58.096 57.896 57.693 57.487 57.28 57.07 56.859 56.645 56.43 56.212 55.994 55.774 55.552 55.329 55.106 54.881 54.656 54.431 54.205 53.979 53.753 53.527 53.302 53.078 52.855 52.633 52.412 52.193 51.976
64.695 64.577 64.457 64.337 64.215 64.092 63.967 63.841 63.714 63.585 63.455 63.323 63.19 63.055 62.918 62.78 62.64 62.498 62.355 62.21 62.063 61.914 61.763 61.609 61.454 61.297 61.138 60.976 60.812 60.646 60.478 60.307 60.134 59.958 59.78 59.599 59.416 59.23 59.042 58.851 58.658 58.462 58.263 58.062 57.859 57.653 57.445 57.234 57.022 56.807 56.59 56.371 56.15 55.927 55.703 55.477 55.251 55.023 54.794 54.564 54.334 54.104 53.873 53.643 53.413 53.183 52.954 52.726 52.499 52.274 52.05 51.828
64.704 64.585 64.465 64.345 64.222 64.099 63.974 63.848 63.72 63.591 63.46 63.328 63.194 63.059 62.922 62.783 62.643 62.501 62.357 62.211 62.063 61.914 61.762 61.608 61.452 61.294 61.134 60.971 60.806 60.639 60.47 60.298 60.123 59.946 59.766 59.584 59.399 59.212 59.022 58.829 58.633 58.435 58.234 58.031 57.824 57.616 57.404 57.191 56.975 56.756 56.536 56.313 56.089 55.862 55.634 55.404 55.173 54.941 54.707 54.473 54.239 54.003 53.768 53.533 53.298 53.063 52.829 52.596 52.365 52.135 51.906 51.679
64.713 64.594 64.475 64.353 64.231 64.107 63.982 63.855 63.727 63.598 63.467 63.334 63.2 63.064 62.927 62.788 62.647 62.505 62.36 62.214 62.065 61.915 61.763 61.608 61.452 61.293 61.132 60.968 60.802 60.634 60.463 60.29 60.114 59.936 59.755 59.571 59.384 59.195 59.003 58.808 58.61 58.41 58.207 58.001 57.792 57.58 57.366 57.149 56.93 56.708 56.484 56.258 56.029 55.799 55.566 55.332 55.097 54.86 54.622 54.383 54.144 53.904 53.663 53.423 53.183 52.943 52.705 52.467 52.23 51.995 51.761 51.529
64.724 64.605 64.485 64.363 64.24 64.116 63.991 63.864 63.736 63.606 63.474 63.342 63.207 63.071 62.933 62.794 62.653 62.51 62.365 62.218 62.069 61.918 61.765 61.61 61.453 61.293 61.131 60.967 60.8 60.631 60.459 60.285 60.108 59.928 59.745 59.56 59.372 59.181 58.987 58.79 58.59 58.387 58.182 57.973 57.761 57.547 57.33 57.11 56.887 56.662 56.434 56.204 55.971 55.737 55.5 55.262 55.022 54.78 54.538 54.294 54.05 53.805 53.559 53.314 53.069 52.824 52.58 52.337 52.095 51.854 51.615 51.379
64.735 64.616 64.495 64.374 64.251 64.126 64.001 63.873 63.745 63.615 63.483 63.35 63.215 63.079 62.941 62.801 62.659 62.516 62.37 62.223 62.074 61.922 61.769 61.613 61.455 61.295 61.132 60.967 60.799 60.629 60.456 60.281 60.103 59.922 59.738 59.551 59.361 59.168 58.973 58.774 58.572 58.367 58.159 57.947 57.733 57.516 57.296 57.072 56.846 56.618 56.386 56.152 55.915 55.677 55.436 55.193 54.948 54.702 54.454 54.206 53.956 53.706 53.455 53.205 52.954 52.704 52.455 52.206 51.959 51.713 51.469 51.227
64.747 64.628 64.507 64.385 64.262 64.137 64.011 63.884 63.755 63.625 63.493 63.36 63.225 63.088 62.949 62.809 62.667 62.523 62.378 62.23 62.08 61.928 61.774 61.618 61.459 61.298 61.135 60.969 60.801 60.629 60.456 60.279 60.1 59.918 59.732 59.544 59.353 59.158 58.961 58.76 58.556 58.349 58.138 57.924 57.707 57.487 57.264 57.037 56.808 56.575 56.34 56.102 55.861 55.618 55.373 55.125 54.876 54.625 54.372 54.119 53.864 53.608 53.352 53.096 52.84 52.584 52.329 52.075 51.822 51.571 51.321 51.074
64.76 64.641 64.52 64.398 64.274 64.149 64.023 63.896 63.767 63.636 63.504 63.37 63.235 63.098 62.959 62.819 62.676 62.532 62.386 62.238 62.088 61.935 61.781 61.624 61.465 61.303 61.139 60.973 60.804 60.632 60.457 60.279 60.099 59.916 59.729 59.539 59.347 59.15 58.951 58.748 58.542 58.333 58.12 57.904 57.684 57.461 57.234 57.005 56.772 56.536 56.297 56.054 55.81 55.562 55.312 55.06 54.806 54.549 54.292 54.033 53.772 53.511 53.25 52.988 52.726 52.465 52.204 51.944 51.685 51.428 51.173 50.92
64.774 64.654 64.533 64.411 64.287 64.162 64.036 63.908 63.779 63.648 63.516 63.382 63.246 63.109 62.97 62.829 62.687 62.542 62.396 62.247 62.097 61.944 61.789 61.632 61.472 61.31 61.145 60.978 60.808 60.636 60.46 60.282 60.1 59.916 59.728 59.537 59.343 59.145 58.944 58.739 58.531 58.32 58.104 57.886 57.663 57.437 57.208 56.975 56.738 56.498 56.255 56.009 55.76 55.508 55.253 54.996 54.737 54.475 54.212 53.948 53.682 53.415 53.148 52.88 52.612 52.345 52.078 51.812 51.548 51.285 51.024 50.765
64.789 64.669 64.547 64.425 64.301 64.176 64.049 63.922 63.792 63.661 63.529 63.395 63.259 63.121 62.982 62.841 62.698 62.554 62.407 62.258 62.107 61.954 61.799 61.641 61.481 61.318 61.153 60.985 60.815 60.641 60.465 60.286 60.103 59.918 59.729 59.537 59.341 59.142 58.939 58.733 58.523 58.309 58.091 57.87 57.645 57.416 57.183 56.947 56.707 56.463 56.216 55.966 55.712 55.456 55.196 54.934 54.67 54.403 54.134 53.864 53.592 53.32 53.046 52.773 52.499 52.225 51.952 51.68 51.41 51.141 50.873 50.609
64.804 64.684 64.563 64.44 64.316 64.191 64.064 63.936 63.806 63.675 63.542 63.408 63.272 63.135 62.995 62.854 62.711 62.566 62.419 62.27 62.119 61.965 61.81 61.652 61.491 61.328 61.163 60.994 60.823 60.649 60.472 60.292 60.109 59.922 59.732 59.539 59.342 59.141 58.937 58.729 58.517 58.301 58.081 57.857 57.629 57.397 57.162 56.922 56.678 56.431 56.18 55.925 55.667 55.406 55.141 54.874 54.604 54.332 54.058 53.782 53.504 53.225 52.946 52.666 52.386 52.106 51.826 51.548 51.271 50.995 50.722 50.451
64.82 64.7 64.579 64.456 64.332 64.206 64.079 63.951 63.821 63.69 63.557 63.423 63.287 63.149 63.009 62.868 62.725 62.58 62.433 62.283 62.132 61.978 61.822 61.664 61.503 61.34 61.174 61.005 60.833 60.659 60.481 60.3 60.116 59.929 59.738 59.543 59.345 59.143 58.937 58.727 58.513 58.295 58.073 57.847 57.616 57.382 57.143 56.9 56.653 56.401 56.146 55.887 55.624 55.358 55.089 54.816 54.541 54.263 53.983 53.701 53.417 53.132 52.846 52.559 52.273 51.986 51.7 51.415 51.131 50.85 50.57 50.292
64.837 64.717 64.595 64.472 64.348 64.222 64.096 63.967 63.837 63.706 63.573 63.438 63.302 63.164 63.025 62.883 62.74 62.594 62.447 62.298 62.146 61.992 61.836 61.678 61.516 61.353 61.186 61.017 60.845 60.67 60.492 60.31 60.125 59.937 59.745 59.55 59.35 59.147 58.94 58.728 58.513 58.293 58.068 57.84 57.607 57.369 57.127 56.88 56.63 56.375 56.115 55.852 55.584 55.313 55.039 54.761 54.48 54.196 53.909 53.621 53.331 53.039 52.747 52.453 52.16 51.866 51.574 51.282 50.991 50.703 50.416 50.132
64.855 64.734 64.613 64.49 64.365 64.24 64.113 63.984 63.854 63.723 63.589 63.455 63.319 63.181 63.041 62.899 62.756 62.61 62.463 62.313 62.162 62.008 61.851 61.693 61.531 61.367 61.201 61.031 60.859 60.683 60.504 60.322 60.137 59.948 59.755 59.559 59.358 59.154 58.945 58.732 58.515 58.293 58.066 57.835 57.6 57.359 57.114 56.864 56.61 56.351 56.087 55.819 55.547 55.271 54.991 54.707 54.42 54.13 53.838 53.543 53.246 52.948 52.648 52.348 52.047 51.747 51.447 51.148 50.851 50.555 50.261 49.97
64.873 64.753 64.631 64.508 64.383 64.257 64.13 64.002 63.872 63.74 63.607 63.472 63.336 63.198 63.058 62.916 62.773 62.627 62.48 62.33 62.178 62.024 61.868 61.709 61.547 61.383 61.217 61.047 60.874 60.698 60.519 60.337 60.151 59.961 59.767 59.57 59.369 59.163 58.953 58.738 58.519 58.296 58.067 57.834 57.596 57.353 57.104 56.851 56.593 56.33 56.062 55.79 55.513 55.231 54.946 54.656 54.363 54.067 53.768 53.467 53.163 52.857 52.551 52.243 51.935 51.627 51.32 51.014 50.709 50.406 50.105 49.807
64.892 64.772 64.65 64.526 64.402 64.276 64.149 64.02 63.89 63.758 63.625 63.49 63.354 63.216 63.076 62.934 62.791 62.645 62.498 62.348 62.196 62.042 61.885 61.727 61.565 61.401 61.234 61.064 60.891 60.715 60.535 60.353 60.166 59.976 59.782 59.584 59.381 59.175 58.964 58.748 58.527 58.302 58.071 57.836 57.595 57.349 57.098 56.841 56.579 56.312 56.04 55.763 55.481 55.194 54.903 54.608 54.309 54.006 53.7 53.392 53.081 52.768 52.454 52.139 51.823 51.508 51.193 50.879 50.567 50.256 49.948 49.643
64.912 64.791 64.669 64.546 64.421 64.295 64.168 64.039 63.909 63.777 63.644 63.509 63.373 63.235 63.095 62.953 62.81 62.664 62.516 62.367 62.215 62.061 61.904 61.745 61.584 61.42 61.253 61.083 60.91 60.733 60.554 60.371 60.184 59.993 59.798 59.6 59.397 59.189 58.977 58.76 58.538 58.311 58.078 57.841 57.598 57.349 57.095 56.835 56.569 56.298 56.022 55.74 55.453 55.161 54.864 54.562 54.257 53.947 53.635 53.319 53 52.68 52.358 52.035 51.712 51.388 51.066 50.744 50.423 50.105 49.789 49.476
64.933 64.812 64.69 64.566 64.441 64.315 64.188 64.059 63.929 63.797 63.664 63.529 63.393 63.254 63.115 62.973 62.829 62.684 62.536 62.387 62.235 62.081 61.924 61.766 61.604 61.44 61.273 61.103 60.93 60.753 60.574 60.39 60.203 60.012 59.817 59.618 59.414 59.206 58.993 58.775 58.552 58.323 58.089 57.849 57.604 57.352 57.095 56.832 56.563 56.288 56.007 55.72 55.428 55.13 54.827 54.519 54.207 53.891 53.571 53.248 52.922 52.593 52.263 51.932 51.601 51.269 50.938 50.608 50.279 49.953 49.629 49.308
64.954 64.833 64.71 64.587 64.462 64.336 64.209 64.08 63.949 63.818 63.684 63.55 63.413 63.275 63.135 62.993 62.85 62.704 62.557 62.407 62.256 62.102 61.945 61.787 61.625 61.461 61.294 61.124 60.951 60.775 60.595 60.412 60.225 60.034 59.838 59.639 59.435 59.226 59.012 58.793 58.568 58.338 58.102 57.861 57.613 57.359 57.099 56.833 56.56 56.281 55.995 55.704 55.406 55.103 54.794 54.48 54.16 53.837 53.509 53.178 52.844 52.508 52.169 51.83 51.49 51.149 50.809 50.471 50.134 49.799 49.467 49.139
64.975 64.854 64.732 64.608 64.483 64.357 64.23 64.101 63.971 63.839 63.705 63.571 63.434 63.296 63.156 63.015 62.871 62.726 62.579 62.429 62.278 62.124 61.968 61.809 61.648 61.484 61.317 61.147 60.974 60.798 60.618 60.435 60.248 60.057 59.861 59.662 59.457 59.248 59.033 58.813 58.588 58.357 58.119 57.876 57.626 57.37 57.107 56.837 56.561 56.278 55.988 55.691 55.388 55.079 54.764 54.443 54.117 53.786 53.45 53.111 52.769 52.424 52.076 51.728 51.379 51.029 50.681 50.333 49.987 49.644 49.304 48.967
64.998 64.876 64.754 64.63 64.505 64.379 64.252 64.123 63.992 63.86 63.727 63.592 63.456 63.318 63.178 63.037 62.893 62.748 62.601 62.452 62.3 62.146 61.99 61.832 61.671 61.507 61.341 61.171 60.999 60.823 60.643 60.46 60.273 60.082 59.887 59.687 59.482 59.272 59.057 58.837 58.611 58.378 58.14 57.895 57.643 57.384 57.119 56.846 56.566 56.279 55.984 55.683 55.374 55.059 54.737 54.409 54.076 53.737 53.393 53.046 52.695 52.341 51.984 51.627 51.268 50.909 50.551 50.195 49.84 49.487 49.138 48.793
65.02 64.899 64.777 64.653 64.528 64.402 64.274 64.145 64.015 63.883 63.749 63.615 63.478 63.34 63.2 63.059 62.916 62.771 62.624 62.475 62.323 62.17 62.014 61.856 61.695 61.532 61.366 61.197 61.024 60.849 60.669 60.487 60.3 60.109 59.914 59.714 59.509 59.299 59.084 58.863 58.636 58.403 58.163 57.917 57.663 57.402 57.134 56.858 56.575 56.284 55.985 55.678 55.364 55.043 54.714 54.379 54.038 53.691 53.339 52.983 52.622 52.259 51.893 51.526 51.157 50.789 50.421 50.055 49.691 49.329 48.971 48.616
65.044 64.922 64.8 64.676 64.551 64.424 64.297 64.168 64.037 63.905 63.772 63.637 63.501 63.363 63.223 63.082 62.939 62.794 62.647 62.498 62.347 62.194 62.039 61.881 61.72 61.557 61.392 61.223 61.051 60.876 60.697 60.515 60.328 60.138 59.943 59.743 59.539 59.329 59.113 58.892 58.665 58.431 58.19 57.943 57.687 57.425 57.154 56.875 56.588 56.293 55.99 55.678 55.358 55.031 54.695 54.353 54.004 53.649 53.288 52.922 52.552 52.179 51.803 51.425 51.047 50.668 50.29 49.914 49.54 49.169 48.801 48.437
65.067 64.946 64.823 64.699 64.574 64.448 64.32 64.191 64.061 63.929 63.795 63.661 63.524 63.386 63.247 63.106 62.963 62.818 62.671 62.523 62.372 62.219 62.064 61.906 61.746 61.584 61.418 61.25 61.079 60.904 60.726 60.544 60.358 60.168 59.974 59.774 59.57 59.361 59.145 58.924 58.697 58.462 58.221 57.972 57.715 57.451 57.178 56.897 56.606 56.307 55.999 55.683 55.357 55.023 54.681 54.331 53.973 53.609 53.239 52.863 52.483 52.1 51.713 51.325 50.936 50.547 50.158 49.772 49.387 49.006 48.629 48.256
65.092 64.97 64.847 64.723 64.598 64.472 64.344 64.215 64.084 63.952 63.819 63.684 63.548 63.41 63.271 63.13 62.987 62.842 62.696 62.547 62.397 62.244 62.089 61.932 61.773 61.61 61.446 61.278 61.107 60.933 60.755 60.574 60.389 60.2 60.006 59.807 59.604 59.394 59.18 58.959 58.731 58.497 58.255 58.005 57.747 57.481 57.206 56.922 56.629 56.326 56.014 55.692 55.36 55.02 54.67 54.312 53.946 53.573 53.193 52.807 52.417 52.022 51.625 51.225 50.825 50.425 50.025 49.628 49.233 48.841 48.454 48.071
