raw_data/humedad_relativa/hora9/rh9apr.txt
ncols         501
nrows         361
xllcorner     109.95
yllcorner     -45.05
cellsize      0.1
NODATA_value  -9999
[rows 320 to 351 of 361, columns 144 to 215 of 501]
80.25 80.249 80.25 80.25 80.252 80.254 80.256 80.259 80.262 80.267 80.271 80.276 80.282 80.288 80.295 80.302 80.31 80.318 80.327 80.336 80.346 80.357 80.367 80.379 80.39 80.402 80.415 80.428 80.441 80.455 80.469 80.484 80.499 80.515 80.53 80.546 80.563 80.58 80.597 80.614 80.632 80.65 80.668 80.686 80.705 80.724 80.743 80.762 80.782 80.801 80.821 80.841 80.861 80.881 80.902 80.922 80.942 80.963 80.983 81.004 81.024 81.045 81.065 81.086 81.106 81.126 81.146 81.167 81.187 81.206 81.226 81.246
80.344 80.344 80.345 80.346 80.347 80.349 80.352 80.355 80.359 80.363 80.368 80.373 80.379 80.385 80.392 80.399 80.407 80.415 80.424 80.433 80.443 80.453 80.464 80.475 80.487 80.499 80.511 80.524 80.538 80.551 80.565 80.58 80.595 80.61 80.626 80.642 80.658 80.674 80.691 80.708 80.726 80.744 80.762 80.78 80.798 80.817 80.836 80.855 80.874 80.893 80.913 80.933 80.952 80.972 80.992 81.012 81.032 81.053 81.073 81.093 81.113 81.133 81.154 81.174 81.194 81.214 81.234 81.254 81.273 81.293 81.313 81.332
80.438 80.438 80.438 80.44 80.441 80.444 80.446 80.45 80.453 80.458 80.463 80.468 80.474 80.48 80.487 80.494 80.502 80.511 80.519 80.529 80.538 80.549 80.559 80.57 80.582 80.594 80.606 80.619 80.632 80.646 80.66 80.674 80.689 80.704 80.72 80.735 80.751 80.768 80.784 80.801 80.819 80.836 80.854 80.872 80.89 80.908 80.927 80.946 80.965 80.984 81.003 81.023 81.042 81.062 81.082 81.101 81.121 81.141 81.161 81.181 81.201 81.221 81.241 81.261 81.281 81.3 81.32 81.34 81.359 81.378 81.398 81.417
80.529 80.53 80.53 80.532 80.534 80.536 80.539 80.543 80.547 80.551 80.556 80.562 80.567 80.574 80.581 80.588 80.596 80.604 80.613 80.623 80.632 80.642 80.653 80.664 80.676 80.687 80.7 80.713 80.726 80.739 80.753 80.767 80.782 80.797 80.812 80.828 80.843 80.86 80.876 80.893 80.91 80.927 80.945 80.963 80.98 80.999 81.017 81.036 81.054 81.073 81.092 81.111 81.131 81.15 81.17 81.189 81.209 81.228 81.248 81.268 81.287 81.307 81.327 81.346 81.366 81.385 81.405 81.424 81.443 81.463 81.482 81.5
80.619 80.62 80.621 80.623 80.625 80.627 80.631 80.634 80.638 80.643 80.648 80.653 80.66 80.666 80.673 80.68 80.688 80.697 80.706 80.715 80.725 80.735 80.745 80.756 80.768 80.78 80.792 80.804 80.817 80.831 80.844 80.859 80.873 80.888 80.903 80.918 80.934 80.95 80.966 80.983 81 81.017 81.034 81.052 81.07 81.088 81.106 81.124 81.143 81.161 81.18 81.199 81.218 81.237 81.256 81.275 81.295 81.314 81.334 81.353 81.373 81.392 81.411 81.431 81.45 81.469 81.489 81.508 81.527 81.545 81.564 81.583
80.708 80.709 80.71 80.712 80.714 80.717 80.72 80.724 80.728 80.733 80.738 80.744 80.75 80.757 80.764 80.771 80.779 80.788 80.796 80.806 80.815 80.825 80.836 80.847 80.858 80.87 80.882 80.895 80.908 80.921 80.935 80.949 80.963 80.978 80.992 81.008 81.023 81.039 81.055 81.072 81.088 81.105 81.122 81.14 81.157 81.175 81.193 81.211 81.229 81.248 81.266 81.285 81.304 81.323 81.342 81.361 81.38 81.399 81.418 81.437 81.456 81.476 81.495 81.514 81.533 81.552 81.571 81.59 81.608 81.627 81.646 81.664
80.795 80.796 80.798 80.8 80.802 80.805 80.809 80.813 80.817 80.822 80.827 80.833 80.839 80.846 80.853 80.86 80.868 80.877 80.886 80.895 80.905 80.915 80.925 80.936 80.948 80.959 80.971 80.984 80.997 81.01 81.023 81.037 81.051 81.066 81.081 81.096 81.111 81.127 81.143 81.159 81.175 81.192 81.209 81.226 81.244 81.261 81.279 81.297 81.315 81.333 81.351 81.37 81.388 81.407 81.426 81.444 81.463 81.482 81.501 81.52 81.539 81.558 81.577 81.596 81.615 81.633 81.652 81.671 81.689 81.708 81.726 81.744
80.88 80.882 80.884 80.886 80.889 80.892 80.895 80.9 80.904 80.909 80.914 80.92 80.927 80.933 80.941 80.948 80.956 80.965 80.974 80.983 80.993 81.003 81.013 81.024 81.035 81.047 81.059 81.071 81.084 81.097 81.111 81.124 81.138 81.153 81.167 81.182 81.198 81.213 81.229 81.245 81.261 81.278 81.295 81.311 81.329 81.346 81.363 81.381 81.399 81.417 81.435 81.453 81.471 81.49 81.508 81.527 81.546 81.564 81.583 81.602 81.62 81.639 81.658 81.676 81.695 81.713 81.732 81.75 81.769 81.787 81.805 81.823
80.964 80.966 80.968 80.971 80.974 80.977 80.981 80.985 80.99 80.995 81 81.006 81.013 81.02 81.027 81.035 81.043 81.051 81.06 81.069 81.079 81.089 81.1 81.11 81.122 81.133 81.145 81.157 81.17 81.183 81.196 81.21 81.224 81.238 81.253 81.268 81.283 81.298 81.314 81.33 81.346 81.362 81.379 81.395 81.412 81.429 81.447 81.464 81.482 81.5 81.517 81.535 81.553 81.572 81.59 81.608 81.627 81.645 81.663 81.682 81.7 81.719 81.737 81.756 81.774 81.792 81.811 81.829 81.847 81.865 81.883 81.9
81.047 81.049 81.051 81.054 81.057 81.061 81.065 81.069 81.074 81.079 81.085 81.091 81.098 81.104 81.112 81.119 81.128 81.136 81.145 81.154 81.164 81.174 81.185 81.195 81.207 81.218 81.23 81.242 81.255 81.268 81.281 81.294 81.308 81.322 81.337 81.352 81.367 81.382 81.397 81.413 81.429 81.445 81.461 81.478 81.495 81.512 81.529 81.546 81.563 81.581 81.599 81.616 81.634 81.652 81.67 81.688 81.706 81.725 81.743 81.761 81.779 81.798 81.816 81.834 81.852 81.87 81.888 81.906 81.924 81.942 81.959 81.977
81.128 81.13 81.133 81.136 81.139 81.143 81.147 81.152 81.157 81.162 81.168 81.174 81.181 81.188 81.195 81.203 81.211 81.22 81.229 81.238 81.248 81.258 81.268 81.279 81.29 81.302 81.314 81.326 81.338 81.351 81.364 81.378 81.391 81.405 81.42 81.434 81.449 81.464 81.479 81.495 81.511 81.527 81.543 81.559 81.576 81.593 81.609 81.627 81.644 81.661 81.678 81.696 81.714 81.731 81.749 81.767 81.785 81.803 81.821 81.839 81.857 81.875 81.893 81.911 81.929 81.947 81.965 81.982 82 82.017 82.035 82.052
81.208 81.211 81.213 81.217 81.22 81.224 81.228 81.233 81.238 81.244 81.25 81.256 81.263 81.27 81.277 81.285 81.293 81.302 81.311 81.32 81.33 81.34 81.351 81.361 81.372 81.384 81.396 81.408 81.42 81.433 81.446 81.459 81.473 81.487 81.501 81.515 81.53 81.545 81.56 81.576 81.591 81.607 81.623 81.639 81.656 81.672 81.689 81.706 81.723 81.74 81.757 81.775 81.792 81.809 81.827 81.845 81.862 81.88 81.898 81.916 81.934 81.951 81.969 81.987 82.005 82.022 82.04 82.057 82.075 82.092 82.109 82.126
81.287 81.289 81.292 81.296 81.3 81.304 81.308 81.313 81.318 81.324 81.33 81.336 81.343 81.35 81.358 81.366 81.374 81.383 81.392 81.401 81.411 81.421 81.431 81.442 81.453 81.465 81.476 81.489 81.501 81.514 81.526 81.54 81.553 81.567 81.581 81.595 81.61 81.625 81.64 81.655 81.671 81.686 81.702 81.718 81.734 81.751 81.767 81.784 81.801 81.818 81.835 81.852 81.869 81.886 81.904 81.921 81.939 81.956 81.974 81.991 82.009 82.026 82.044 82.062 82.079 82.096 82.114 82.131 82.148 82.165 82.182 82.199
81.364 81.367 81.37 81.374 81.378 81.382 81.387 81.392 81.397 81.403 81.409 81.416 81.423 81.43 81.437 81.445 81.454 81.462 81.471 81.481 81.491 81.501 81.511 81.522 81.533 81.544 81.556 81.568 81.58 81.593 81.606 81.619 81.632 81.646 81.66 81.674 81.689 81.703 81.718 81.733 81.749 81.764 81.78 81.796 81.812 81.828 81.844 81.861 81.877 81.894 81.911 81.928 81.945 81.962 81.979 81.996 82.014 82.031 82.048 82.066 82.083 82.1 82.118 82.135 82.152 82.17 82.187 82.204 82.221 82.238 82.255 82.271
81.44 81.443 81.446 81.45 81.454 81.459 81.464 81.469 81.475 81.48 81.487 81.493 81.5 81.508 81.515 81.524 81.532 81.541 81.55 81.559 81.569 81.579 81.589 81.6 81.611 81.623 81.634 81.646 81.658 81.671 81.684 81.697 81.71 81.724 81.738 81.752 81.766 81.78 81.795 81.81 81.825 81.841 81.856 81.872 81.888 81.904 81.92 81.936 81.953 81.969 81.986 82.003 82.02 82.036 82.053 82.071 82.088 82.105 82.122 82.139 82.156 82.173 82.19 82.207 82.225 82.242 82.259 82.275 82.292 82.309 82.326 82.342
81.514 81.518 81.521 81.525 81.53 81.534 81.54 81.545 81.551 81.557 81.563 81.57 81.577 81.584 81.592 81.6 81.609 81.618 81.627 81.636 81.646 81.656 81.666 81.677 81.688 81.7 81.711 81.723 81.735 81.748 81.76 81.773 81.787 81.8 81.814 81.828 81.842 81.856 81.871 81.886 81.901 81.916 81.932 81.947 81.963 81.979 81.995 82.011 82.027 82.043 82.06 82.076 82.093 82.11 82.127 82.143 82.16 82.177 82.194 82.211 82.228 82.245 82.262 82.279 82.296 82.312 82.329 82.346 82.363 82.379 82.395 82.412
81.588 81.591 81.595 81.599 81.604 81.609 81.614 81.62 81.625 81.632 81.638 81.645 81.652 81.66 81.668 81.676 81.684 81.693 81.702 81.712 81.722 81.732 81.742 81.753 81.764 81.775 81.787 81.799 81.811 81.823 81.836 81.849 81.862 81.875 81.889 81.903 81.917 81.931 81.946 81.96 81.975 81.99 82.006 82.021 82.037 82.052 82.068 82.084 82.1 82.116 82.133 82.149 82.165 82.182 82.199 82.215 82.232 82.249 82.265 82.282 82.299 82.316 82.332 82.349 82.366 82.382 82.399 82.415 82.432 82.448 82.464 82.48
81.66 81.664 81.668 81.672 81.677 81.682 81.687 81.693 81.699 81.705 81.712 81.719 81.726 81.734 81.742 81.75 81.759 81.768 81.777 81.786 81.796 81.806 81.817 81.828 81.839 81.85 81.861 81.873 81.885 81.898 81.91 81.923 81.936 81.949 81.963 81.977 81.991 82.005 82.019 82.034 82.049 82.063 82.079 82.094 82.109 82.125 82.14 82.156 82.172 82.188 82.204 82.22 82.237 82.253 82.27 82.286 82.302 82.319 82.335 82.352 82.369 82.385 82.402 82.418 82.435 82.451 82.467 82.484 82.5 82.516 82.532 82.548
81.731 81.735 81.739 81.744 81.749 81.754 81.759 81.765 81.771 81.778 81.785 81.792 81.799 81.807 81.815 81.823 81.832 81.841 81.85 81.86 81.87 81.88 81.89 81.901 81.912 81.923 81.935 81.946 81.958 81.971 81.983 81.996 82.009 82.022 82.036 82.049 82.063 82.077 82.092 82.106 82.121 82.135 82.15 82.165 82.181 82.196 82.212 82.227 82.243 82.259 82.275 82.291 82.307 82.323 82.339 82.356 82.372 82.388 82.405 82.421 82.437 82.454 82.47 82.486 82.502 82.519 82.535 82.551 82.567 82.583 82.599 82.615
81.8 81.805 81.809 81.814 81.819 81.824 81.83 81.836 81.843 81.849 81.856 81.863 81.871 81.879 81.887 81.895 81.904 81.913 81.922 81.932 81.942 81.952 81.962 81.973 81.984 81.995 82.007 82.018 82.03 82.043 82.055 82.068 82.081 82.094 82.107 82.121 82.135 82.149 82.163 82.177 82.191 82.206 82.221 82.236 82.251 82.266 82.282 82.297 82.313 82.328 82.344 82.36 82.376 82.392 82.408 82.424 82.44 82.456 82.472 82.489 82.505 82.521 82.537 82.553 82.569 82.585 82.601 82.617 82.633 82.649 82.664 82.68
81.869 81.873 81.878 81.883 81.888 81.894 81.9 81.906 81.912 81.919 81.926 81.934 81.941 81.949 81.957 81.966 81.975 81.984 81.993 82.003 82.013 82.023 82.033 82.044 82.055 82.066 82.077 82.089 82.101 82.113 82.126 82.138 82.151 82.164 82.178 82.191 82.205 82.219 82.233 82.247 82.261 82.276 82.29 82.305 82.32 82.335 82.351 82.366 82.381 82.397 82.412 82.428 82.444 82.46 82.476 82.491 82.507 82.523 82.539 82.555 82.571 82.587 82.603 82.619 82.635 82.651 82.667 82.682 82.698 82.714 82.729 82.745
81.936 81.941 81.946 81.951 81.956 81.962 81.968 81.975 81.981 81.988 81.995 82.003 82.01 82.018 82.027 82.035 82.044 82.053 82.063 82.072 82.082 82.092 82.103 82.114 82.125 82.136 82.147 82.159 82.171 82.183 82.195 82.208 82.221 82.234 82.247 82.26 82.274 82.288 82.302 82.316 82.33 82.344 82.359 82.374 82.388 82.403 82.418 82.434 82.449 82.464 82.48 82.495 82.511 82.526 82.542 82.558 82.574 82.589 82.605 82.621 82.637 82.653 82.668 82.684 82.7 82.715 82.731 82.747 82.762 82.778 82.793 82.808
82.002 82.007 82.012 82.018 82.023 82.029 82.035 82.042 82.049 82.056 82.063 82.071 82.078 82.087 82.095 82.104 82.113 82.122 82.131 82.141 82.151 82.161 82.172 82.182 82.193 82.204 82.216 82.227 82.239 82.251 82.264 82.276 82.289 82.302 82.315 82.328 82.342 82.355 82.369 82.383 82.397 82.412 82.426 82.441 82.455 82.47 82.485 82.5 82.515 82.53 82.546 82.561 82.577 82.592 82.608 82.623 82.639 82.654 82.67 82.686 82.701 82.717 82.732 82.748 82.764 82.779 82.794 82.81 82.825 82.84 82.855 82.871
82.067 82.072 82.078 82.083 82.089 82.095 82.102 82.108 82.115 82.122 82.13 82.137 82.145 82.154 82.162 82.171 82.18 82.189 82.199 82.208 82.218 82.228 82.239 82.25 82.261 82.272 82.283 82.295 82.307 82.319 82.331 82.343 82.356 82.369 82.382 82.395 82.409 82.422 82.436 82.45 82.464 82.478 82.492 82.507 82.521 82.536 82.551 82.566 82.581 82.596 82.611 82.626 82.641 82.657 82.672 82.687 82.703 82.718 82.734 82.749 82.765 82.78 82.796 82.811 82.826 82.842 82.857 82.872 82.887 82.902 82.917 82.932
82.131 82.136 82.142 82.148 82.154 82.16 82.167 82.173 82.18 82.188 82.195 82.203 82.211 82.219 82.228 82.237 82.246 82.255 82.265 82.275 82.285 82.295 82.305 82.316 82.327 82.338 82.349 82.361 82.373 82.385 82.397 82.41 82.422 82.435 82.448 82.461 82.474 82.488 82.502 82.515 82.529 82.543 82.557 82.572 82.586 82.601 82.615 82.63 82.645 82.66 82.675 82.69 82.705 82.72 82.735 82.751 82.766 82.781 82.796 82.812 82.827 82.842 82.858 82.873 82.888 82.903 82.918 82.933 82.948 82.963 82.978 82.993
82.194 82.199 82.205 82.211 82.217 82.224 82.23 82.237 82.245 82.252 82.26 82.268 82.276 82.284 82.293 82.302 82.311 82.32 82.33 82.34 82.35 82.36 82.37 82.381 82.392 82.403 82.415 82.426 82.438 82.45 82.462 82.475 82.487 82.5 82.513 82.526 82.539 82.552 82.566 82.58 82.594 82.607 82.622 82.636 82.65 82.665 82.679 82.694 82.708 82.723 82.738 82.753 82.768 82.783 82.798 82.813 82.828 82.843 82.858 82.873 82.888 82.904 82.919 82.934 82.949 82.964 82.979 82.993 83.008 83.023 83.038 83.052
82.255 82.261 82.267 82.273 82.28 82.286 82.293 82.3 82.308 82.315 82.323 82.331 82.339 82.348 82.357 82.366 82.375 82.384 82.394 82.404 82.414 82.424 82.435 82.445 82.456 82.467 82.479 82.49 82.502 82.514 82.526 82.539 82.551 82.564 82.577 82.59 82.603 82.616 82.629 82.643 82.657 82.671 82.685 82.699 82.713 82.727 82.742 82.756 82.771 82.785 82.8 82.815 82.83 82.844 82.859 82.874 82.889 82.904 82.919 82.934 82.949 82.964 82.979 82.994 83.009 83.023 83.038 83.053 83.067 83.082 83.096 83.111
82.316 82.322 82.328 82.335 82.341 82.348 82.355 82.362 82.37 82.377 82.385 82.393 82.402 82.41 82.419 82.428 82.438 82.447 82.457 82.467 82.477 82.487 82.498 82.508 82.519 82.531 82.542 82.553 82.565 82.577 82.589 82.601 82.614 82.627 82.639 82.652 82.665 82.679 82.692 82.705 82.719 82.733 82.747 82.761 82.775 82.789 82.803 82.817 82.832 82.846 82.861 82.876 82.89 82.905 82.92 82.934 82.949 82.964 82.979 82.994 83.008 83.023 83.038 83.053 83.067 83.082 83.097 83.111 83.126 83.14 83.154 83.168
82.376 82.382 82.388 82.395 82.401 82.408 82.416 82.423 82.431 82.439 82.447 82.455 82.463 82.472 82.481 82.49 82.499 82.509 82.519 82.529 82.539 82.549 82.56 82.57 82.581 82.593 82.604 82.615 82.627 82.639 82.651 82.663 82.676 82.688 82.701 82.714 82.727 82.74 82.753 82.767 82.78 82.794 82.808 82.822 82.835 82.85 82.864 82.878 82.892 82.907 82.921 82.935 82.95 82.965 82.979 82.994 83.008 83.023 83.038 83.052 83.067 83.082 83.096 83.111 83.125 83.14 83.154 83.168 83.183 83.197 83.211 83.225
82.434 82.441 82.447 82.454 82.461 82.468 82.475 82.483 82.491 82.499 82.507 82.515 82.524 82.532 82.541 82.551 82.56 82.57 82.579 82.589 82.6 82.61 82.621 82.631 82.642 82.654 82.665 82.676 82.688 82.7 82.712 82.724 82.737 82.749 82.762 82.774 82.787 82.8 82.814 82.827 82.84 82.854 82.868 82.881 82.895 82.909 82.923 82.937 82.951 82.966 82.98 82.994 83.009 83.023 83.038 83.052 83.067 83.081 83.096 83.11 83.125 83.139 83.153 83.168 83.182 83.197 83.211 83.225 83.239 83.253 83.267 83.281
82.492 82.498 82.505 82.512 82.519 82.526 82.534 82.542 82.549 82.558 82.566 82.574 82.583 82.592 82.601 82.61 82.62 82.629 82.639 82.649 82.66 82.67 82.681 82.691 82.702 82.714 82.725 82.736 82.748 82.76 82.772 82.784 82.796 82.809 82.821 82.834 82.847 82.86 82.873 82.886 82.9 82.913 82.927 82.94 82.954 82.968 82.982 82.996 83.01 83.024 83.038 83.052 83.067 83.081 83.095 83.109 83.124 83.138 83.153 83.167 83.181 83.195 83.21 83.224 83.238 83.252 83.266 83.281 83.295 83.308 83.322 83.336
82.548 82.555 82.562 82.569 82.576 82.584 82.591 82.599 82.607 82.616 82.624 82.633 82.641 82.65 82.659 82.669 82.678 82.688 82.698 82.708 82.718 82.729 82.739 82.75 82.761 82.772 82.784 82.795 82.807 82.819 82.831 82.843 82.855 82.868 82.88 82.893 82.906 82.918 82.931 82.945 82.958 82.971 82.985 82.998 83.012 83.026 83.039 83.053 83.067 83.081 83.095 83.109 83.123 83.138 83.152 83.166 83.18 83.194 83.209 83.223 83.237 83.251 83.265 83.279 83.293 83.307 83.321 83.335 83.349 83.363 83.376 83.39
