raw_data/humedad_relativa/hora9/rh9dec.txt
ncols         501
nrows         361
xllcorner     109.95
yllcorner     -45.05
cellsize      0.1
NODATA_value  -9999
[rows 256 to 287 of 361, columns 288 to 359 of 501]
55.926 54.627 58.367 56.106 56.625 53.872 53.798 53.692 53.259 53.347 53.335 53.259 53.173 53.05 52.921 52.924 53.049 53.215 53.347 53.662 53.676 53.675 53.862 53.999 54.104 54.199 54.446 54.588 54.766 54.588 54.52 54.521 54.483 54.536 54.502 54.546 54.443 54.415 54.409 54.336 54.199 54.176 54.102 53.952 53.873 53.761 53.608 53.521 53.389 53.245 53.125 53 52.879 52.756 52.644 52.518 52.44 52.34 52.244 52.158 52.085 52.002 51.935 51.89 51.829 51.78 51.765 51.73 51.711 51.673 51.672 51.683
57.497 57.389 59.366 57.071 57.038 54.723 54.354 54.313 53.891 54.1 54.162 53.833 53.729 53.617 53.534 53.501 53.633 53.757 53.783 53.988 53.997 54.112 54.444 54.366 54.422 54.576 54.654 54.812 54.984 54.816 54.848 54.891 54.803 54.795 54.85 54.824 54.79 54.682 54.697 54.583 54.595 54.426 54.283 54.176 54.068 53.968 53.845 53.77 53.658 53.503 53.381 53.273 53.133 53.021 52.902 52.758 52.671 52.573 52.483 52.403 52.329 52.252 52.186 52.123 52.071 52.014 51.994 51.961 51.949 51.932 51.928 51.96
60.362 59.487 59.348 58.72 56.352 55.534 55.32 55.204 54.769 54.834 54.573 54.4 54.4 54.191 54.199 54.138 54.179 54.264 54.383 54.472 54.466 54.552 54.972 54.811 54.822 55.09 55.142 55.36 55.291 55.173 55.149 55.202 55.222 55.14 55.356 55.168 55.069 55.11 54.968 55.01 54.872 54.806 54.701 54.572 54.341 54.252 54.185 54.032 53.918 53.767 53.636 53.513 53.384 53.267 53.141 53.016 52.923 52.813 52.731 52.638 52.558 52.495 52.434 52.37 52.312 52.266 52.245 52.226 52.21 52.191 52.187 52.201
63.069 61.19 60.697 58.868 56.722 56.159 55.962 56.265 55.289 55.427 55.322 55.096 55.025 54.846 54.821 54.762 54.783 55.108 54.925 55.005 55.349 55.096 55.162 55.317 55.37 55.51 55.574 55.661 55.517 55.835 55.538 55.635 55.548 55.492 55.441 55.491 55.447 55.309 55.375 55.284 55.109 55.033 54.946 54.819 54.657 54.576 54.461 54.333 54.213 54.037 53.92 53.771 53.662 53.543 53.403 53.28 53.169 53.057 52.974 52.889 52.815 52.74 52.661 52.604 52.568 52.517 52.482 52.475 52.457 52.467 52.517 52.482
62.422 62.719 60.39 59.441 57.709 57.109 56.638 56.792 56.081 56.364 55.951 55.814 55.794 55.524 55.43 55.497 55.535 55.481 55.617 55.609 55.79 55.642 55.65 55.663 55.775 55.873 55.886 55.88 55.836 55.934 56.009 55.915 56.014 55.898 55.851 55.881 55.773 55.71 55.634 55.565 55.414 55.336 55.255 55.094 54.989 54.865 54.748 54.559 54.43 54.302 54.189 54.04 53.929 53.778 53.641 53.545 53.415 53.326 53.209 53.137 53.044 52.966 52.929 52.866 52.81 52.79 52.753 52.731 52.725 52.709 52.723 52.746
63.781 62.585 60.098 59.791 58.395 57.605 57.705 57.483 57.168 56.887 56.772 56.364 56.362 56.073 56.171 56.197 56.157 56.143 56.198 56.28 56.175 56.254 56.172 56.309 56.237 56.212 56.37 56.261 56.23 56.267 56.377 56.335 56.49 56.303 56.19 56.153 56.108 56.021 55.911 55.871 55.736 55.621 55.493 55.39 55.364 55.18 55.041 54.902 54.708 54.58 54.438 54.303 54.173 54.04 53.921 53.8 53.681 53.567 53.455 53.37 53.317 53.246 53.173 53.138 53.092 53.055 53.014 53.006 52.97 52.985 52.994 53.014
63.575 61.585 59.894 59.967 59.04 58.496 58.165 58.093 57.902 57.463 57.531 57.213 56.983 57.02 56.866 56.794 56.701 56.736 56.738 56.759 56.784 56.806 56.786 56.867 56.67 56.749 56.695 56.672 56.806 56.756 56.713 56.702 56.675 56.722 56.674 56.689 56.425 56.412 56.426 56.263 56.118 56.021 55.929 55.724 55.634 55.623 55.352 55.185 55.068 54.876 54.731 54.592 54.453 54.317 54.18 54.057 53.945 53.848 53.759 53.677 53.566 53.52 53.47 53.406 53.369 53.336 53.317 53.285 53.261 53.254 53.269 53.294
62.214 60.962 60.255 59.933 59.413 59.156 58.713 58.487 58.203 57.981 57.753 57.941 57.829 57.524 57.463 57.417 57.372 57.345 57.323 57.332 57.33 57.36 57.357 57.338 57.213 57.168 57.139 57.347 57.253 57.355 57.3 57.215 57.213 57.12 57.18 57.169 56.93 56.774 56.717 56.617 56.417 56.47 56.168 56.051 55.987 55.935 55.795 55.505 55.352 55.19 55.033 54.892 54.744 54.592 54.465 54.334 54.211 54.108 54.019 53.932 53.868 53.801 53.738 53.688 53.655 53.61 53.582 53.565 53.559 53.561 53.571 53.588
61.767 61.146 60.729 60.414 60.024 59.689 59.395 59.09 58.838 58.586 58.398 58.218 58.234 58.441 58.043 58.005 57.921 57.966 57.927 58.005 57.905 57.929 58.108 57.946 58.078 57.753 57.787 57.666 57.754 57.786 57.713 57.555 57.602 57.515 57.537 57.576 57.442 57.203 57.236 57.021 56.766 56.738 56.635 56.43 56.289 56.214 56.106 55.922 55.682 55.517 55.343 55.198 55.045 54.897 54.759 54.628 54.512 54.408 54.308 54.228 54.156 54.089 54.034 53.994 53.963 53.934 53.904 53.887 53.9 53.886 53.878 53.913
61.908 61.707 61.462 60.941 60.637 60.318 59.993 59.795 59.57 59.258 59.017 58.86 58.71 58.805 58.829 58.644 58.728 58.577 58.526 58.544 58.599 58.468 58.622 58.619 58.521 58.421 58.403 58.153 58.304 58.291 58.289 58.217 57.927 57.889 57.897 57.856 57.878 57.652 57.578 57.419 57.173 57.089 56.939 56.809 56.683 56.571 56.433 56.349 56.062 55.848 55.689 55.492 55.363 55.182 55.04 54.919 54.796 54.674 54.593 54.516 54.452 54.394 54.345 54.303 54.278 54.271 54.258 54.221 54.233 54.232 54.229 54.258
62.345 62.066 61.78 61.485 61.167 60.864 60.582 60.584 60.352 60.067 59.737 59.56 59.644 59.316 59.257 59.171 59.15 59.125 59.109 59.091 59.097 59.092 58.984 58.892 58.879 58.886 58.849 58.68 58.666 58.669 58.716 58.551 58.443 58.406 58.309 58.292 58.194 58.179 57.947 57.862 57.686 57.558 57.367 57.231 57.082 57 56.825 56.668 56.398 56.197 56.045 55.824 55.662 55.486 55.343 55.208 55.097 54.985 54.901 54.829 54.788 54.746 54.678 54.647 54.629 54.613 54.63 54.604 54.599 54.598 54.607 54.62
62.788 62.527 62.253 61.972 61.697 61.415 61.16 60.9 60.656 60.74 60.255 60.064 59.94 59.94 59.773 59.724 59.755 59.686 59.761 59.689 59.682 59.575 59.612 59.549 59.399 59.408 59.301 59.217 59.212 59.22 59.138 59.138 58.954 59.04 58.813 58.761 58.668 58.617 58.495 58.306 58.251 57.985 57.819 57.662 57.536 57.337 57.196 56.984 56.753 56.57 56.391 56.159 55.985 55.808 55.656 55.531 55.403 55.297 55.212 55.154 55.12 55.083 55.014 54.991 54.984 54.983 54.978 54.981 55.002 54.995 55.017 55.008
63.215 62.97 62.713 62.449 62.182 61.971 61.725 61.496 61.218 61.272 60.872 60.634 60.583 60.499 60.357 60.356 60.248 60.29 60.211 60.194 60.188 60.339 60.247 60.113 60.102 60.099 59.879 59.772 59.68 59.807 59.65 59.479 59.402 59.425 59.298 59.261 59.048 59.004 58.925 58.729 58.694 58.449 58.342 58.124 57.938 57.77 57.6 57.387 57.14 56.976 56.726 56.511 56.319 56.149 55.993 55.848 55.71 55.617 55.541 55.492 55.468 55.472 55.375 55.365 55.363 55.375 55.39 55.404 55.408 55.471 55.876 55.444
63.628 63.397 63.158 62.911 62.662 62.413 62.182 62.055 61.863 61.599 61.508 61.185 61.026 60.911 60.843 61.142 60.897 60.713 60.812 60.767 60.686 60.696 60.782 60.769 60.654 60.522 60.525 60.359 60.269 60.212 60.172 59.976 59.964 59.918 59.805 59.731 59.513 59.507 59.322 59.26 59.099 58.926 58.791 58.571 58.399 58.209 58.018 57.784 57.617 57.415 57.126 56.887 56.678 56.48 56.306 56.171 56.034 55.934 55.865 55.809 55.782 55.803 55.73 55.746 55.765 55.789 55.818 55.844 55.869 55.89 55.95 56.58
64.03 63.814 63.589 63.359 63.126 62.894 62.665 62.448 62.254 62.095 61.899 61.717 61.57 61.449 61.341 61.255 61.458 61.211 61.247 61.244 61.448 61.262 61.216 61.26 61.238 61.108 61.031 60.875 60.923 60.808 60.716 60.545 60.7 60.446 60.328 60.203 60.09 59.983 59.874 59.74 59.599 59.438 59.242 59.049 58.874 58.673 58.456 58.232 58.129 57.752 57.491 57.264 57.041 56.852 57.285 56.495 56.372 56.273 56.198 56.158 56.168 56.168 56.119 56.155 56.19 56.234 56.283 56.329 56.365 56.392 56.419 56.425
64.424 64.22 64.01 63.795 63.578 63.361 63.146 62.937 62.751 62.654 62.554 62.293 62.108 61.98 61.878 61.778 61.812 61.741 61.716 61.796 61.829 61.84 61.811 61.755 61.951 61.645 61.46 61.571 61.495 61.271 61.111 60.998 60.961 60.963 60.886 60.803 60.538 60.504 60.396 60.249 60.124 59.936 59.754 59.564 59.357 59.168 58.937 58.68 58.459 58.28 57.878 57.661 57.428 57.225 57.098 56.929 56.719 56.611 56.545 56.492 56.477 56.487 56.531 56.58 56.645 56.708 56.776 56.83 56.9 56.95 56.992 57.078
64.811 64.619 64.422 64.221 64.018 63.815 63.615 63.419 63.229 63.123 63.06 62.903 62.787 62.545 62.399 62.312 62.243 62.224 62.205 62.184 62.199 62.241 62.303 62.249 62.252 62.32 62.163 61.991 62.024 62.017 61.797 61.563 61.454 61.485 61.421 61.338 61.16 61.05 60.931 60.775 60.638 60.441 60.264 60.16 59.857 59.742 59.448 59.293 58.902 58.662 58.32 58.08 57.841 57.606 57.39 57.21 57.082 57.084 56.941 56.886 56.878 56.898 56.96 57.042 57.132 57.223 57.307 57.397 57.503 57.584 57.736 57.695
65.191 65.011 64.826 64.638 64.448 64.259 64.072 63.888 63.71 63.539 63.437 63.396 63.368 63.122 62.916 62.847 62.8 62.783 62.741 62.713 62.727 62.789 62.68 62.649 62.626 62.733 62.969 62.617 62.474 62.621 62.394 62.149 62.013 62.082 61.974 61.874 61.724 61.601 61.448 61.343 61.212 60.974 60.791 60.664 60.515 60.243 60.042 60.06 60.046 59.266 58.85 58.521 58.267 58.025 57.785 57.591 57.455 57.376 57.304 57.282 57.288 57.329 57.425 57.538 57.657 57.78 57.899 58.031 58.152 58.33 58.386 58.449
65.566 65.397 65.223 65.047 64.87 64.694 64.519 64.347 64.18 64.02 63.885 63.836 63.845 63.668 63.443 63.364 63.424 63.372 63.301 63.276 63.279 63.293 63.266 63.292 63.19 63.244 63.229 63.37 63.113 63.102 63.029 62.882 62.568 62.702 62.542 62.551 62.32 62.172 62.111 61.903 61.747 61.545 61.331 61.227 61.063 60.809 61.261 60.796 60.293 59.813 59.455 58.993 58.706 58.442 58.182 58.017 57.836 57.752 57.697 57.699 57.806 57.772 57.908 58.066 58.222 58.394 58.523 58.706 58.897 59.099 59.169 59.279
65.936 65.776 65.614 65.45 65.284 65.119 64.956 64.796 64.64 64.489 64.357 64.275 64.189 64.216 64.186 63.9 63.893 63.925 63.844 63.826 63.816 63.805 63.864 63.814 63.824 63.722 63.767 63.847 63.845 63.71 63.87 63.376 63.127 63.228 63.106 63.035 62.911 62.801 62.648 62.499 62.34 62.128 62.066 61.787 61.724 61.438 61.722 61.399 60.961 60.751 59.914 59.655 59.21 58.909 58.628 58.39 58.284 58.129 58.139 58.241 58.109 58.228 58.409 58.632 58.838 59.04 59.231 59.436 59.693 59.986 60.215 60.172
66.3 66.151 65.999 65.845 65.691 65.537 65.385 65.236 65.09 64.95 64.815 64.713 64.702 64.575 64.456 64.37 64.305 64.321 64.271 64.362 64.332 64.302 64.307 64.305 64.306 64.288 64.313 64.301 64.386 64.167 64.254 63.918 63.699 63.853 63.696 63.659 63.515 63.4 63.241 63.181 62.969 62.795 62.762 62.54 62.573 62.315 62.006 61.581 61.709 61.875 61.244 60.088 59.733 59.436 59.209 59.169 58.789 58.538 58.531 58.732 58.58 58.755 59.429 59.286 59.494 59.722 59.99 60.349 60.502 60.768 61.024 61.343
66.661 66.521 66.378 66.235 66.091 65.948 65.806 65.667 65.532 65.401 65.275 65.187 65.126 65.063 65.072 64.984 64.82 64.755 64.772 64.848 64.904 64.847 64.822 64.856 64.867 64.908 64.875 64.987 64.863 65.03 64.475 64.364 64.317 64.35 64.339 64.158 64.081 63.992 63.902 63.792 63.647 63.506 63.756 63.454 63.239 62.956 62.854 62.147 62.441 61.639 61.177 60.705 60.321 60.074 59.728 59.568 59.295 59.097 59.116 59.457 59.243 59.625 59.926 60.215 60.194 60.471 60.809 61.356 61.44 62.622 62.514 63.259
67.016 66.885 66.752 66.619 66.485 66.352 66.22 66.091 65.965 65.844 65.727 65.62 65.582 65.455 65.439 65.495 65.356 65.3 65.242 65.284 65.367 65.311 65.312 65.344 65.366 65.362 65.374 65.431 65.495 65.393 65.094 65.037 65.018 64.899 64.875 64.815 64.731 64.627 64.549 64.463 64.351 64.262 64.69 64.268 64.246 63.662 63.487 62.847 63.584 62.762 62.018 61.315 61.051 60.899 60.537 60.961 59.678 59.382 59.481 59.778 59.998 60.496 61.234 60.573 61.044 61.468 61.891 62.613 62.522 64.884 65.241 65.533
67.368 67.245 67.121 66.997 66.872 66.749 66.627 66.507 66.391 66.278 66.186 66.088 66.034 65.953 65.899 65.852 65.799 65.774 65.72 65.697 65.776 65.83 65.827 65.862 65.925 66.043 66.015 65.924 65.944 65.984 65.746 65.713 65.715 65.599 65.557 65.576 66.167 65.306 65.228 65.154 65.162 65.078 65.046 64.781 65.601 65.404 64.14 63.607 63.296 62.898 62.502 62.158 62.146 61.901 61.605 62.426 60.376 60.126 59.927 60.333 60.647 60.9 61.731 61.513 61.926 63.278 64.382 64.967 64.021 65.575 66.475 68.076
67.715 67.6 67.485 67.369 67.254 67.14 67.027 66.917 66.809 66.709 66.672 66.563 66.459 66.36 66.382 66.315 66.306 66.247 66.236 66.189 66.301 66.299 66.318 66.382 66.459 66.545 66.568 66.583 66.522 66.642 66.414 66.347 66.307 66.654 66.26 66.278 67.793 67.143 65.988 66.022 65.831 66.179 65.746 66.559 66.628 67.593 64.87 64.396 64.531 63.679 63.361 62.96 62.644 63.672 62.953 65.552 62.195 60.583 61.056 61.585 62.349 62.664 61.907 62.48 63.242 64.888 64.647 66.297 65.867 65.92 65.848 66.683
68.057 67.951 67.843 67.736 67.63 67.524 67.42 67.319 67.22 67.125 67.034 66.981 66.896 66.853 66.839 66.854 66.761 66.743 66.718 66.697 66.658 66.797 66.822 66.887 67.016 67.088 67.079 67.061 67.037 67.017 67.087 66.983 67.213 68.135 66.985 69.02 67.463 68.483 66.68 66.706 66.839 67.258 66.674 66.398 66.693 68.086 66.553 65.423 64.938 64.666 64.191 64.028 63.474 63.226 62.86 63.152 62.525 62.33 62.487 64.382 63.43 63.666 63.05 63.299 63.373 67.362 68.263 68.319 65.594 66.479 68.53 66.886
68.396 68.296 68.197 68.098 68 67.903 67.807 67.714 67.624 67.537 67.46 67.455 67.338 67.275 67.252 67.245 67.245 67.219 67.206 67.181 67.154 67.248 67.467 67.493 67.521 67.522 67.221 67.342 67.492 67.649 67.547 67.485 67.865 67.87 67.68 67.621 68.334 69.033 69.272 67.367 68.008 67.65 67.551 67.182 68.909 67.167 66.668 66.498 66.352 65.625 66.374 65.286 65.302 64.339 64.299 65.86 64.884 64.943 64.998 66.526 66.576 64.082 65.818 65.954 65.252 65.662 65.415 66.509 66.863 67.065 68.925 67.911
68.729 68.638 68.546 68.455 68.364 68.275 68.188 68.103 68.021 67.942 67.867 67.799 67.776 67.723 67.676 67.707 67.706 67.679 67.681 67.67 67.651 67.657 67.939 68.07 67.941 67.823 68.131 68.076 68.153 68.537 68.483 68.303 68.236 68.209 68.212 70.688 68.446 69.081 73.286 68.112 69.339 68.741 68.276 71.721 70.674 68.268 68.449 67.513 67.96 68.119 66.625 66.968 68.601 66.782 67.717 67.7 66.744 66.293 67.546 66.961 67.176 65.726 65.395 67.947 68.314 67.943 69.694 67.694 70.091 68.178 68.688 71.381
69.059 68.974 68.89 68.806 68.723 68.642 68.563 68.486 68.411 68.34 68.272 68.208 68.16 68.223 68.171 68.156 68.129 68.146 68.174 68.161 68.157 68.168 68.187 68.261 68.476 68.24 68.927 69.055 69.142 69.161 69.159 69.113 68.974 68.988 69.28 70.031 69.05 69.471 69.334 68.997 70.459 68.917 69.222 69.66 69.01 68.985 69.119 68.923 70.696 68.599 68.37 68.216 68.571 69.163 70.228 68.968 68.8 68.332 69.327 67.145 66.267 66.401 66.866 69.27 71.54 70.083 68.73 69.153 73.453 69.597 74.337 74.516
69.384 69.306 69.228 69.152 69.076 69.003 68.931 68.861 68.795 68.731 68.671 68.614 68.567 68.549 68.542 68.641 68.855 68.611 68.659 68.665 68.642 68.662 68.637 68.682 68.753 69.007 68.592 69.211 69.936 69.55 69.536 69.802 69.481 69.47 69.59 69.528 69.754 69.739 69.71 69.716 69.526 69.716 69.786 69.718 69.792 69.923 69.688 69.52 69.531 69.331 69.332 69.748 70.271 70.256 71.021 67.856 68.26 69.882 67.751 66.866 67.389 66.927 67.338 66.949 69.833 72.025 72.993 74.411 74.257 72.024 72.64 76.528
69.704 69.632 69.562 69.492 69.424 69.357 69.293 69.23 69.171 69.115 69.062 69.012 68.967 68.926 68.958 68.948 68.923 69.469 69.151 69.148 69.131 69.126 69.106 69.114 69.166 69.482 69.009 69.659 69.301 69.329 69.954 69.895 69.978 70.25 70.224 70.142 70.398 70.363 70.484 70.249 70.272 70.492 70.469 70.433 70.327 70.486 70.43 70.887 70.589 70.204 70.305 71.006 70.771 71.18 70.207 69.289 67.229 67.607 67.645 67.24 66.359 67.28 66.933 67.352 68.011 69.769 70.815 69.9 71.447 73.314 75.373 75.386
70.019 69.954 69.89 69.827 69.766 69.706 69.648 69.593 69.541 69.491 69.446 69.403 69.365 69.331 69.3 69.39 69.333 69.634 69.607 69.59 69.578 69.593 69.588 69.579 69.594 69.483 70.272 70.006 70.011 69.839 70.144 70.165 70.694 70.624 70.751 70.894 71.145 71.415 71.263 70.818 70.939 70.978 70.976 71.005 70.951 71.029 71.204 71.596 71.204 71.288 71.19 71.116 71.562 71.067 70.946 70.003 67.985 67.189 67.288 67.031 66.58 66.571 66.824 67.252 69.233 69.542 69.462 70.185 76.189 76.884 73.244 74.046
