raw_data/humedad_relativa/hora9/rh9dec.txt
ncols         501
nrows         361
xllcorner     109.95
yllcorner     -45.05
cellsize      0.1
NODATA_value  -9999
[rows 320 to 351 of 361, columns 216 to 287 of 501]
76.518 76.539 76.56 76.581 76.601 76.62 76.639 76.658 76.676 76.693 76.711 76.727 76.744 76.759 76.775 76.79 76.804 76.819 76.832 76.846 76.859 76.871 76.884 76.896 76.908 76.919 76.93 76.941 76.951 76.962 76.972 76.982 76.992 77.001 77.011 77.02 77.029 77.038 77.047 77.056 77.065 77.075 77.084 77.093 77.102 77.111 77.121 77.131 77.141 77.151 77.161 77.172 77.183 77.195 77.207 77.219 77.232 77.245 77.259 77.273 77.289 77.304 77.321 77.338 77.356 77.375 77.395 77.416 77.437 77.46 77.483 77.508
76.618 76.64 76.661 76.681 76.702 76.722 76.741 76.76 76.778 76.796 76.814 76.831 76.847 76.864 76.88 76.895 76.91 76.925 76.939 76.953 76.967 76.98 76.993 77.005 77.018 77.03 77.041 77.053 77.064 77.075 77.086 77.097 77.107 77.117 77.128 77.138 77.148 77.158 77.167 77.177 77.187 77.197 77.207 77.217 77.227 77.237 77.248 77.258 77.269 77.28 77.291 77.303 77.315 77.327 77.34 77.353 77.367 77.381 77.395 77.411 77.426 77.443 77.46 77.478 77.497 77.516 77.537 77.558 77.58 77.603 77.627 77.651
76.717 76.739 76.76 76.781 76.802 76.822 76.841 76.86 76.879 76.898 76.915 76.933 76.95 76.967 76.983 76.999 77.014 77.03 77.044 77.059 77.073 77.087 77.1 77.113 77.126 77.139 77.151 77.163 77.175 77.187 77.198 77.21 77.221 77.232 77.243 77.254 77.264 77.275 77.286 77.296 77.307 77.317 77.328 77.339 77.35 77.361 77.372 77.383 77.395 77.407 77.419 77.431 77.444 77.457 77.47 77.484 77.498 77.513 77.529 77.545 77.561 77.578 77.596 77.615 77.634 77.654 77.675 77.696 77.719 77.742 77.766 77.791
76.815 76.837 76.858 76.88 76.9 76.921 76.941 76.96 76.979 76.998 77.016 77.034 77.051 77.068 77.085 77.102 77.118 77.133 77.148 77.163 77.178 77.192 77.206 77.22 77.233 77.247 77.26 77.272 77.285 77.297 77.309 77.321 77.333 77.345 77.356 77.368 77.379 77.39 77.402 77.413 77.424 77.436 77.447 77.459 77.47 77.482 77.494 77.506 77.518 77.531 77.543 77.557 77.57 77.584 77.598 77.613 77.628 77.643 77.659 77.676 77.693 77.711 77.729 77.748 77.768 77.788 77.809 77.831 77.854 77.877 77.902 77.927
76.911 76.934 76.955 76.977 76.998 77.018 77.039 77.058 77.078 77.097 77.115 77.134 77.151 77.169 77.186 77.203 77.219 77.235 77.251 77.266 77.281 77.296 77.311 77.325 77.339 77.353 77.366 77.38 77.393 77.405 77.418 77.431 77.443 77.455 77.468 77.48 77.492 77.504 77.516 77.528 77.54 77.552 77.564 77.576 77.588 77.601 77.613 77.626 77.639 77.652 77.666 77.68 77.694 77.708 77.723 77.738 77.754 77.77 77.787 77.804 77.821 77.84 77.859 77.878 77.898 77.919 77.94 77.963 77.986 78.009 78.034 78.059
77.007 77.029 77.051 77.073 77.094 77.115 77.135 77.156 77.175 77.195 77.213 77.232 77.25 77.268 77.285 77.303 77.319 77.336 77.352 77.368 77.384 77.399 77.414 77.429 77.443 77.457 77.471 77.485 77.499 77.512 77.526 77.539 77.552 77.565 77.577 77.59 77.603 77.615 77.628 77.641 77.653 77.666 77.679 77.692 77.705 77.718 77.731 77.744 77.758 77.772 77.786 77.8 77.815 77.83 77.846 77.861 77.878 77.894 77.911 77.929 77.947 77.966 77.985 78.005 78.025 78.046 78.068 78.091 78.114 78.138 78.162 78.188
77.101 77.124 77.146 77.168 77.189 77.21 77.231 77.251 77.271 77.291 77.31 77.329 77.348 77.366 77.384 77.401 77.418 77.435 77.452 77.468 77.484 77.5 77.515 77.531 77.546 77.56 77.575 77.589 77.603 77.617 77.631 77.645 77.659 77.672 77.685 77.699 77.712 77.725 77.738 77.752 77.765 77.778 77.792 77.805 77.819 77.832 77.846 77.86 77.874 77.889 77.904 77.919 77.934 77.949 77.965 77.982 77.998 78.016 78.033 78.051 78.07 78.089 78.109 78.129 78.149 78.171 78.193 78.215 78.239 78.263 78.287 78.312
77.194 77.217 77.24 77.262 77.283 77.305 77.326 77.346 77.366 77.386 77.406 77.425 77.444 77.462 77.481 77.498 77.516 77.533 77.55 77.567 77.583 77.6 77.616 77.631 77.647 77.662 77.677 77.692 77.706 77.721 77.735 77.75 77.764 77.778 77.792 77.805 77.819 77.833 77.847 77.861 77.875 77.888 77.902 77.916 77.931 77.945 77.959 77.974 77.989 78.004 78.019 78.034 78.05 78.066 78.083 78.1 78.117 78.134 78.152 78.171 78.19 78.209 78.229 78.25 78.271 78.292 78.314 78.337 78.36 78.384 78.409 78.434
77.286 77.309 77.332 77.354 77.376 77.398 77.419 77.44 77.46 77.48 77.5 77.52 77.539 77.558 77.576 77.594 77.612 77.63 77.647 77.664 77.681 77.698 77.714 77.73 77.746 77.762 77.777 77.793 77.808 77.823 77.838 77.852 77.867 77.882 77.896 77.91 77.925 77.939 77.954 77.968 77.982 77.997 78.011 78.026 78.04 78.055 78.07 78.085 78.101 78.116 78.132 78.148 78.164 78.181 78.198 78.215 78.232 78.25 78.269 78.288 78.307 78.327 78.347 78.367 78.389 78.41 78.433 78.455 78.479 78.503 78.527 78.552
77.377 77.4 77.423 77.446 77.468 77.489 77.511 77.532 77.553 77.573 77.593 77.613 77.632 77.652 77.67 77.689 77.707 77.725 77.743 77.761 77.778 77.795 77.811 77.828 77.844 77.86 77.876 77.892 77.908 77.923 77.939 77.954 77.969 77.984 77.999 78.014 78.029 78.043 78.058 78.073 78.088 78.103 78.118 78.133 78.148 78.163 78.179 78.194 78.21 78.226 78.242 78.259 78.276 78.293 78.31 78.328 78.346 78.364 78.383 78.402 78.421 78.441 78.462 78.482 78.504 78.526 78.548 78.571 78.594 78.618 78.642 78.667
77.467 77.49 77.513 77.536 77.558 77.58 77.602 77.623 77.644 77.665 77.685 77.705 77.725 77.744 77.764 77.782 77.801 77.819 77.837 77.855 77.873 77.89 77.907 77.924 77.941 77.957 77.974 77.99 78.006 78.022 78.038 78.053 78.069 78.084 78.1 78.115 78.131 78.146 78.161 78.177 78.192 78.207 78.223 78.238 78.254 78.27 78.286 78.302 78.318 78.334 78.351 78.368 78.385 78.402 78.42 78.438 78.456 78.475 78.494 78.513 78.533 78.553 78.574 78.595 78.616 78.638 78.66 78.683 78.706 78.73 78.754 78.778
77.556 77.579 77.602 77.625 77.648 77.67 77.692 77.713 77.734 77.755 77.776 77.796 77.816 77.836 77.855 77.874 77.893 77.912 77.93 77.949 77.967 77.984 78.002 78.019 78.036 78.053 78.07 78.086 78.103 78.119 78.135 78.152 78.168 78.183 78.199 78.215 78.231 78.247 78.262 78.278 78.294 78.31 78.326 78.342 78.358 78.374 78.39 78.407 78.423 78.44 78.457 78.474 78.492 78.51 78.528 78.546 78.564 78.583 78.603 78.622 78.642 78.662 78.683 78.704 78.726 78.747 78.77 78.792 78.815 78.839 78.863 78.887
77.643 77.667 77.69 77.713 77.736 77.758 77.78 77.802 77.823 77.844 77.865 77.886 77.906 77.926 77.946 77.965 77.984 78.003 78.022 78.041 78.059 78.077 78.095 78.112 78.13 78.147 78.164 78.181 78.198 78.215 78.231 78.248 78.264 78.281 78.297 78.313 78.329 78.346 78.362 78.378 78.394 78.41 78.427 78.443 78.46 78.476 78.493 78.51 78.527 78.544 78.561 78.579 78.597 78.615 78.633 78.651 78.67 78.689 78.709 78.728 78.749 78.769 78.79 78.811 78.832 78.854 78.876 78.899 78.922 78.945 78.969 78.993
77.73 77.754 77.777 77.8 77.823 77.845 77.868 77.89 77.911 77.933 77.954 77.974 77.995 78.015 78.035 78.055 78.074 78.094 78.113 78.131 78.15 78.168 78.187 78.204 78.222 78.24 78.257 78.275 78.292 78.309 78.326 78.343 78.36 78.376 78.393 78.41 78.426 78.443 78.459 78.476 78.492 78.509 78.526 78.543 78.559 78.576 78.593 78.611 78.628 78.645 78.663 78.681 78.699 78.717 78.736 78.755 78.774 78.793 78.812 78.832 78.853 78.873 78.894 78.915 78.936 78.958 78.98 79.003 79.025 79.049 79.072 79.096
77.815 77.839 77.863 77.886 77.909 77.932 77.954 77.976 77.998 78.019 78.041 78.062 78.082 78.103 78.123 78.143 78.163 78.182 78.202 78.221 78.24 78.258 78.277 78.295 78.313 78.331 78.349 78.367 78.384 78.402 78.419 78.436 78.453 78.47 78.487 78.504 78.521 78.538 78.555 78.572 78.589 78.606 78.623 78.64 78.657 78.675 78.692 78.709 78.727 78.745 78.763 78.781 78.799 78.818 78.837 78.855 78.875 78.894 78.914 78.934 78.954 78.975 78.995 79.017 79.038 79.06 79.082 79.104 79.126 79.149 79.172 79.196
77.9 77.924 77.947 77.971 77.994 78.017 78.039 78.061 78.083 78.105 78.127 78.148 78.169 78.19 78.21 78.23 78.25 78.27 78.29 78.309 78.328 78.347 78.366 78.384 78.403 78.421 78.439 78.457 78.475 78.493 78.511 78.528 78.546 78.563 78.58 78.598 78.615 78.632 78.649 78.667 78.684 78.701 78.719 78.736 78.753 78.771 78.789 78.806 78.824 78.842 78.861 78.879 78.897 78.916 78.935 78.954 78.974 78.993 79.013 79.033 79.053 79.074 79.095 79.116 79.137 79.158 79.18 79.202 79.225 79.247 79.27 79.293
77.983 78.007 78.031 78.054 78.078 78.101 78.123 78.146 78.168 78.19 78.211 78.233 78.254 78.275 78.296 78.316 78.336 78.356 78.376 78.396 78.415 78.434 78.453 78.472 78.491 78.51 78.528 78.546 78.565 78.583 78.601 78.618 78.636 78.654 78.672 78.689 78.707 78.724 78.742 78.759 78.777 78.795 78.812 78.83 78.848 78.866 78.883 78.901 78.92 78.938 78.956 78.975 78.994 79.012 79.031 79.051 79.07 79.09 79.11 79.13 79.15 79.171 79.191 79.212 79.233 79.255 79.277 79.298 79.32 79.343 79.365 79.388
78.065 78.089 78.113 78.137 78.16 78.183 78.206 78.229 78.251 78.273 78.295 78.317 78.338 78.359 78.38 78.401 78.421 78.441 78.461 78.481 78.501 78.52 78.54 78.559 78.578 78.597 78.615 78.634 78.652 78.671 78.689 78.707 78.725 78.743 78.761 78.779 78.797 78.815 78.833 78.851 78.868 78.886 78.904 78.922 78.94 78.958 78.976 78.995 79.013 79.031 79.05 79.069 79.088 79.107 79.126 79.145 79.165 79.184 79.204 79.224 79.245 79.265 79.286 79.307 79.328 79.349 79.37 79.392 79.414 79.436 79.458 79.48
78.147 78.171 78.195 78.218 78.242 78.265 78.288 78.311 78.333 78.356 78.378 78.399 78.421 78.442 78.463 78.484 78.505 78.525 78.546 78.566 78.585 78.605 78.625 78.644 78.663 78.682 78.701 78.72 78.739 78.758 78.776 78.795 78.813 78.831 78.849 78.868 78.886 78.904 78.922 78.94 78.958 78.976 78.994 79.013 79.031 79.049 79.067 79.086 79.104 79.123 79.142 79.161 79.18 79.199 79.218 79.237 79.257 79.277 79.297 79.317 79.337 79.357 79.378 79.399 79.42 79.441 79.462 79.483 79.505 79.526 79.548 79.569
78.227 78.251 78.275 78.299 78.322 78.346 78.369 78.392 78.414 78.437 78.459 78.481 78.503 78.524 78.545 78.566 78.587 78.608 78.628 78.649 78.669 78.689 78.708 78.728 78.748 78.767 78.786 78.805 78.824 78.843 78.862 78.88 78.899 78.918 78.936 78.954 78.973 78.991 79.009 79.028 79.046 79.064 79.083 79.101 79.12 79.138 79.157 79.175 79.194 79.213 79.232 79.251 79.27 79.289 79.308 79.328 79.347 79.367 79.387 79.407 79.427 79.447 79.468 79.488 79.509 79.53 79.551 79.572 79.593 79.614 79.636 79.657
78.306 78.33 78.354 78.378 78.402 78.425 78.449 78.472 78.494 78.517 78.539 78.561 78.583 78.605 78.626 78.647 78.668 78.689 78.71 78.73 78.751 78.771 78.791 78.811 78.83 78.85 78.869 78.889 78.908 78.927 78.946 78.965 78.984 79.002 79.021 79.04 79.058 79.077 79.095 79.114 79.133 79.151 79.17 79.188 79.207 79.225 79.244 79.263 79.282 79.301 79.32 79.339 79.358 79.377 79.396 79.416 79.436 79.455 79.475 79.495 79.515 79.535 79.556 79.576 79.596 79.617 79.638 79.659 79.679 79.7 79.721 79.742
78.384 78.408 78.433 78.457 78.48 78.504 78.527 78.55 78.573 78.596 78.618 78.64 78.662 78.684 78.706 78.727 78.748 78.77 78.79 78.811 78.832 78.852 78.872 78.892 78.912 78.932 78.951 78.971 78.99 79.01 79.029 79.048 79.067 79.086 79.105 79.124 79.142 79.161 79.18 79.199 79.217 79.236 79.255 79.273 79.292 79.311 79.33 79.349 79.368 79.387 79.406 79.425 79.444 79.463 79.483 79.502 79.522 79.541 79.561 79.581 79.601 79.621 79.641 79.661 79.682 79.702 79.722 79.743 79.763 79.784 79.804 79.825
78.461 78.485 78.51 78.534 78.558 78.581 78.605 78.628 78.651 78.674 78.696 78.719 78.741 78.763 78.784 78.806 78.827 78.849 78.87 78.89 78.911 78.932 78.952 78.972 78.992 79.012 79.032 79.052 79.071 79.091 79.11 79.129 79.149 79.168 79.187 79.206 79.225 79.244 79.263 79.282 79.301 79.319 79.338 79.357 79.376 79.395 79.414 79.433 79.452 79.471 79.49 79.509 79.528 79.548 79.567 79.587 79.606 79.626 79.645 79.665 79.685 79.705 79.725 79.745 79.765 79.785 79.805 79.825 79.845 79.865 79.885 79.905
78.537 78.562 78.586 78.61 78.634 78.658 78.681 78.705 78.728 78.751 78.773 78.796 78.818 78.84 78.862 78.884 78.905 78.926 78.948 78.969 78.989 79.01 79.031 79.051 79.071 79.091 79.111 79.131 79.151 79.171 79.19 79.21 79.229 79.248 79.268 79.287 79.306 79.325 79.344 79.363 79.382 79.401 79.42 79.439 79.458 79.477 79.496 79.515 79.534 79.553 79.573 79.592 79.611 79.63 79.65 79.669 79.689 79.708 79.728 79.747 79.767 79.787 79.806 79.826 79.846 79.866 79.886 79.905 79.925 79.945 79.964 79.984
78.612 78.637 78.661 78.685 78.709 78.733 78.757 78.78 78.803 78.826 78.849 78.872 78.894 78.916 78.938 78.96 78.982 79.003 79.024 79.046 79.067 79.087 79.108 79.129 79.149 79.169 79.189 79.209 79.229 79.249 79.269 79.289 79.308 79.328 79.347 79.366 79.386 79.405 79.424 79.443 79.462 79.481 79.501 79.52 79.539 79.558 79.577 79.596 79.615 79.634 79.653 79.673 79.692 79.711 79.73 79.75 79.769 79.789 79.808 79.828 79.847 79.867 79.886 79.906 79.925 79.945 79.964 79.984 80.003 80.022 80.041 80.061
78.686 78.711 78.735 78.76 78.784 78.807 78.831 78.855 78.878 78.901 78.924 78.946 78.969 78.991 79.013 79.035 79.057 79.079 79.1 79.121 79.143 79.163 79.184 79.205 79.226 79.246 79.266 79.286 79.306 79.326 79.346 79.366 79.386 79.405 79.425 79.444 79.464 79.483 79.502 79.522 79.541 79.56 79.579 79.598 79.618 79.637 79.656 79.675 79.694 79.713 79.733 79.752 79.771 79.79 79.81 79.829 79.848 79.867 79.887 79.906 79.925 79.945 79.964 79.983 80.003 80.022 80.041 80.06 80.079 80.098 80.117 80.135
78.759 78.784 78.808 78.833 78.857 78.881 78.905 78.928 78.951 78.975 78.998 79.02 79.043 79.065 79.087 79.11 79.131 79.153 79.175 79.196 79.217 79.238 79.259 79.28 79.301 79.321 79.342 79.362 79.382 79.402 79.422 79.442 79.462 79.482 79.501 79.521 79.541 79.56 79.579 79.599 79.618 79.637 79.657 79.676 79.695 79.714 79.733 79.753 79.772 79.791 79.81 79.829 79.848 79.868 79.887 79.906 79.925 79.944 79.963 79.983 80.002 80.021 80.04 80.059 80.078 80.097 80.116 80.134 80.153 80.171 80.19 80.208
78.831 78.856 78.881 78.905 78.929 78.953 78.977 79.001 79.024 79.047 79.07 79.093 79.116 79.138 79.161 79.183 79.205 79.226 79.248 79.27 79.291 79.312 79.333 79.354 79.375 79.396 79.416 79.437 79.457 79.477 79.497 79.517 79.537 79.557 79.577 79.596 79.616 79.635 79.655 79.674 79.694 79.713 79.732 79.752 79.771 79.79 79.809 79.829 79.848 79.867 79.886 79.905 79.924 79.943 79.962 79.981 80.001 80.02 80.039 80.058 80.076 80.095 80.114 80.133 80.152 80.17 80.189 80.207 80.225 80.243 80.261 80.279
78.902 78.927 78.952 78.976 79 79.024 79.048 79.072 79.095 79.119 79.142 79.165 79.187 79.21 79.232 79.255 79.277 79.299 79.32 79.342 79.363 79.385 79.406 79.427 79.448 79.469 79.489 79.51 79.53 79.55 79.571 79.591 79.611 79.631 79.651 79.67 79.69 79.71 79.729 79.749 79.768 79.787 79.807 79.826 79.845 79.865 79.884 79.903 79.922 79.941 79.96 79.979 79.998 80.017 80.036 80.055 80.074 80.093 80.112 80.131 80.149 80.168 80.187 80.205 80.223 80.242 80.26 80.278 80.296 80.313 80.331 80.348
78.973 78.997 79.022 79.046 79.071 79.095 79.119 79.142 79.166 79.189 79.212 79.235 79.258 79.281 79.303 79.326 79.348 79.37 79.392 79.413 79.435 79.456 79.477 79.499 79.52 79.54 79.561 79.582 79.602 79.623 79.643 79.663 79.683 79.703 79.723 79.743 79.763 79.782 79.802 79.821 79.841 79.86 79.88 79.899 79.918 79.938 79.957 79.976 79.995 80.014 80.033 80.052 80.071 80.09 80.109 80.128 80.146 80.165 80.184 80.202 80.221 80.239 80.257 80.276 80.294 80.312 80.329 80.347 80.364 80.382 80.399 80.415
79.042 79.067 79.091 79.116 79.14 79.164 79.188 79.212 79.235 79.259 79.282 79.305 79.328 79.351 79.373 79.396 79.418 79.44 79.462 79.483 79.505 79.527 79.548 79.569 79.59 79.611 79.632 79.653 79.673 79.694 79.714 79.734 79.754 79.774 79.794 79.814 79.834 79.854 79.873 79.893 79.912 79.932 79.951 79.971 79.99 80.009 80.028 80.047 80.066 80.085 80.104 80.123 80.142 80.161 80.179 80.198 80.217 80.235 80.254 80.272 80.29 80.308 80.326 80.344 80.362 80.38 80.397 80.414 80.431 80.448 80.465 80.481
79.11 79.135 79.16 79.184 79.208 79.233 79.257 79.28 79.304 79.327 79.351 79.374 79.397 79.419 79.442 79.464 79.487 79.509 79.531 79.553 79.574 79.596 79.617 79.638 79.66 79.681 79.701 79.722 79.743 79.763 79.784 79.804 79.824 79.844 79.864 79.884 79.904 79.924 79.943 79.963 79.983 80.002 80.021 80.041 80.06 80.079 80.098 80.117 80.136 80.155 80.174 80.193 80.212 80.23 80.249 80.267 80.286 80.304 80.322 80.34 80.358 80.376 80.394 80.412 80.429 80.446 80.463 80.48 80.497 80.513 80.529 80.545
