raw_data/humedad_relativa/hora9/rh9dec.txt
ncols         501
nrows         361
xllcorner     109.95
yllcorner     -45.05
cellsize      0.1
NODATA_value  -9999
[rows 96 to 127 of 361, columns 72 to 143 of 501]
54.394 54.286 54.184 54.087 53.995 53.91 53.831 53.758 53.691 53.63 53.576 53.528 53.485 53.448 53.416 53.389 53.366 53.348 53.333 53.321 53.312 53.306 53.301 53.299 53.298 53.3 53.303 53.308 53.315 53.325 53.338 53.353 53.372 53.395 53.421 53.451 53.486 53.526 53.569 53.618 53.671 53.728 53.79 53.856 53.926 54 54.09 54.193 54.337 54.585 54.785 54.936 55.082 55.242 55.282 55.361 55.495 55.517 55.636 55.661 55.644 55.696 55.423 55.435 55.233 55.062 54.985 54.86 54.693 54.576 54.427 54.071
54.03 53.915 53.806 53.703 53.606 53.516 53.431 53.354 53.283 53.219 53.161 53.109 53.064 53.025 52.991 52.962 52.937 52.917 52.9 52.886 52.875 52.865 52.858 52.852 52.848 52.845 52.843 52.843 52.845 52.849 52.855 52.865 52.877 52.893 52.913 52.937 52.965 52.997 53.035 53.076 53.123 53.174 53.229 53.288 53.351 53.446 53.569 53.61 53.835 53.999 54.138 54.307 54.417 54.594 54.641 54.72 54.747 54.817 54.929 54.944 54.94 55.019 54.774 54.602 54.492 54.375 54.307 54.181 54.105 53.921 53.825 53.586
53.659 53.538 53.422 53.313 53.21 53.113 53.024 52.942 52.867 52.799 52.738 52.683 52.635 52.594 52.558 52.527 52.501 52.479 52.461 52.445 52.432 52.42 52.41 52.401 52.392 52.385 52.378 52.373 52.369 52.367 52.367 52.369 52.375 52.384 52.397 52.414 52.435 52.461 52.491 52.526 52.566 52.61 52.658 52.711 52.767 52.851 52.948 53.101 53.24 53.405 53.532 53.605 53.702 53.904 54.004 53.998 54.023 54.217 54.19 54.259 54.238 54.276 54.026 54.26 53.851 53.763 53.779 53.58 53.503 53.36 53.23 53.066
53.282 53.153 53.03 52.914 52.805 52.703 52.608 52.521 52.442 52.37 52.306 52.249 52.199 52.155 52.117 52.085 52.058 52.035 52.015 51.998 51.983 51.969 51.956 51.944 51.932 51.92 51.908 51.897 51.887 51.878 51.871 51.867 51.865 51.867 51.873 51.883 51.897 51.916 51.94 51.968 52.001 52.038 52.08 52.126 52.183 52.306 52.422 52.54 52.714 52.786 52.854 53.023 53.135 53.244 53.243 53.272 53.458 53.513 53.466 53.436 53.611 53.472 53.496 53.4 53.407 53.234 53.11 52.993 52.862 52.817 52.541 52.385
52.897 52.761 52.631 52.507 52.392 52.284 52.184 52.092 52.008 51.933 51.865 51.805 51.753 51.708 51.669 51.636 51.608 51.584 51.563 51.545 51.529 51.513 51.498 51.483 51.467 51.45 51.433 51.416 51.399 51.383 51.369 51.358 51.349 51.343 51.342 51.344 51.351 51.363 51.38 51.402 51.428 51.459 51.494 51.534 51.607 51.735 51.828 52.025 52.137 52.136 52.283 52.431 52.57 52.509 52.526 52.723 52.836 52.795 52.719 52.878 52.855 52.734 52.745 52.752 52.651 52.529 52.421 52.241 52.194 52.032 51.952 51.755
52.506 52.361 52.223 52.092 51.97 51.855 51.75 51.653 51.565 51.486 51.415 51.353 51.298 51.252 51.212 51.178 51.15 51.126 51.105 51.087 51.07 51.053 51.035 51.017 50.997 50.975 50.953 50.929 50.906 50.883 50.861 50.842 50.825 50.812 50.803 50.798 50.798 50.803 50.813 50.827 50.847 50.872 50.901 50.934 50.993 51.116 51.222 51.335 51.39 51.511 51.624 51.763 51.776 51.764 51.982 52.046 52.104 52.059 52.092 52.19 52.094 52.038 52.086 52.037 51.9 51.8 51.655 51.588 51.444 51.345 51.194 51.094
52.106 51.952 51.806 51.668 51.538 51.417 51.306 51.204 51.111 51.028 50.955 50.89 50.834 50.786 50.746 50.712 50.684 50.661 50.64 50.622 50.605 50.587 50.568 50.547 50.523 50.497 50.468 50.438 50.407 50.376 50.346 50.318 50.294 50.273 50.256 50.244 50.236 50.234 50.237 50.246 50.259 50.277 50.3 50.348 50.424 50.476 50.594 50.644 50.685 50.852 50.894 50.959 50.996 51.065 51.154 51.252 51.389 51.291 51.385 51.364 51.324 51.323 51.265 51.274 51.2 51.105 50.941 50.925 50.9 50.742 50.522 50.418
51.698 51.535 51.38 51.234 51.096 50.969 50.852 50.744 50.647 50.56 50.484 50.417 50.359 50.311 50.27 50.237 50.21 50.188 50.169 50.152 50.135 50.117 50.097 50.073 50.045 50.014 49.979 49.941 49.902 49.863 49.824 49.788 49.755 49.726 49.701 49.681 49.667 49.658 49.654 49.656 49.664 49.676 49.706 49.742 49.809 49.916 49.996 50.043 50.054 50.149 50.183 50.301 50.266 50.318 50.405 50.471 50.533 50.549 50.575 50.569 50.593 50.6 50.656 50.699 50.591 50.482 50.309 50.218 50.144 50.046 49.84 49.753
51.281 51.108 50.944 50.789 50.644 50.51 50.386 50.273 50.172 50.081 50.001 49.932 49.873 49.824 49.784 49.752 49.726 49.706 49.689 49.675 49.659 49.642 49.621 49.595 49.564 49.527 49.485 49.439 49.391 49.343 49.295 49.25 49.208 49.171 49.138 49.111 49.089 49.074 49.064 49.06 49.061 49.084 49.092 49.153 49.217 49.286 49.411 49.383 49.408 49.382 49.471 49.555 49.68 49.701 49.692 49.759 49.805 49.801 49.853 49.884 49.927 49.953 49.993 49.96 49.871 49.759 49.607 49.512 49.42 49.314 49.204 49.076
50.855 50.672 50.498 50.334 50.181 50.039 49.909 49.791 49.684 49.589 49.506 49.435 49.375 49.326 49.286 49.256 49.233 49.215 49.202 49.191 49.178 49.163 49.142 49.115 49.08 49.036 48.987 48.932 48.875 48.816 48.759 48.704 48.653 48.607 48.566 48.532 48.503 48.482 48.466 48.456 48.463 48.466 48.511 48.676 48.625 48.677 48.714 48.797 48.906 48.843 48.872 49.011 49.062 49.026 49.079 49.089 49.104 49.212 49.358 49.28 49.307 49.253 49.203 49.323 49.28 49.069 48.986 48.93 48.954 48.794 48.692 48.495
50.419 50.225 50.041 49.868 49.706 49.557 49.42 49.295 49.184 49.085 48.999 48.925 48.864 48.815 48.776 48.748 48.728 48.714 48.706 48.699 48.691 48.679 48.66 48.631 48.592 48.543 48.484 48.419 48.351 48.281 48.213 48.148 48.088 48.034 47.986 47.944 47.909 47.881 47.86 47.861 47.85 47.893 48.006 48.038 48.135 48.125 48.222 48.251 48.332 48.281 48.218 48.286 48.419 48.577 48.45 48.46 48.509 48.642 48.791 48.702 48.531 48.525 48.48 48.527 48.485 48.4 48.412 48.446 48.419 48.302 48.149 47.99
49.973 49.767 49.572 49.39 49.219 49.062 48.917 48.787 48.67 48.567 48.477 48.402 48.339 48.29 48.253 48.226 48.21 48.202 48.199 48.199 48.197 48.191 48.175 48.146 48.102 48.045 47.976 47.899 47.819 47.737 47.658 47.583 47.513 47.451 47.395 47.347 47.307 47.289 47.254 47.24 47.23 47.26 47.265 47.293 47.325 47.379 47.507 47.641 47.697 47.698 47.744 47.664 47.712 47.799 47.792 47.935 48.024 48.064 48.147 47.958 47.857 47.856 47.877 47.859 47.815 47.854 47.818 47.916 47.965 47.834 47.728 47.57
49.515 49.297 49.092 48.899 48.719 48.553 48.401 48.264 48.142 48.034 47.941 47.863 47.799 47.75 47.713 47.69 47.678 47.675 47.68 47.688 47.695 47.696 47.686 47.658 47.61 47.544 47.462 47.371 47.276 47.182 47.091 47.006 46.927 46.864 46.807 46.785 46.765 46.691 46.682 46.693 46.64 46.594 46.659 46.686 46.677 46.747 46.781 46.932 46.95 46.948 47.051 47.038 46.995 47.063 47.078 47.195 47.299 47.267 47.329 47.225 47.185 47.283 47.337 47.344 47.335 47.248 47.361 47.243 47.188 47.176 47.213 47.079
49.045 48.815 48.598 48.395 48.205 48.031 47.871 47.727 47.599 47.486 47.39 47.308 47.243 47.193 47.158 47.137 47.129 47.132 47.145 47.163 47.183 47.195 47.193 47.168 47.116 47.037 46.94 46.832 46.721 46.613 46.51 46.425 46.353 46.306 46.254 46.278 46.226 46.18 46.194 46.127 46.147 46.13 46.147 46.204 46.172 46.166 46.21 46.262 46.231 46.224 46.239 46.275 46.318 46.356 46.382 46.423 46.489 46.492 46.525 46.528 46.632 46.702 46.783 46.804 46.847 46.774 46.69 46.782 46.7 46.607 46.719 46.565
48.563 48.32 48.091 47.877 47.678 47.494 47.327 47.176 47.041 46.923 46.822 46.738 46.67 46.619 46.584 46.564 46.56 46.57 46.591 46.621 46.66 46.699 46.697 46.678 46.619 46.541 46.408 46.317 46.24 46.065 45.988 45.944 45.896 45.785 45.732 45.711 45.749 45.682 45.653 45.585 45.626 45.608 45.582 45.668 45.718 45.575 45.6 45.649 45.726 45.657 45.696 45.703 45.738 45.837 45.792 45.892 45.94 45.902 45.927 45.999 46.063 46.156 46.329 46.356 46.429 46.2 46.208 46.258 46.299 46.08 46.12 46.026
48.067 47.811 47.57 47.345 47.135 46.943 46.767 46.609 46.468 46.344 46.238 46.15 46.079 46.026 45.99 45.971 45.97 45.984 46.031 46.08 46.119 46.184 46.217 46.207 46.15 46.04 45.923 45.814 45.7 45.635 45.448 45.426 45.376 45.24 45.168 45.172 45.132 45.139 45.085 45.086 45.083 45.079 45.089 45.183 45.131 45.054 45.018 45.043 45.061 45.113 45.136 45.12 45.234 45.224 45.232 45.363 45.372 45.422 45.4 45.59 45.613 45.679 45.787 45.842 45.771 45.752 45.6 45.628 45.753 45.598 45.439 45.5
47.557 47.287 47.034 46.798 46.578 46.377 46.193 46.027 45.879 45.749 45.637 45.544 45.47 45.413 45.375 45.356 45.355 45.372 45.414 45.478 45.552 45.651 45.74 45.755 45.737 45.583 45.423 45.307 45.165 45.124 44.897 44.809 44.811 44.678 44.644 44.57 44.6 44.597 44.593 44.523 44.483 44.408 44.538 44.592 44.597 44.516 44.535 44.512 44.483 44.561 44.614 44.596 44.64 44.665 44.63 44.77 44.738 44.897 44.906 44.861 44.894 45.058 45.13 45.224 45.127 45.225 45.212 45.183 45.094 45.145 44.97 45.097
47.031 46.748 46.483 46.236 46.006 45.795 45.603 45.429 45.274 45.138 45.02 44.922 44.842 44.781 44.795 44.717 44.716 44.734 44.798 44.926 44.947 45.062 45.181 45.328 45.277 45.113 44.852 44.733 44.615 44.523 44.393 44.278 44.208 44.172 44.054 44.055 44.034 44.056 44.048 44.009 43.99 43.9 43.788 43.801 43.858 43.883 43.947 43.881 43.911 43.955 44.083 44.047 44.076 44.082 44.096 44.156 44.215 44.195 44.355 44.358 44.378 44.402 44.398 44.476 44.502 44.706 44.743 44.673 44.535 44.507 44.549 44.493
46.489 46.194 45.917 45.659 45.419 45.199 44.999 44.817 44.654 44.511 44.387 44.289 44.207 44.156 44.112 44.094 44.106 44.149 44.174 44.222 44.283 44.377 44.476 44.597 44.504 44.355 44.201 44.052 43.951 43.915 43.822 43.695 43.67 43.691 43.581 43.505 43.54 43.551 43.538 43.442 43.436 43.428 43.402 43.347 43.259 43.24 43.205 43.32 43.363 43.505 43.521 43.463 43.473 43.546 43.562 43.561 43.657 43.656 43.786 43.884 43.964 43.972 43.904 43.948 44.027 44.032 44.045 44.137 44.038 43.996 43.967 43.907
45.93 45.622 45.334 45.066 44.818 44.589 44.38 44.19 44.022 43.898 43.774 43.672 43.577 43.535 43.485 43.463 43.543 43.531 43.515 43.556 43.572 43.636 43.7 43.698 43.623 43.495 43.37 43.241 43.135 43.149 43.044 43.079 43.114 42.944 42.902 42.877 42.867 42.893 42.952 42.861 42.842 42.86 42.87 42.832 42.724 42.641 42.634 42.591 42.6 42.689 42.853 42.886 42.955 43 42.993 43.088 43.135 43.159 43.265 43.238 43.368 43.331 43.37 43.36 43.466 43.393 43.487 43.542 43.439 43.407 43.395 43.436
45.42 45.035 44.737 44.459 44.202 44.28 43.748 43.603 43.389 43.284 43.125 43.027 42.931 42.881 42.862 42.812 42.834 42.865 42.825 42.823 42.832 42.852 42.852 42.835 42.759 42.654 42.522 42.406 42.33 42.235 42.177 42.231 42.076 42.087 42.238 42.039 42.043 42.102 42.159 42.17 42.121 42.174 42.2 42.192 42.248 42.113 42.08 42.07 42.03 41.995 42.035 42.126 42.2 42.32 42.322 42.564 42.608 42.598 42.753 42.781 42.855 42.898 42.919 42.966 42.997 42.942 43.021 42.94 42.913 42.957 42.943 43.041
44.77 44.431 44.124 43.838 43.573 43.328 43.134 42.961 42.746 42.626 42.509 42.384 42.279 42.213 42.156 42.134 42.121 42.157 42.103 42.172 42.056 42.044 42.017 42.025 41.913 41.807 41.718 41.617 41.543 41.483 41.422 41.373 41.337 41.317 41.3 41.293 41.301 41.36 41.424 41.427 41.432 41.494 41.524 41.567 41.488 41.504 41.4 41.49 41.453 41.581 41.554 41.492 41.552 41.568 41.636 41.751 41.926 41.976 42.071 42.181 42.232 42.23 42.317 42.45 42.488 42.511 42.491 42.439 42.4 42.445 42.556 42.616
44.3 43.822 43.502 43.214 42.953 42.727 42.592 42.332 42.12 42.05 41.833 41.726 41.615 41.551 41.482 41.433 41.413 41.43 41.395 41.356 41.293 41.241 41.189 41.137 41.077 40.982 40.906 41.017 40.847 40.794 41.18 40.811 40.674 40.673 40.681 40.639 40.629 40.69 40.74 40.737 40.797 40.874 40.975 40.941 40.857 40.839 40.848 40.953 40.867 41.003 41.037 40.997 41.053 41.089 41.103 41.124 41.216 41.342 41.533 41.63 41.708 41.762 41.724 41.772 41.848 41.903 42.037 41.935 41.907 42.061 42.05 42.111
43.758 43.54 42.896 42.594 42.329 42.14 42.158 42.131 41.506 41.313 41.216 41.112 40.988 40.866 40.803 40.809 40.741 40.693 40.676 40.632 40.515 40.441 40.404 40.37 40.249 40.2 40.094 40.119 40.212 40.123 40.295 40.137 40.068 40.076 40.295 39.99 40.025 40.005 40.185 40.171 40.136 40.192 40.295 40.29 40.251 40.285 40.363 40.363 40.328 40.429 40.482 40.501 40.523 40.565 40.662 40.633 40.696 40.771 40.828 40.926 41.092 41.186 41.183 41.299 41.375 41.463 41.518 41.408 41.514 41.628 41.695 41.614
43.173 42.684 42.406 41.98 41.695 41.484 41.326 41.134 40.863 40.724 40.662 40.366 40.257 40.169 40.105 40.054 40.019 40.014 39.929 39.842 39.768 39.663 39.717 39.671 39.788 39.403 39.396 39.321 39.38 39.466 39.618 39.471 39.493 39.516 39.438 39.515 39.493 39.397 39.501 39.816 39.602 39.578 39.572 39.686 39.813 39.811 39.84 39.742 39.708 39.854 39.968 39.985 40.09 40.019 40.121 40.271 40.193 40.427 40.439 40.474 40.5 40.559 40.648 40.733 40.751 40.796 40.847 41.007 41.118 41.182 41.165 41.139
42.541 42.304 41.776 41.556 41.06 40.796 40.625 40.417 40.304 40.041 39.921 39.755 39.631 39.553 39.432 39.344 39.305 39.536 39.26 39.255 39.438 38.984 39.253 38.821 39.223 38.856 38.682 38.629 38.647 38.788 38.847 38.915 38.973 38.828 38.803 38.915 38.914 38.816 38.852 39.028 39.086 39.027 38.979 39.017 39.09 39.053 39.034 39.046 39.191 39.2 39.274 39.324 39.357 39.407 39.501 39.584 39.718 39.891 39.995 40.019 40.135 40.13 40.19 40.369 40.421 40.492 40.476 40.516 40.722 40.783 40.719 40.645
41.859 41.742 41.059 40.75 40.564 40.511 39.94 39.77 39.605 39.777 39.246 39.205 38.874 38.762 38.93 38.815 38.584 38.801 38.723 38.64 38.345 38.271 38.373 38.291 38.177 37.771 37.849 37.887 38.039 38.131 38.254 38.373 38.329 38.173 38.262 38.4 38.342 38.262 38.231 38.361 38.564 38.497 38.424 38.387 38.4 38.428 38.395 38.387 38.424 38.495 38.596 38.697 38.788 38.9 38.988 39.114 39.212 39.292 39.409 39.531 39.638 39.722 39.765 39.872 39.965 40.013 40.123 40.212 40.215 40.272 40.345 40.438
41.71 40.809 40.566 40.426 40.006 39.642 39.365 39.088 39.005 39.039 38.708 38.396 38.187 38.151 38.011 38.002 37.925 37.892 38.247 38.018 37.751 37.487 37.864 37.804 37.365 37.205 37.424 37.669 37.502 37.565 37.701 37.659 37.574 37.754 37.863 37.809 37.722 37.741 37.705 37.733 38.049 37.976 37.901 37.867 37.817 37.834 37.801 37.791 37.872 37.87 37.957 38.118 38.259 38.373 38.484 38.61 38.706 38.684 38.902 38.954 39.071 39.233 39.381 39.406 39.499 39.482 39.66 39.717 39.808 39.762 39.858 39.948
40.996 40.408 40.11 39.947 39.75 39.404 38.859 38.608 38.447 38.284 38.172 37.883 37.529 37.47 37.326 37.364 37.443 37.204 37.185 37.636 37.354 36.886 36.833 36.922 36.96 36.743 36.739 36.781 36.95 37.032 37.09 36.972 37.027 37.388 37.557 37.262 37.207 37.24 37.141 37.15 37.578 37.676 37.425 37.32 37.271 37.243 37.233 37.22 37.225 37.252 37.404 37.569 37.658 37.772 37.939 38.069 38.213 38.239 38.288 38.438 38.688 38.715 38.882 38.97 39.038 39.011 39.189 39.226 39.311 39.414 39.444 39.445
40.338 39.871 39.788 39.345 39.062 38.778 38.641 37.964 37.716 37.705 37.732 37.091 36.857 36.712 36.613 36.595 36.599 36.602 36.75 36.702 37.055 36.954 36.229 36.501 36.459 36.268 36.149 36.29 36.446 36.712 36.643 36.624 36.583 36.575 36.832 36.739 36.715 36.694 36.645 36.734 36.772 36.952 36.911 36.835 36.777 36.736 36.704 36.708 36.768 36.709 36.833 36.935 37.022 37.179 37.345 37.524 37.69 37.785 37.811 38.061 38.192 38.23 38.467 38.522 38.582 38.579 38.728 38.74 38.788 38.985 38.921 38.924
39.692 39.456 39.136 38.748 38.53 38.32 38.06 37.463 37.061 37.272 37.187 36.421 36.284 36.183 35.959 35.894 35.88 35.932 35.896 36.018 35.875 35.714 35.689 35.799 36.184 35.783 35.704 35.845 35.966 36.137 36.182 36.216 36.042 36.268 36.455 36.225 36.265 36.198 36.267 36.162 36.356 36.428 36.421 36.339 36.293 36.251 36.216 36.214 36.362 36.276 36.322 36.291 36.417 36.599 36.791 37.032 37.213 37.33 37.393 37.614 37.741 37.814 38.026 38.111 38.143 38.193 38.198 38.32 38.369 38.431 38.512 38.632
39.05 38.759 38.477 38.217 38.049 37.792 37.553 36.954 36.635 36.757 36.733 36.009 35.866 35.761 35.797 35.257 35.238 35.242 35.29 35.555 35.595 35.167 35.113 35.454 35.446 35.648 35.294 35.69 35.582 35.627 35.532 35.519 35.549 35.807 35.87 35.731 35.76 35.863 35.849 35.692 35.738 35.863 35.948 35.901 35.827 35.764 35.755 35.736 35.828 35.837 35.899 35.806 35.918 36.054 36.252 36.509 36.755 36.895 36.915 37.153 37.27 37.351 37.521 37.659 37.657 37.72 37.837 38.049 38.114 38.166 38.3 38.39
