raw_data/humedad_relativa/hora9/rh9dec.txt
ncols         501
nrows         361
xllcorner     109.95
yllcorner     -45.05
cellsize      0.1
NODATA_value  -9999
[rows 128 to 159 of 361, columns 72 to 143 of 501]
38.911 38.292 37.866 37.565 37.312 37.054 36.692 36.37 36.322 36.007 35.836 35.423 35.115 35.183 34.849 34.741 34.691 34.658 34.901 34.804 34.949 34.771 34.677 34.738 35.152 35.314 34.862 35.087 35.402 35.085 35.011 35.042 35.119 35.189 35.293 35.379 35.469 35.435 35.283 35.232 35.346 35.412 35.58 35.577 35.457 35.373 35.344 35.373 35.323 35.463 35.603 35.555 35.553 35.629 35.784 36.005 36.244 36.421 36.451 36.749 36.742 36.879 37.048 37.245 37.325 37.333 37.47 37.659 37.803 37.891 37.99 38.038
38.673 38.669 38.005 37.133 36.74 36.575 36.452 35.844 35.461 35.219 35.037 34.946 34.764 34.565 34.309 34.302 34.221 34.211 34.243 34.33 34.335 34.215 34.119 34.313 34.69 34.863 34.641 35.076 34.795 34.529 34.58 34.671 34.723 34.82 34.87 34.79 34.803 34.815 34.813 34.867 34.945 35.09 35.196 35.153 35.108 34.991 34.967 34.988 34.968 35.055 35.149 35.106 35.151 35.27 35.412 35.545 35.697 35.896 36.1 36.192 36.41 36.557 36.661 36.856 37.004 37.005 37.162 37.328 37.575 37.483 37.672 37.635
38.155 37.861 37.377 37.895 36.464 36.99 37.503 36.338 34.897 34.677 34.586 34.242 34.115 34.035 33.789 33.887 33.949 34.087 33.766 34.233 34.118 33.861 33.699 33.738 33.864 34.277 34.019 34.354 34.454 34.167 34.259 34.471 34.609 34.565 34.569 34.555 34.49 34.404 34.529 34.625 34.514 34.616 34.759 34.779 34.668 34.601 34.629 34.638 34.657 34.805 34.85 34.822 34.85 34.948 35.072 35.199 35.346 35.478 35.651 35.785 36.056 36.234 36.307 36.525 36.647 36.66 36.758 36.898 37.013 37.068 37.138 37.279
37.746 38.449 38.353 36.668 36.315 35.747 35.637 36.375 34.471 34 33.67 33.401 33.31 33.23 33.403 33.349 33.53 33.599 33.694 33.576 33.312 33.388 33.522 33.419 33.404 33.599 33.798 33.977 33.782 34.141 34.143 34.085 34.062 34.083 34.215 33.935 33.9 34.206 34.186 34.067 34.161 34.259 34.472 34.386 34.284 34.256 34.35 34.438 34.427 34.43 34.48 34.499 34.553 34.651 34.762 34.882 35.009 35.128 35.271 35.441 35.68 35.943 36.109 36.237 36.297 36.318 36.425 36.583 36.667 36.818 36.988 37.089
38.389 37.564 37.582 37.377 37.706 35.518 36.711 35.91 34.146 34.838 33.28 32.878 32.639 32.662 32.658 32.727 32.895 32.953 33.179 33.118 33.255 33.261 33.461 33.179 33.38 33.136 33.473 33.435 33.414 33.611 33.604 33.553 33.583 33.507 33.654 33.601 33.867 33.936 33.755 33.675 33.766 33.861 34.157 33.992 33.972 33.955 34.069 34.127 34.167 34.165 34.234 34.256 34.255 34.359 34.475 34.587 34.711 34.817 34.947 35.112 35.327 35.587 35.834 35.936 35.965 35.982 36.132 36.316 36.41 36.631 36.739 36.8
37.283 36.523 36.182 35.871 35.794 35.209 34.856 34.573 35.482 35.563 33.496 35.02 32.971 32.366 32.272 32.268 32.304 32.346 32.386 32.381 32.425 32.514 32.803 32.646 32.793 32.917 33.063 32.989 33.195 33.139 33.111 33.137 33.208 33.163 33.1 33.265 33.435 33.351 33.359 33.366 33.468 33.605 33.823 33.713 33.67 33.664 33.811 34.014 33.958 33.957 34.053 34.059 34.051 34.151 34.211 34.317 34.425 34.547 34.662 34.792 35.017 35.255 35.508 35.659 35.707 35.731 35.769 35.939 36.149 36.281 36.371 36.522
36.924 37.063 36.258 35.888 35.237 34.889 34.965 34.732 36.883 35.931 33.724 33.17 33.291 34.587 33.846 32.759 32.031 31.988 31.947 31.934 31.972 31.988 32.022 32.076 32.161 32.195 32.403 32.422 32.569 32.71 32.641 32.772 32.925 32.87 32.837 32.9 33.174 33.096 32.963 33.052 33.051 33.165 33.511 33.623 33.425 33.388 33.551 33.892 33.832 33.749 33.805 33.838 33.884 33.962 33.963 34.058 34.173 34.262 34.378 34.525 34.774 35.025 35.216 35.37 35.429 35.458 35.486 35.595 35.756 35.894 36.026 36.216
36.491 36.548 36.777 35.01 35.571 34.619 35.232 34.139 34.725 35.672 34.377 34.482 33.613 32.948 32.773 32.237 34.052 32.978 31.91 31.621 31.584 31.629 31.652 31.654 31.689 31.736 31.808 31.935 32.223 32.317 32.237 32.397 32.514 32.563 32.855 32.755 32.667 32.624 32.766 32.771 32.748 32.879 33.152 33.267 33.234 33.21 33.209 33.41 33.456 33.487 33.537 33.558 33.588 33.653 33.71 33.84 33.944 34.025 34.148 34.244 34.459 34.729 34.923 35.068 35.1 35.111 35.185 35.353 35.536 35.623 35.728 35.851
35.641 35.513 34.92 34.737 34.728 36.004 34.553 34.343 33.77 33.903 33.086 33.747 33.082 33.259 33.062 32.651 32.194 32.286 32.622 32.614 31.547 31.306 31.344 31.334 31.347 31.37 31.413 31.478 31.557 31.791 32.152 32.087 32.153 32.237 32.299 32.364 32.426 32.49 32.42 32.426 32.496 32.589 32.726 32.912 33.037 33.028 32.991 33.08 33.164 33.227 33.275 33.297 33.36 33.502 33.524 33.641 33.741 33.824 33.947 34.05 34.15 34.347 34.564 34.694 34.756 34.823 34.98 35.093 35.368 35.527 35.535 35.625
35.826 34.728 35.359 34.472 34.137 34.225 34.179 34.78 35.019 34.123 32.859 32.614 32.694 33.019 32.426 32.404 32.204 31.78 31.824 31.668 32.103 31.176 31.114 31.009 31.002 31.027 31.074 31.148 31.199 31.282 31.371 31.489 31.638 31.847 32.066 32.19 32.077 32.14 32.182 32.198 32.242 32.368 32.512 32.618 32.738 32.74 32.743 32.787 32.813 32.949 33.077 33.144 33.21 33.316 33.366 33.46 33.549 33.633 33.735 33.844 33.939 34.069 34.191 34.332 34.465 34.646 34.891 34.98 35.046 35.283 35.373 35.51
34.829 34.449 34.208 33.919 35.706 34.301 33.693 33.714 32.81 33.289 33.195 32.622 32.529 33.472 32.353 32.309 31.755 32.716 32.545 31.517 31.172 30.881 31.455 30.774 30.69 30.714 30.778 30.847 30.91 30.965 31.036 31.141 31.284 31.542 31.659 31.853 31.848 31.93 31.915 31.939 32.021 32.17 32.267 32.308 32.353 32.383 32.424 32.567 32.639 32.625 32.744 32.891 33.029 33.128 33.206 33.316 33.391 33.461 33.562 33.669 33.775 33.888 33.994 34.122 34.311 34.548 34.751 34.826 34.83 35.003 35.209 35.33
35.122 34.288 33.841 34.194 33.595 33.495 33.525 34.559 32.531 32.194 31.942 32.188 32.952 32.433 32.212 31.76 31.968 32.728 32.575 32.145 30.981 31.687 31.172 30.905 30.555 30.437 30.491 30.578 30.635 30.676 30.743 30.834 30.966 31.115 31.302 31.611 31.561 31.663 31.841 31.723 31.879 31.888 31.946 31.984 32.004 32.122 32.148 32.257 32.412 32.465 32.437 32.584 32.771 32.961 33.089 33.202 33.289 33.329 33.453 33.568 33.642 33.708 33.8 33.935 34.128 34.358 34.523 34.667 34.704 34.766 34.979 35.111
34.892 33.987 34.257 33.498 33.673 33.068 33.239 33.15 32.354 32.301 32.256 32.711 32.141 32.083 33.794 31.81 31.301 31.436 31.639 30.89 30.784 31.281 31.612 31.508 30.483 30.467 30.239 30.308 30.359 30.419 30.474 30.572 30.675 30.801 31.07 31.075 31.323 31.624 31.524 31.55 31.773 31.766 31.748 31.726 31.829 32.012 31.987 32.01 32.067 32.131 32.207 32.335 32.598 32.989 33.019 33.093 33.083 33.187 33.369 33.473 33.461 33.508 33.623 33.83 33.923 34.064 34.268 34.498 34.564 34.678 34.773 34.898
33.805 33.665 33.622 33.092 32.712 32.521 32.575 32.047 32.093 31.865 31.676 31.664 31.876 31.551 31.194 32.979 31.853 31.2 31.041 30.849 31.034 30.732 30.773 30.619 30.583 30.8 30.378 30.051 30.124 30.178 30.252 30.377 30.465 30.587 30.682 30.824 30.995 31.216 31.385 31.411 31.503 31.68 31.546 31.538 31.743 31.867 31.883 31.86 31.905 31.947 32.001 32.098 32.291 32.622 32.767 32.89 32.82 32.894 33.061 33.197 33.216 33.363 33.462 33.665 33.846 33.941 34.013 34.258 34.391 34.51 34.658 34.772
33.529 33.266 33.414 33.158 32.398 32.212 32.144 32.672 31.932 31.296 31.642 31.05 30.987 31.058 31.77 32.425 31.453 32.621 32.118 30.876 30.714 30.627 30.573 30.773 30.334 30.174 29.879 29.855 29.901 29.963 30.07 30.194 30.279 30.403 30.538 30.651 30.799 31.025 31.255 31.277 31.285 31.428 31.406 31.498 31.639 31.665 31.674 31.732 31.733 31.777 31.823 31.905 32.008 32.142 32.291 32.379 32.506 32.63 32.762 32.894 33.021 33.237 33.326 33.474 33.688 33.897 33.95 33.978 34.121 34.356 34.489 34.58
33.344 32.947 32.665 32.415 32.262 32.182 32.09 32.394 31.951 31.169 31.045 30.986 31.099 31.442 31.774 32.461 31.09 31.204 30.926 30.654 30.839 31.048 30.385 30.155 29.912 29.893 29.896 29.66 30.439 30.064 29.943 30.033 30.134 30.275 30.42 30.494 30.636 30.835 30.993 30.996 31.008 31.166 31.144 31.209 31.314 31.332 31.382 31.528 31.545 31.594 31.656 31.766 31.861 31.927 32.047 32.164 32.291 32.409 32.542 32.681 32.829 33.053 33.182 33.323 33.417 33.601 33.864 33.921 33.933 34.141 34.267 34.417
33.067 33.039 32.637 32.305 31.921 31.702 31.614 31.297 31.54 31.74 31.437 31.069 30.841 31.183 32.247 30.721 31.281 30.605 30.681 30.465 30.229 30.406 29.919 29.814 30.307 29.703 29.442 29.537 29.761 29.86 29.828 29.922 30.041 30.176 30.288 30.371 30.489 30.67 30.87 30.874 30.882 30.88 31.035 31.056 31.096 31.19 31.221 31.258 31.334 31.417 31.501 31.708 31.802 31.764 31.848 31.979 32.105 32.248 32.484 32.532 32.671 32.886 33.132 33.23 33.327 33.362 33.602 33.778 33.896 33.948 34.15 34.265
32.904 32.576 32.331 31.993 31.792 31.57 31.448 31.165 31.258 31.061 31.206 30.556 30.457 30.325 30.272 30.532 30.15 30.159 30.236 30.082 29.961 29.834 29.666 29.547 29.482 29.371 29.421 29.478 29.811 29.806 29.754 29.822 29.948 30.061 30.21 30.304 30.453 30.599 30.687 30.71 30.793 30.854 30.963 30.893 30.966 31.054 31.022 31.118 31.199 31.281 31.357 31.577 31.66 31.61 31.707 31.81 31.938 32.09 32.343 32.368 32.543 32.747 32.989 33.081 33.184 33.233 33.372 33.568 33.787 33.91 33.955 34.15
32.869 32.508 32.157 31.856 31.583 31.351 31.151 30.849 30.698 30.522 30.953 30.408 30.198 30.099 30.104 30.002 29.938 29.903 29.816 30.286 29.935 29.78 29.667 29.538 29.41 29.374 29.433 29.422 29.55 29.728 29.722 29.746 29.856 29.971 30.108 30.211 30.382 30.499 30.451 30.521 30.676 30.779 30.748 30.778 30.765 30.801 30.923 31.05 31.088 31.191 31.255 31.353 31.417 31.481 31.599 31.671 31.784 31.925 32.121 32.259 32.428 32.676 32.847 32.972 33.064 33.16 33.269 33.461 33.662 33.806 33.879 33.967
33.116 32.445 32.156 31.924 31.567 31.224 30.95 30.831 30.742 30.475 30.252 30.14 30.432 30.106 30 30.077 29.791 29.708 29.764 29.866 29.987 29.918 29.482 29.54 29.394 29.41 29.379 29.435 29.631 29.698 29.618 29.709 29.745 29.814 29.93 29.983 30.031 30.186 30.283 30.23 30.324 30.425 30.461 30.635 30.602 30.694 30.913 30.97 31.01 31.092 31.128 31.196 31.305 31.457 31.488 31.595 31.671 31.79 31.994 32.125 32.337 32.563 32.766 32.914 33.019 33.119 33.22 33.309 33.506 33.649 33.796 33.924
32.998 32.881 32.664 32.408 32 31.681 30.875 31.511 30.577 30.433 30.381 30.09 30.379 30.192 29.931 29.691 29.648 29.571 29.852 29.581 29.439 29.3 30.161 29.451 29.309 29.404 29.374 29.381 29.359 29.401 29.443 29.474 29.542 29.618 29.743 29.859 29.841 29.878 29.967 30.03 30.099 30.192 30.334 30.505 30.53 30.646 30.855 30.869 30.914 30.956 31.017 31.138 31.307 31.424 31.446 31.514 31.6 31.734 31.823 31.966 32.166 32.424 32.631 32.787 32.914 33.072 33.191 33.25 33.386 33.509 33.711 33.856
33.294 32.941 32.382 31.982 31.798 31.39 30.987 30.785 30.693 31.387 30.719 30.468 30.52 29.858 30.05 29.563 29.563 29.763 29.502 29.217 29.177 29.355 29.125 29.155 29.19 29.25 29.265 29.25 29.242 29.303 29.352 29.467 29.49 29.556 29.59 29.622 29.722 29.825 29.896 29.97 29.988 30.196 30.403 30.398 30.533 30.662 30.705 30.753 30.838 30.865 31.013 31.142 31.216 31.296 31.44 31.484 31.565 31.648 31.726 31.86 32.044 32.276 32.533 32.643 32.773 32.898 33.029 33.172 33.356 33.474 33.573 33.749
33.223 32.768 32.385 32.134 31.535 31.164 31.035 31.121 30.312 30.654 30.066 30.217 29.885 29.561 29.496 29.748 29.491 29.429 29.138 29.094 29.127 29.195 28.984 29.083 29.183 29.268 29.257 29.305 29.17 29.319 29.569 29.641 29.462 29.568 29.549 29.581 29.767 29.75 29.835 29.923 29.903 30.22 30.406 30.315 30.531 30.581 30.611 30.686 30.812 30.852 31.026 31.171 31.195 31.339 31.382 31.462 31.604 31.555 31.657 31.818 31.984 32.083 32.264 32.367 32.548 32.687 32.887 33.054 33.302 33.401 33.499 33.645
33.162 32.873 32.612 32.503 31.617 31.2 31.256 30.905 30.46 30.086 29.887 29.711 29.624 29.442 29.485 29.316 29.133 29.069 29.103 28.968 28.967 28.952 28.999 29.024 29.069 29.079 29.052 29.062 29.133 29.391 29.448 29.412 29.387 29.522 29.581 29.692 29.848 29.778 29.731 29.853 30.035 29.985 30.271 30.423 30.506 30.52 30.559 30.66 30.749 30.878 31.023 31.13 31.143 31.284 31.375 31.517 31.543 31.533 31.569 31.778 32.013 32.065 32.16 32.316 32.438 32.618 32.76 32.896 33.11 33.298 33.396 33.556
33.099 32.986 32.615 32.45 32.007 31.908 31.078 31.031 30.473 30.172 29.969 29.919 29.586 29.727 29.558 29.171 29.131 29.365 29.619 29.333 29.241 28.987 29.216 29.338 29.125 29.105 29.049 29.072 29.396 29.329 29.182 29.272 29.498 29.592 29.637 29.606 29.58 29.809 29.777 29.825 29.994 29.996 30.105 30.16 30.39 30.477 30.551 30.704 30.699 30.782 30.837 30.913 31.018 31.176 31.316 31.514 31.491 31.405 31.571 31.725 32.002 32.023 32.145 32.301 32.508 32.626 32.69 32.799 32.981 33.158 33.273 33.386
32.74 32.561 32.962 32.02 31.71 31.792 31.034 30.821 30.877 30.406 30.104 29.848 29.598 29.445 29.394 29.314 29.119 29.068 29.197 29.09 29.118 29.239 29.128 29.1 29.178 29.118 29.189 29.153 29.185 29.386 29.239 29.082 29.191 29.324 29.549 29.591 29.435 29.619 29.656 29.639 29.724 29.888 29.981 30.136 30.228 30.355 30.494 30.584 30.594 30.6 30.705 30.786 30.952 31.095 31.169 31.305 31.331 31.338 31.571 31.759 31.871 32.011 32.185 32.259 32.527 32.67 32.68 32.762 32.918 33.079 33.184 33.298
32.652 32.77 32.161 31.841 31.872 31.512 31.387 31.071 30.801 30.591 30.378 30.288 29.845 29.66 29.376 29.491 29.364 29.238 29.25 29.093 29.104 29.443 29.405 29.175 29.106 29.072 29.011 29.033 29.042 29.112 29.141 29.065 29.046 29.113 29.338 29.475 29.35 29.347 29.573 29.703 29.791 29.799 29.844 29.983 30.095 30.21 30.425 30.465 30.516 30.538 30.64 30.823 30.989 31.106 31.132 31.141 31.205 31.285 31.467 31.62 31.803 31.976 32.129 32.256 32.481 32.664 32.676 32.739 32.878 33.007 33.148 33.272
33.174 32.382 32.07 31.8 31.695 31.41 31.556 31.861 30.809 30.606 30.663 30.137 29.866 29.78 29.401 29.344 29.369 29.295 29.379 29.221 29.142 29.171 29.389 29.321 29.118 29.028 29.078 28.991 29.296 29.279 29.26 29.346 29.115 29.089 29.213 29.395 29.289 29.635 29.717 29.646 29.636 29.563 29.661 29.878 29.973 30.08 30.327 30.422 30.466 30.493 30.6 30.785 30.893 31.006 31.096 31.14 31.186 31.237 31.345 31.561 31.733 31.853 32.026 32.252 32.42 32.59 32.66 32.881 32.92 32.941 33.228 33.363
32.79 32.464 32.081 31.817 31.543 31.382 31.037 30.977 31.11 30.718 30.369 30.199 29.949 29.691 29.542 29.445 29.511 29.64 29.401 29.355 29.155 29.224 29.457 29.384 29.192 29.219 29.12 29.049 29.037 29.035 29.198 29.249 29.406 29.284 29.131 29.143 29.424 29.591 29.505 29.547 29.521 29.555 29.589 29.736 29.837 29.998 30.13 30.253 30.446 30.526 30.602 30.727 30.833 30.908 30.951 31.03 31.089 31.173 31.319 31.594 31.807 31.888 32.004 32.158 32.288 32.436 32.539 32.675 32.782 32.931 33.204 33.332
32.806 33.005 32.388 32.68 31.912 31.544 31.813 31.473 30.656 30.717 30.251 30.061 30.061 29.743 29.785 29.457 29.361 29.306 29.289 29.348 29.63 29.665 29.216 29.269 29.008 29.02 29.093 29.408 29.003 29.109 29.018 29.107 29.249 29.013 29.143 29.28 29.407 29.523 29.451 29.573 29.649 29.707 29.891 29.914 29.828 29.912 30.039 30.241 30.46 30.563 30.661 30.772 30.868 30.908 31.014 31.028 31.064 31.165 31.265 31.489 31.723 31.867 32.021 32.186 32.304 32.44 32.597 32.657 32.729 32.892 33.062 33.163
32.717 32.556 32.393 31.947 31.584 31.417 31.149 30.919 30.753 30.285 30.08 29.979 29.965 29.609 30.041 29.605 29.457 29.425 29.314 29.413 29.679 29.065 29.028 28.92 28.911 29.027 29.256 29.029 28.898 28.941 28.941 28.951 29.101 29.347 29.105 29.145 29.541 29.485 29.505 29.691 29.689 29.653 29.679 29.731 29.885 29.972 30.106 30.152 30.395 30.539 30.646 30.726 30.821 30.927 31.087 30.983 31.213 31.165 31.243 31.417 31.612 31.825 32.019 32.172 32.279 32.417 32.554 32.612 32.672 32.806 32.939 33.067
32.724 32.326 32.571 31.645 31.417 31.412 31.069 30.92 30.466 30.18 29.977 29.791 29.663 29.506 29.398 29.394 29.273 29.32 29.349 29.573 29.341 28.962 28.857 28.843 28.854 28.92 28.935 29.032 28.986 29.134 29.253 28.971 29.242 29.3 29.393 29.187 29.311 29.473 29.504 29.455 29.532 29.6 29.653 29.797 29.999 30.078 30.115 30.249 30.27 30.429 30.581 30.669 30.743 30.895 30.893 31.098 31.233 31.217 31.293 31.4 31.675 31.838 31.952 32.041 32.13 32.271 32.4 32.512 32.654 32.794 32.918 33.091
