raw_data/humedad_relativa/hora9/rh9feb.txt
ncols         501
nrows         361
xllcorner     109.95
yllcorner     -45.05
cellsize      0.1
NODATA_value  -9999
[rows 32 to 63 of 361, columns 216 to 287 of 501]
84.819 84.836 84.848 84.854 84.854 84.848 84.836 84.818 84.794 84.828 84.872 84.764 84.688 84.822 84.573 84.767 84.73 84.662 84.601 84.771 84.672 84.104 84.26 84.165 83.806 83.659 83.602 83.677 83.485 83.332 83.23 83.178 83.065 82.98 82.9 82.827 82.756 82.713 82.649 82.692 82.513 82.437 82.38 82.59 82.272 82.553 82.244 82.164 82.102 82.291 81.993 82.014 82.079 81.998 82.088 82.188 82.29 82.394 82.499 82.604 82.709 82.814 82.918 83.023 83.126 83.23 83.332 83.434 83.535 83.634 83.733 83.831
84.739 84.762 84.771 84.79 84.766 84.757 84.989 84.866 84.912 84.707 84.795 84.739 84.599 84.53 84.437 84.423 84.824 84.545 85.345 84.578 84.227 85.1 84.482 83.941 83.682 83.556 83.432 83.671 83.326 83.39 83.235 83.059 82.988 82.978 82.75 82.751 82.596 82.57 82.622 82.556 82.561 82.28 82.45 82.416 82.246 82.068 82.02 81.974 81.981 82.592 82.246 81.808 81.844 81.848 81.948 82.053 82.16 82.267 82.375 82.482 82.59 82.698 82.805 82.912 83.018 83.124 83.229 83.333 83.437 83.539 83.64 83.741
84.654 84.671 84.753 84.73 84.741 84.996 84.675 84.665 84.626 84.733 84.805 84.672 84.482 84.456 84.334 84.95 85.692 85.541 85.322 85.256 84.502 85.016 85.33 84.144 83.982 83.394 83.327 83.234 83.2 83.166 83.114 82.855 82.975 82.977 82.581 82.605 82.517 82.424 82.436 82.43 82.456 82.256 82.16 82.036 81.969 81.922 81.877 81.834 81.842 82.162 82.055 81.719 81.957 81.755 81.841 81.94 82.044 82.151 82.26 82.369 82.478 82.587 82.696 82.805 82.914 83.022 83.129 83.236 83.341 83.446 83.55 83.652
84.626 84.582 84.631 84.844 84.751 84.915 84.569 84.711 84.555 84.6 84.545 84.728 84.511 85.03 84.978 84.196 85.33 85.133 85.512 85.141 84.677 84.735 84.849 83.723 83.494 83.437 83.504 83.213 83.13 83.223 82.984 82.738 83.208 82.855 82.419 82.431 82.61 82.546 82.459 82.419 82.309 82.118 82.314 81.93 81.823 81.781 81.74 81.715 81.722 81.837 81.941 81.963 81.734 81.678 81.752 81.843 81.942 82.046 82.153 82.262 82.372 82.482 82.592 82.703 82.813 82.923 83.032 83.141 83.248 83.355 83.461 83.566
84.559 84.499 84.609 84.741 84.59 84.671 84.603 84.48 84.504 84.444 84.457 84.483 84.358 84.241 85.551 85.401 84.554 85.469 85.22 84.971 84.88 85.114 84.035 83.318 83.681 83.209 83.589 83.335 83.058 82.899 82.734 82.631 82.532 82.798 82.285 82.186 82.342 82.38 82.245 82.252 82.398 82.133 82.064 81.846 81.809 81.72 81.611 81.591 81.724 81.653 81.526 81.848 81.556 81.603 81.671 81.755 81.849 81.949 82.054 82.161 82.271 82.381 82.492 82.604 82.715 82.826 82.937 83.048 83.157 83.266 83.374 83.481
84.485 84.484 84.667 84.75 84.675 84.578 84.548 84.467 84.517 84.358 84.265 84.361 84.214 84.23 84.228 84.951 84.85 84.165 84.92 85.024 85.245 84.954 83.64 84.102 84.353 83.311 83.767 83.042 83.079 82.943 82.667 82.511 82.512 82.278 82.182 82.025 82.011 82.013 82.064 82.268 82.207 82.079 82.017 81.911 81.932 81.667 81.536 81.555 81.589 81.468 81.432 81.821 81.478 81.526 81.591 81.671 81.76 81.857 81.96 82.066 82.174 82.284 82.396 82.508 82.62 82.733 82.845 82.957 83.068 83.179 83.288 83.397
84.285 84.457 84.704 84.679 84.512 84.639 84.484 84.438 84.378 84.252 84.332 84.114 84.443 85.076 84.042 84.93 85.366 85.314 84.81 85.066 84.876 84.985 84.206 84.402 83.559 83.53 83.683 83.581 83.338 82.987 82.591 82.433 82.393 82.293 82.03 81.979 82.01 82.177 82.088 81.938 82.604 81.932 81.845 81.727 81.729 81.525 81.526 81.681 81.543 81.328 81.338 81.36 81.396 81.446 81.511 81.587 81.674 81.769 81.869 81.973 82.081 82.191 82.302 82.415 82.528 82.641 82.755 82.868 82.981 83.093 83.204 83.315
84.435 84.545 84.568 84.544 84.388 84.628 84.559 84.494 84.362 84.147 84.325 84.16 83.995 84.22 85.144 85.358 85.242 85.275 84.471 84.25 84.992 84.656 84.632 83.799 84.047 83.926 83.598 83.673 82.952 82.702 82.483 82.346 82.354 82.311 82.033 81.968 82.245 81.989 82.549 81.964 82.015 81.607 81.509 81.551 81.516 81.383 81.391 81.303 81.291 81.613 81.242 81.27 81.31 81.363 81.428 81.504 81.588 81.681 81.78 81.883 81.99 82.099 82.21 82.323 82.437 82.551 82.666 82.78 82.894 83.008 83.121 83.234
84.505 84.218 84.434 84.408 84.399 84.998 84.73 84.773 84.369 84.196 84.058 84.587 83.914 85.346 85.436 85.309 85.198 85.013 84.848 84.461 84.81 84.723 84.431 84.156 83.84 84.037 83.868 83.682 83.128 82.626 82.316 82.153 82.068 81.942 81.714 81.79 81.874 81.932 81.932 82.241 81.713 81.327 81.285 81.249 81.193 81.368 81.13 81.127 81.436 81.12 81.261 81.176 81.221 81.276 81.342 81.418 81.502 81.594 81.691 81.793 81.9 82.009 82.12 82.233 82.347 82.462 82.578 82.693 82.809 82.924 83.039 83.153
84.208 84.151 84.204 84.68 84.416 84.294 84.176 84.131 84.249 85.2 84.269 83.915 83.984 84.463 84.409 84.537 84.711 84.545 84.377 84.919 84.723 84.653 84.253 83.709 83.614 83.67 83.443 83.315 83.01 82.514 82.161 81.946 81.868 81.687 81.664 81.607 81.671 81.742 81.879 81.845 81.373 81.083 81.137 81.024 80.991 80.993 81.002 80.976 81.168 81.011 81.04 81.079 81.127 81.186 81.253 81.33 81.414 81.505 81.602 81.704 81.81 81.919 82.031 82.144 82.259 82.374 82.491 82.608 82.724 82.841 82.957 83.073
84.508 84.128 84.5 84.193 84.45 84.491 84.153 84.132 84.116 84.715 84.433 83.856 85.298 85.261 85.178 85.012 84.859 84.525 84.656 84.694 84.449 84.098 83.906 83.961 83.803 83.615 83.036 83.1 82.824 82.295 81.991 81.839 81.689 81.697 81.503 81.651 81.442 81.966 82.382 82.261 81.425 81.016 81.047 80.846 80.836 80.843 80.84 80.852 80.897 80.898 80.934 80.977 81.03 81.091 81.161 81.239 81.324 81.415 81.512 81.614 81.72 81.829 81.941 82.055 82.17 82.287 82.404 82.522 82.64 82.758 82.876 82.993
84.319 84.748 84.752 84.375 84.66 84.276 84.473 84.124 84.15 84.621 85.511 85.015 84.043 85.063 84.98 85.222 84.987 85.178 84.663 84.604 84.37 84.049 83.873 83.643 83.231 82.957 82.562 82.621 82.544 81.972 81.841 81.659 81.499 81.361 81.259 81.376 81.377 81.78 82.492 81.6 81.198 81.037 80.795 80.69 80.689 80.841 80.706 80.725 80.75 80.783 80.823 80.872 80.928 80.993 81.065 81.145 81.231 81.323 81.421 81.523 81.629 81.739 81.851 81.966 82.082 82.199 82.317 82.436 82.555 82.675 82.794 82.913
84.428 84.256 84.907 84.637 84.231 84.758 84.535 84.617 84.625 85.23 85.301 85.37 84.94 84.609 84.966 85.184 84.973 84.985 84.862 84.375 84.089 83.924 83.818 83.242 82.77 82.421 82.522 82.018 82.064 81.846 81.713 81.508 81.363 81.335 81.116 81.221 81.823 81.85 81.287 81.219 80.957 80.691 80.778 80.54 80.54 80.551 80.569 80.594 80.625 80.664 80.709 80.762 80.823 80.891 80.966 81.047 81.135 81.229 81.327 81.43 81.537 81.648 81.761 81.876 81.993 82.111 82.23 82.35 82.47 82.591 82.712 82.832
84.225 85.052 84.84 84.601 84.212 84.716 84.724 84.802 84.833 83.99 84.479 85.586 84.689 84.611 85.27 85.199 84.699 84.7 84.596 84.412 83.9 83.561 83.425 83.084 82.5 82.215 82.08 81.753 81.811 81.841 81.615 81.46 81.397 81.364 80.97 81.169 82.074 81.229 80.911 80.963 80.822 80.599 80.608 80.376 80.387 80.405 80.429 80.459 80.497 80.541 80.591 80.649 80.713 80.785 80.863 80.947 81.036 81.132 81.231 81.336 81.444 81.555 81.668 81.784 81.902 82.022 82.142 82.263 82.385 82.507 82.629 82.75
84.826 84.647 84.887 85.084 84.679 84.246 84.263 85.38 85.093 85.496 85.013 84.285 84.084 85.002 84.379 84.931 84.647 84.384 84.059 84.26 83.682 83.404 82.992 82.699 82.394 82.118 81.819 81.553 81.734 81.386 81.309 81.3 81.207 80.883 80.824 80.789 81.649 80.956 80.657 80.438 80.412 80.349 80.218 80.213 80.231 80.255 80.285 80.321 80.364 80.414 80.469 80.531 80.6 80.675 80.756 80.842 80.934 81.031 81.133 81.239 81.348 81.46 81.575 81.692 81.811 81.931 82.053 82.175 82.298 82.421 82.544 82.668
84.405 84.51 84.952 84.523 84.351 84.627 84.362 84.475 84.739 85.098 84.886 84.354 84.507 84.13 84.235 84.84 84.038 84.141 84.273 83.759 83.439 83.008 82.811 82.723 82.283 82.079 81.844 81.735 81.058 81 81.191 80.991 80.832 80.796 80.672 80.528 80.639 80.65 80.619 80.4 80.32 80.447 80.077 80.047 80.071 80.101 80.361 80.195 80.296 80.283 80.368 80.571 80.482 80.561 80.645 80.735 80.829 80.928 81.032 81.139 81.249 81.363 81.479 81.597 81.718 81.839 81.962 82.085 82.21 82.334 82.459 82.584
84.286 84.841 84.641 84.767 84.604 84.444 84.602 84.431 84.529 84.953 85.189 84.75 84.525 84.403 84.597 84.261 84.447 84.264 83.714 83.611 83.048 82.665 82.395 82.299 81.977 81.955 81.888 80.985 81.002 80.668 80.64 80.633 80.591 80.589 80.456 80.261 80.362 80.375 80.3 80.164 80.315 79.983 79.888 79.916 79.907 79.944 79.986 80.034 80.088 80.148 80.213 80.284 80.361 80.558 80.531 80.623 80.72 80.822 80.927 81.036 81.149 81.264 81.381 81.501 81.622 81.745 81.869 81.994 82.12 82.246 82.372 82.498
83.923 84.496 84.492 84.366 84.337 84.287 84.753 84.467 84.736 84.878 84.703 84.318 84.102 84.19 84.334 84.519 84.323 83.647 83.331 83.256 82.844 82.654 82.164 81.85 81.671 81.226 81.215 80.877 80.435 80.492 80.511 80.629 80.27 80.857 80.397 80.045 79.959 79.94 79.927 80.073 79.912 79.868 79.807 79.89 79.74 79.783 79.831 79.884 79.944 80.293 80.297 80.284 80.45 80.322 80.413 80.508 80.608 80.712 80.82 80.931 81.045 81.162 81.281 81.402 81.525 81.649 81.774 81.901 82.028 82.155 82.282 82.41
83.692 84.617 84.411 84.187 84.162 84.164 84.634 84.491 84.881 84.858 84.937 84.031 83.963 84.203 83.83 84.35 84.144 83.637 83.17 83.053 82.516 82.441 81.931 82.092 81.23 80.907 80.704 80.477 80.235 80.287 80.609 80.774 80.092 79.884 79.872 79.939 79.711 79.607 79.655 79.632 79.741 79.723 79.704 79.526 79.569 79.618 79.672 79.731 79.796 80.395 80.31 80.38 80.106 80.196 80.291 80.389 80.492 80.599 80.709 80.822 80.938 81.057 81.178 81.301 81.425 81.551 81.677 81.805 81.933 82.062 82.191 82.32
83.71 83.988 84.119 83.81 84.044 84.486 84.381 84.574 84.477 84.683 84.734 84.007 83.869 83.607 83.626 83.689 83.542 83.035 83.216 83.156 82.484 81.765 81.431 81.239 80.878 80.604 80.978 80.377 80.086 79.966 79.931 79.751 79.939 79.729 79.613 79.773 79.462 79.529 79.343 79.341 79.382 79.359 79.444 79.346 79.395 79.45 79.509 79.574 79.644 80.141 80.222 80.413 79.973 80.067 80.165 80.267 80.373 80.482 80.595 80.71 80.829 80.949 81.072 81.196 81.322 81.45 81.578 81.707 81.836 81.966 82.097 82.227
83.534 83.617 83.766 83.617 83.785 83.948 84.726 84.891 84.118 84.711 84.593 83.717 83.635 83.607 83.844 83.76 82.991 83.233 82.55 82.514 81.712 81.803 81.184 81.242 80.922 80.242 80.737 80.395 80.07 79.504 80.104 79.479 79.551 79.667 79.448 79.129 79.227 79.249 79.151 79.106 79.11 79.146 79.12 79.209 79.218 79.278 79.343 79.413 79.495 79.572 79.964 80.044 80.1 80.124 80.035 80.141 80.25 80.362 80.477 80.595 80.716 80.838 80.963 81.089 81.217 81.346 81.475 81.606 81.737 81.868 82 82.132
83.238 83.377 83.587 83.529 83.782 84.208 84.462 83.99 84.088 84.074 84.053 84.149 84.089 83.643 83.379 82.918 82.693 82.593 82.275 82.043 81.257 80.949 80.839 80.59 80.237 79.935 80.093 80 79.42 79.932 79.549 79.534 79.386 79.428 78.871 78.978 78.837 78.877 78.869 78.9 78.868 78.869 78.92 78.976 79.037 79.103 79.174 79.249 79.329 79.414 79.503 79.597 79.695 79.796 79.902 80.01 80.123 80.238 80.356 80.477 80.599 80.724 80.851 80.979 81.108 81.238 81.37 81.502 81.634 81.767 81.9 82.033
82.89 83.03 83.253 83.557 83.901 84.061 83.77 83.737 83.838 84.186 84.131 83.792 83.718 83.332 82.879 82.668 82.441 82.353 81.897 81.201 80.929 80.759 80.371 80.349 80.3 79.638 79.54 79.763 79.305 79.197 78.715 78.987 79.033 78.826 78.675 78.654 78.536 78.541 78.65 78.842 78.633 78.668 78.724 78.786 78.853 78.924 79 79.081 79.166 79.256 79.35 79.448 79.549 79.655 79.764 79.876 79.992 80.11 80.231 80.354 80.48 80.607 80.735 80.865 80.996 81.128 81.261 81.394 81.528 81.662 81.796 81.931
82.897 82.933 83.088 83.489 83.97 83.539 83.564 83.637 83.778 83.723 83.654 83.577 83.345 83.144 82.58 82.39 82.227 81.789 81.472 81.071 80.908 80.371 80.247 79.79 79.491 79.632 78.969 78.879 78.749 78.859 78.391 78.661 78.561 78.623 78.357 78.6 78.238 78.284 78.391 78.405 78.41 78.464 78.527 78.594 78.666 78.743 78.824 78.91 79 79.094 79.192 79.294 79.4 79.51 79.623 79.739 79.857 79.979 80.102 80.228 80.356 80.485 80.616 80.748 80.881 81.014 81.149 81.283 81.418 81.554 81.689 81.825
82.935 82.66 83.262 83.415 83.096 83.314 83.637 84.018 83.648 83.593 83.317 83.152 82.786 82.61 82.502 81.896 81.646 81.503 81.258 80.701 80.512 80.31 80.195 79.547 79.448 78.951 78.721 78.44 78.59 78.126 77.997 78.11 78.084 78.051 78.039 77.999 78.178 78.459 78.391 78.345 78.196 78.259 78.327 78.399 78.476 78.558 78.644 78.734 78.829 78.928 79.031 79.137 79.247 79.36 79.477 79.597 79.719 79.843 79.97 80.099 80.229 80.361 80.493 80.627 80.762 80.897 81.033 81.169 81.305 81.442 81.578 81.715
82.596 82.593 82.554 82.688 82.757 83.012 83.387 83.523 83.623 83.243 83.008 82.878 82.44 82.297 82.004 81.615 81.488 80.957 81.104 80.446 80.442 80.202 79.549 79.331 78.98 78.672 78.428 78.419 78.122 77.706 78.284 77.646 78.388 78.163 78.096 77.943 77.791 77.812 77.863 77.921 77.984 78.052 78.124 78.202 78.283 78.37 78.46 78.555 78.655 78.758 78.865 78.976 79.09 79.207 79.327 79.45 79.576 79.704 79.834 79.965 80.098 80.232 80.367 80.503 80.639 80.776 80.913 81.051 81.188 81.326 81.463 81.601
82.585 82.572 82.526 82.612 83.129 82.819 82.738 83.064 83.211 82.728 82.859 82.757 82.426 81.902 81.618 81.296 81.117 80.747 81.019 80.053 79.814 79.579 79.276 79.163 78.835 78.732 78.279 78.433 78.387 77.552 77.509 77.779 77.429 77.474 77.454 77.514 77.562 77.701 77.643 77.705 77.772 77.843 77.92 78.001 78.087 78.178 78.273 78.372 78.476 78.584 78.695 78.81 78.928 79.049 79.173 79.3 79.429 79.56 79.693 79.827 79.963 80.1 80.237 80.375 80.513 80.651 80.79 80.928 81.067 81.205 81.344 81.482
82.36 82.783 82.579 82.571 82.66 83.031 82.572 82.611 82.366 82.324 82.299 82.198 82.076 81.899 81.32 80.981 81.01 80.524 80.091 80.059 79.669 79.712 79.114 78.815 78.508 78.441 78.477 78.064 77.508 77.336 77.318 77.282 77.474 77.382 77.492 78.009 77.358 77.438 77.427 77.488 77.558 77.769 77.713 77.798 77.888 77.983 78.082 78.186 78.293 78.405 78.521 78.64 78.762 78.887 79.015 79.146 79.278 79.413 79.549 79.686 79.824 79.963 80.103 80.242 80.382 80.522 80.662 80.802 80.941 81.081 81.22 81.358
82.052 82.358 82.571 82.273 82.776 82.793 82.805 82.587 82.117 82.121 82.086 81.829 81.669 81.489 81.209 80.726 80.459 80.158 80.005 79.671 79.286 78.998 78.843 78.604 78.437 78.311 77.821 77.735 77.59 77.258 77.239 77.151 77.33 77.269 77.257 77.166 77.14 77.17 77.219 77.27 77.342 77.42 77.503 77.591 77.685 77.783 77.887 77.994 78.106 78.222 78.342 78.465 78.591 78.721 78.852 78.987 79.123 79.261 79.4 79.54 79.681 79.823 79.964 80.106 80.248 80.389 80.53 80.671 80.811 80.951 81.091 81.23
81.878 82.106 82.063 82.255 82.464 82.371 82.319 82.141 81.75 81.644 81.537 81.424 81.252 81.063 80.746 80.407 80.139 79.965 79.754 79.344 79.22 78.924 78.897 78.808 78.457 78.145 77.54 77.562 77.16 77.205 77.276 77.033 77.601 76.997 76.98 76.915 76.912 76.993 77.034 77.087 77.137 77.213 77.289 77.381 77.478 77.58 77.687 77.798 77.914 78.034 78.158 78.285 78.416 78.549 78.685 78.823 78.963 79.104 79.247 79.39 79.534 79.678 79.822 79.966 80.109 80.252 80.394 80.536 80.677 80.817 80.957 81.096
82.166 82.037 81.844 81.916 81.901 81.957 81.805 81.544 81.566 81.441 81.266 81.079 80.87 80.604 80.324 80.245 80.08 79.731 79.572 79.188 79.225 78.707 78.839 78.357 77.917 77.508 77.607 77.423 77.238 77.282 77.115 76.89 76.888 76.979 76.753 76.729 76.817 76.815 76.917 76.878 76.902 76.997 77.103 77.166 77.266 77.372 77.482 77.597 77.717 77.841 77.969 78.101 78.235 78.373 78.513 78.655 78.798 78.943 79.089 79.236 79.382 79.529 79.675 79.821 79.966 80.11 80.253 80.396 80.537 80.678 80.818 80.957
81.792 81.632 81.7 81.613 81.556 81.427 81.296 81.323 81.214 81.061 81.012 80.788 80.583 80.283 80.015 79.899 79.716 79.493 79.172 78.899 78.652 78.673 78.514 77.858 77.655 77.294 77.199 77.602 77.002 77.323 77.196 76.926 76.632 76.627 76.73 76.497 76.684 76.572 76.673 76.67 77.029 77.022 76.952 77.036 77.049 77.158 77.272 77.391 77.515 77.643 77.775 77.911 78.05 78.191 78.335 78.481 78.629 78.778 78.927 79.077 79.226 79.376 79.524 79.672 79.819 79.964 80.108 80.251 80.393 80.534 80.674 80.813
