raw_data/humedad_relativa/hora9/rh9feb.txt
ncols         501
nrows         361
xllcorner     109.95
yllcorner     -45.05
cellsize      0.1
NODATA_value  -9999
[rows 224 to 255 of 361, columns 0 to 71 of 501]
62.54 62.445 62.349 62.251 62.151 62.05 61.947 61.843 61.737 61.629 61.519 61.408 61.294 61.179 61.062 60.943 60.822 60.699 60.574 60.446 60.317 60.185 60.05 59.913 59.774 59.632 59.487 59.34 59.19 59.036 58.88 58.72 58.557 58.39 58.22 58.046 57.868 57.686 57.5 57.309 57.114 56.914 56.709 56.5 56.286 56.066 55.842 55.613 55.379 55.14 54.896 54.648 54.396 54.141 53.884 53.624 53.648 53.375 53.211 53.01 53.239 52.898 53.39 53.319 53.112 52.415 52.46 52.148 51.983 51.77 51.696 51.795
62.637 62.545 62.451 62.356 62.259 62.161 62.061 61.96 61.857 61.752 61.646 61.538 61.428 61.316 61.203 61.088 60.97 60.851 60.73 60.607 60.481 60.353 60.223 60.091 59.956 59.819 59.679 59.536 59.39 59.242 59.09 58.935 58.777 58.615 58.45 58.281 58.108 57.93 57.749 57.562 57.372 57.176 56.975 56.77 56.558 56.342 56.12 55.892 55.659 55.421 55.177 54.927 54.673 54.415 54.153 53.888 53.774 53.626 53.471 53.237 53.371 53.044 53.852 53.807 53.538 52.71 52.698 52.179 52.228 52.396 52.009 51.848
62.736 62.646 62.555 62.463 62.369 62.274 62.177 62.079 61.979 61.877 61.774 61.67 61.564 61.456 61.346 61.234 61.121 61.006 60.888 60.769 60.648 60.525 60.399 60.271 60.141 60.008 59.873 59.735 59.594 59.451 59.304 59.154 59.001 58.845 58.684 58.52 58.352 58.18 58.003 57.822 57.636 57.445 57.248 57.046 56.839 56.625 56.406 56.181 55.949 55.711 55.468 55.217 54.961 54.7 54.433 54.163 53.891 53.724 53.653 53.638 53.166 53.085 52.942 53.644 52.938 53.992 52.548 53.165 52.81 52.898 52.409 52.062
62.836 62.749 62.661 62.571 62.48 62.388 62.294 62.199 62.102 62.004 61.905 61.804 61.701 61.597 61.491 61.383 61.273 61.162 61.049 60.934 60.817 60.698 60.577 60.454 60.328 60.2 60.07 59.937 59.801 59.663 59.521 59.377 59.229 59.078 58.923 58.764 58.602 58.435 58.263 58.087 57.906 57.72 57.528 57.33 57.127 56.917 56.701 56.479 56.249 56.013 55.77 55.52 55.263 54.999 54.729 54.454 54.174 53.893 53.94 53.692 53.316 53.22 54.017 54.549 54.525 53.946 53.129 53.401 52.879 52.634 52.896 52.917
62.937 62.853 62.767 62.681 62.593 62.503 62.413 62.321 62.227 62.133 62.037 61.939 61.84 61.739 61.637 61.533 61.428 61.321 61.212 61.101 60.988 60.874 60.757 60.639 60.518 60.395 60.27 60.142 60.011 59.878 59.742 59.603 59.461 59.315 59.166 59.013 58.856 58.694 58.529 58.358 58.182 58.001 57.815 57.622 57.423 57.218 57.006 56.787 56.56 56.326 56.085 55.836 55.579 55.314 55.042 54.763 54.478 54.188 54.075 53.857 53.461 54.596 54.806 54.224 54.369 54.399 54.292 53.974 53.161 53.245 53.131 53.04
63.039 62.958 62.875 62.792 62.706 62.62 62.533 62.444 62.354 62.263 62.17 62.076 61.98 61.883 61.785 61.685 61.584 61.481 61.376 61.27 61.162 61.052 60.94 60.826 60.71 60.592 60.472 60.349 60.224 60.096 59.966 59.832 59.696 59.556 59.413 59.265 59.114 58.959 58.799 58.635 58.465 58.29 58.109 57.921 57.728 57.527 57.32 57.105 56.882 56.652 56.413 56.166 55.911 55.647 55.376 55.096 54.809 54.515 54.38 54.18 53.703 54.83 55.03 54.578 54.879 54.444 54.763 54.532 53.443 53.732 53.692 53.733
63.143 63.064 62.985 62.904 62.822 62.738 62.654 62.569 62.482 62.394 62.305 62.214 62.122 62.029 61.935 61.839 61.741 61.642 61.542 61.44 61.336 61.231 61.124 61.015 60.904 60.791 60.676 60.559 60.439 60.317 60.192 60.065 59.934 59.8 59.663 59.522 59.377 59.229 59.075 58.917 58.753 58.584 58.41 58.229 58.041 57.846 57.644 57.434 57.216 56.99 56.755 56.511 56.259 55.999 55.731 55.583 55.171 54.881 54.683 54.471 54.218 55.698 54.92 54.745 55.414 55.069 55.142 54.916 54.087 54.556 53.979 54.188
63.248 63.172 63.095 63.017 62.938 62.858 62.776 62.694 62.611 62.526 62.44 62.354 62.265 62.176 62.085 61.993 61.9 61.806 61.709 61.612 61.513 61.412 61.31 61.206 61.1 60.992 60.883 60.771 60.657 60.54 60.422 60.3 60.176 60.048 59.917 59.783 59.645 59.503 59.356 59.204 59.048 58.886 58.718 58.543 58.362 58.174 57.978 57.774 57.562 57.34 57.111 56.872 56.625 56.369 56.106 55.837 55.562 55.284 55.265 54.945 54.656 56.424 56.042 55.222 55.161 55.173 55.577 54.98 54.634 54.461 54.869 54.844
63.354 63.28 63.206 63.131 63.055 62.978 62.9 62.821 62.741 62.66 62.577 62.494 62.41 62.324 62.237 62.149 62.06 61.97 61.878 61.785 61.691 61.595 61.497 61.398 61.298 61.195 61.091 60.985 60.876 60.766 60.653 60.538 60.42 60.299 60.175 60.047 59.916 59.781 59.641 59.497 59.348 59.193 59.033 58.866 58.692 58.511 58.322 58.125 57.919 57.704 57.481 57.248 57.007 56.758 56.502 56.24 55.976 55.713 55.606 55.411 55.302 57.245 55.961 56.223 56.049 55.974 55.835 55.72 55.313 55.317 54.814 55.064
63.46 63.39 63.318 63.246 63.173 63.099 63.024 62.948 62.872 62.794 62.715 62.635 62.555 62.473 62.39 62.306 62.221 62.135 62.048 61.959 61.87 61.778 61.686 61.592 61.496 61.399 61.301 61.2 61.098 60.993 60.887 60.778 60.666 60.552 60.435 60.314 60.19 60.063 59.931 59.795 59.653 59.507 59.354 59.196 59.03 58.857 58.676 58.486 58.288 58.08 57.864 57.638 57.404 57.162 56.914 56.662 56.408 56.187 55.948 55.756 55.761 56.892 56.683 56.704 57.071 56.718 56.109 55.801 55.652 55.661 55.626 55.358
63.567 63.5 63.431 63.362 63.292 63.221 63.149 63.077 63.003 62.929 62.854 62.778 62.701 62.623 62.544 62.464 62.383 62.301 62.219 62.134 62.049 61.963 61.875 61.787 61.696 61.605 61.512 61.417 61.32 61.222 61.122 61.019 60.915 60.807 60.697 60.584 60.468 60.348 60.225 60.097 59.964 59.826 59.682 59.532 59.375 59.211 59.039 58.858 58.668 58.469 58.26 58.042 57.815 57.581 57.341 57.097 56.853 56.614 56.511 56.276 56.332 56.908 57.324 58.198 57.234 57.123 57.12 56.799 56.597 56.439 56.01 56.245
63.675 63.611 63.545 63.479 63.411 63.344 63.275 63.206 63.136 63.065 62.993 62.921 62.847 62.773 62.698 62.623 62.546 62.468 62.39 62.31 62.23 62.148 62.066 61.982 61.897 61.811 61.724 61.635 61.544 61.452 61.358 61.263 61.165 61.065 60.962 60.857 60.749 60.637 60.522 60.402 60.278 60.15 60.015 59.875 59.728 59.573 59.41 59.239 59.059 58.869 58.669 58.459 58.24 58.013 57.78 57.544 57.307 57.075 56.876 56.759 57.874 57.819 57.919 57.604 57.514 57.69 57.782 57.501 57.005 57.145 56.778 56.786
63.784 63.722 63.659 63.596 63.532 63.467 63.401 63.335 63.268 63.201 63.133 63.064 62.994 62.924 62.853 62.781 62.709 62.636 62.562 62.487 62.411 62.334 62.257 62.178 62.099 62.018 61.936 61.853 61.769 61.683 61.596 61.507 61.416 61.323 61.228 61.131 61.031 60.928 60.821 60.711 60.597 60.478 60.353 60.223 60.087 59.943 59.791 59.63 59.46 59.28 59.089 58.888 58.677 58.457 58.231 58 57.769 57.538 57.333 57.19 57.67 58.872 58.258 58.136 58.136 58.473 57.954 57.802 57.864 57.448 57.218 57.116
63.893 63.834 63.774 63.713 63.652 63.59 63.528 63.465 63.402 63.338 63.273 63.208 63.142 63.075 63.008 62.941 62.872 62.803 62.734 62.663 62.592 62.52 62.448 62.374 62.3 62.225 62.149 62.072 61.994 61.915 61.834 61.752 61.668 61.583 61.496 61.406 61.315 61.221 61.123 61.023 60.918 60.809 60.696 60.577 60.451 60.319 60.179 60.03 59.871 59.702 59.521 59.329 59.126 58.913 58.691 58.464 58.251 58.048 57.844 57.683 58.782 58.792 58.535 58.901 58.761 57.999 58.792 58.143 57.723 57.896 57.825 57.848
64.002 63.946 63.889 63.831 63.773 63.714 63.655 63.595 63.535 63.474 63.413 63.352 63.289 63.227 63.164 63.1 63.036 62.971 62.906 62.84 62.773 62.706 62.639 62.571 62.502 62.432 62.362 62.291 62.219 62.146 62.072 61.997 61.921 61.843 61.764 61.683 61.6 61.514 61.426 61.336 61.242 61.144 61.041 60.934 60.821 60.701 60.573 60.437 60.291 60.134 59.965 59.783 59.588 59.381 59.163 58.937 58.709 58.647 58.333 58.199 59.106 58.466 58.956 59.114 58.426 58.35 58.31 58.331 58.209 58.394 58.369 58.323
64.112 64.058 64.004 63.949 63.894 63.838 63.782 63.726 63.669 63.611 63.554 63.496 63.437 63.378 63.319 63.259 63.199 63.138 63.077 63.016 62.954 62.892 62.83 62.767 62.703 62.639 62.574 62.509 62.444 62.377 62.31 62.242 62.173 62.103 62.031 61.959 61.884 61.808 61.73 61.65 61.566 61.48 61.389 61.294 61.194 61.087 60.973 60.851 60.719 60.576 60.419 60.248 60.063 59.861 59.646 59.419 59.187 58.979 58.805 58.674 59.942 60.263 59.615 59.196 58.834 58.893 59.495 59.023 58.999 59.107 59.24 59.028
64.222 64.171 64.119 64.067 64.015 63.962 63.909 63.856 63.802 63.748 63.694 63.639 63.584 63.529 63.474 63.418 63.362 63.306 63.249 63.192 63.135 63.078 63.02 62.962 62.904 62.845 62.786 62.727 62.667 62.607 62.547 62.486 62.424 62.362 62.298 62.234 62.169 62.102 62.034 61.963 61.891 61.816 61.738 61.656 61.569 61.477 61.378 61.271 61.154 61.026 60.884 60.727 60.551 60.356 60.142 59.913 59.673 59.433 59.323 59.246 60.483 60.227 59.776 59.428 59.503 59.68 59.844 59.847 59.779 59.654 59.255 59.455
64.332 64.284 64.235 64.186 64.136 64.086 64.036 63.986 63.936 63.885 63.834 63.783 63.732 63.68 63.628 63.576 63.524 63.472 63.42 63.367 63.315 63.262 63.209 63.157 63.104 63.05 62.997 62.944 62.89 62.837 62.783 62.728 62.674 62.619 62.564 62.508 62.452 62.394 62.336 62.276 62.215 62.152 62.086 62.017 61.945 61.868 61.785 61.695 61.596 61.485 61.36 61.218 61.055 60.869 60.656 60.421 60.168 59.932 59.76 59.671 60.074 60.519 60.64 60.693 60.464 60.069 60.088 59.678 59.714 60.112 59.942 59.937
64.442 64.396 64.35 64.304 64.257 64.21 64.163 64.116 64.069 64.022 63.974 63.926 63.878 63.83 63.782 63.734 63.686 63.638 63.59 63.542 63.494 63.446 63.398 63.35 63.302 63.254 63.207 63.159 63.111 63.064 63.017 62.969 62.922 62.875 62.827 62.78 62.732 62.684 62.636 62.586 62.536 62.485 62.432 62.377 62.32 62.258 62.193 62.12 62.04 61.95 61.845 61.722 61.576 61.402 61.194 60.95 60.677 60.398 60.198 60.915 60.947 61.065 60.692 60.661 60.814 60.514 60.763 61.135 60.414 60.734 60.342 60.105
64.552 64.509 64.465 64.422 64.378 64.334 64.29 64.246 64.202 64.158 64.113 64.069 64.025 63.98 63.936 63.892 63.847 63.803 63.759 63.715 63.672 63.628 63.585 63.542 63.499 63.457 63.414 63.372 63.331 63.289 63.248 63.208 63.168 63.128 63.088 63.049 63.01 62.971 62.932 62.893 62.854 62.815 62.775 62.734 62.691 62.646 62.598 62.545 62.486 62.417 62.336 62.238 62.115 61.96 61.761 61.513 61.214 60.895 60.683 61.797 61.829 61.536 61.05 61.122 61.535 61.554 61.402 61.277 60.977 60.9 60.603 60.757
64.662 64.621 64.58 64.539 64.498 64.457 64.416 64.375 64.334 64.293 64.252 64.211 64.17 64.129 64.088 64.048 64.007 63.967 63.927 63.888 63.848 63.809 63.771 63.732 63.694 63.657 63.62 63.584 63.548 63.512 63.478 63.443 63.41 63.377 63.345 63.314 63.283 63.253 63.224 63.195 63.167 63.14 63.112 63.085 63.057 63.028 62.998 62.965 62.928 62.884 62.83 62.761 62.669 62.544 62.369 62.125 61.799 61.505 61.323 62.284 61.625 62.173 61.592 61.5 61.562 61.503 61.657 61.76 61.379 61.089 61.233 61.204
64.771 64.733 64.695 64.657 64.619 64.58 64.542 64.504 64.466 64.428 64.39 64.352 64.315 64.277 64.24 64.203 64.166 64.13 64.094 64.058 64.023 63.989 63.954 63.921 63.888 63.855 63.823 63.792 63.762 63.732 63.704 63.676 63.649 63.623 63.598 63.575 63.552 63.531 63.511 63.492 63.474 63.458 63.442 63.428 63.415 63.402 63.39 63.376 63.362 63.343 63.319 63.284 63.231 63.15 63.019 62.808 62.572 62.207 61.88 63.23 61.842 62.159 62.774 62.206 62.415 62.327 62.371 61.799 61.591 61.47 61.392 61.318
64.88 64.845 64.809 64.774 64.738 64.703 64.667 64.632 64.597 64.562 64.527 64.492 64.458 64.424 64.39 64.357 64.324 64.291 64.259 64.228 64.197 64.166 64.136 64.107 64.079 64.051 64.024 63.998 63.973 63.949 63.926 63.904 63.884 63.865 63.847 63.831 63.816 63.803 63.791 63.781 63.774 63.768 63.764 63.762 63.762 63.765 63.769 63.775 63.781 63.788 63.794 63.905 63.787 63.761 63.698 63.634 63.548 63.399 63.046 62.574 63.25 63.428 62.965 62.677 62.696 62.719 62.768 62.358 62.005 62.013 61.979 61.796
64.989 64.956 64.923 64.89 64.857 64.824 64.792 64.759 64.727 64.695 64.663 64.632 64.601 64.57 64.539 64.509 64.48 64.451 64.423 64.395 64.368 64.341 64.316 64.291 64.267 64.244 64.222 64.201 64.181 64.162 64.145 64.129 64.114 64.101 64.09 64.081 64.073 64.067 64.064 64.063 64.064 64.068 64.075 64.084 64.097 64.113 64.132 64.155 64.182 64.211 64.824 64.726 64.401 64.443 64.49 64.596 65.061 64.791 64.153 64.437 64.229 63.606 63.59 63.36 63.279 63.054 62.715 62.582 62.842 62.474 62.416 62.446
65.098 65.067 65.036 65.006 64.975 64.945 64.915 64.886 64.856 64.827 64.798 64.77 64.742 64.714 64.687 64.66 64.634 64.609 64.584 64.56 64.537 64.514 64.493 64.472 64.452 64.434 64.416 64.4 64.385 64.371 64.359 64.349 64.34 64.333 64.328 64.325 64.324 64.325 64.329 64.336 64.345 64.358 64.374 64.394 64.417 64.445 64.477 64.514 64.557 64.605 64.937 65.441 65.261 65.492 65.895 66.216 66.247 66.071 65.548 64.835 64.347 64.407 64.085 63.94 63.53 63.249 63.294 63.363 63.428 62.999 62.987 62.86
65.205 65.177 65.149 65.121 65.093 65.065 65.038 65.011 64.984 64.958 64.932 64.907 64.882 64.857 64.833 64.81 64.787 64.765 64.744 64.723 64.704 64.685 64.667 64.651 64.635 64.621 64.607 64.596 64.585 64.576 64.569 64.564 64.56 64.558 64.559 64.562 64.567 64.575 64.585 64.599 64.616 64.636 64.66 64.688 64.721 64.758 64.801 64.849 64.904 64.965 66.022 65.766 65.879 66.069 66.254 66.604 66.51 66.306 65.781 66.305 64.808 64.867 64.96 64.447 63.813 63.865 64.264 63.652 63.749 63.627 63.588 63.338
65.312 65.286 65.26 65.235 65.21 65.184 65.16 65.135 65.111 65.088 65.065 65.042 65.02 64.998 64.978 64.957 64.938 64.919 64.901 64.884 64.868 64.853 64.839 64.826 64.814 64.804 64.795 64.787 64.781 64.777 64.774 64.773 64.775 64.778 64.784 64.792 64.803 64.816 64.832 64.852 64.875 64.902 64.933 64.968 65.008 65.052 65.102 65.158 65.22 65.288 65.654 65.92 65.947 66.382 66.515 66.708 66.564 66.022 66.651 66.615 66.027 65.093 64.679 64.854 64.666 64.381 64.153 64.25 64.062 63.786 64.042 63.772
65.419 65.395 65.371 65.348 65.325 65.303 65.28 65.259 65.237 65.216 65.196 65.176 65.157 65.138 65.12 65.103 65.087 65.071 65.056 65.043 65.03 65.018 65.008 64.998 64.99 64.984 64.978 64.975 64.973 64.973 64.974 64.978 64.983 64.991 65.002 65.015 65.03 65.049 65.07 65.095 65.123 65.155 65.191 65.232 65.276 65.326 65.381 65.441 65.506 65.576 65.651 66.213 65.914 66.062 66.404 66.169 66.39 66.615 66.712 66.814 66.16 65.876 65.687 65.692 65.083 65.018 64.798 64.761 64.218 64.544 64.014 64.361
65.524 65.503 65.482 65.461 65.44 65.42 65.4 65.381 65.362 65.343 65.326 65.309 65.292 65.276 65.261 65.247 65.233 65.221 65.209 65.199 65.189 65.181 65.173 65.167 65.163 65.16 65.158 65.158 65.16 65.163 65.169 65.176 65.186 65.198 65.213 65.23 65.249 65.272 65.298 65.327 65.359 65.396 65.436 65.48 65.528 65.58 65.637 65.698 65.763 65.831 65.901 66.257 66.116 66.3 66.412 66.606 66.671 66.611 66.627 66.579 66.736 66.269 65.796 66.012 65.158 65.069 65.192 64.997 65.012 64.528 64.395 64.026
65.629 65.61 65.591 65.572 65.554 65.536 65.518 65.501 65.485 65.469 65.454 65.439 65.425 65.412 65.4 65.388 65.378 65.368 65.359 65.352 65.345 65.34 65.336 65.333 65.332 65.332 65.334 65.337 65.342 65.349 65.358 65.369 65.383 65.398 65.416 65.437 65.46 65.487 65.516 65.548 65.584 65.623 65.666 65.712 65.762 65.816 65.873 65.933 65.995 66.058 66.121 67.224 66.281 66.355 66.37 66.411 66.433 66.276 66.478 66.376 66.659 66.633 66.266 65.637 65.583 65.385 65.126 65.013 65.187 64.709 65.048 65.045
65.733 65.716 65.699 65.682 65.666 65.651 65.635 65.621 65.607 65.593 65.581 65.568 65.557 65.547 65.537 65.528 65.52 65.513 65.507 65.502 65.499 65.496 65.495 65.495 65.497 65.5 65.505 65.512 65.52 65.53 65.542 65.557 65.573 65.592 65.613 65.637 65.663 65.692 65.724 65.759 65.797 65.838 65.883 65.93 65.981 66.034 66.089 66.147 66.204 66.261 66.315 66.362 66.398 66.417 66.41 66.37 66.56 66.395 66.603 66.676 66.4 66.178 65.948 65.813 65.467 65.425 65.413 65.218 65.546 65.236 64.768 64.805
65.836 65.821 65.806 65.792 65.778 65.764 65.751 65.739 65.727 65.716 65.706 65.696 65.687 65.679 65.672 65.665 65.66 65.655 65.652 65.65 65.649 65.649 65.651 65.654 65.659 65.665 65.672 65.682 65.693 65.706 65.721 65.738 65.757 65.779 65.803 65.829 65.858 65.889 65.923 65.96 65.999 66.042 66.087 66.134 66.184 66.236 66.289 66.342 66.395 66.445 66.49 66.527 66.552 66.559 66.543 66.499 66.422 66.624 66.835 66.444 66.334 66.191 66.587 66.199 66.186 65.747 65.589 65.486 65.315 65.152 65.327 65.166
