raw_data/humedad_relativa/hora9/rh9feb.txt
ncols         501
nrows         361
xllcorner     109.95
yllcorner     -45.05
cellsize      0.1
NODATA_value  -9999
[rows 320 to 351 of 361, columns 360 to 431 of 501]
74.294 74.188 74.125 74.106 74.135 74.193 74.262 74.33 74.395 74.454 74.63 74.662 74.619 74.797 74.781 74.876 75.744 75.744 75.993 75.713 75.468 75.898 76.16 76.121 75.999 76.135 76.271 76.408 76.546 76.686 76.827 76.97 77.115 77.261 77.409 77.558 77.709 77.861 78.014 78.169 78.324 78.481 78.638 78.795 78.953 79.112 79.271 79.429 79.588 79.747 79.906 80.064 80.223 80.381 80.538 80.695 80.851 81.007 81.162 81.317 81.47 81.623 81.775 81.927 82.077 82.226 82.375 82.523 82.669 82.815 82.96 83.103
74.733 74.045 73.925 73.885 73.92 73.988 74.061 74.175 74.19 74.539 74.943 74.585 75.163 74.906 74.839 75.017 75.213 74.858 76.501 75.855 76.98 76.776 76.206 75.707 75.847 75.987 76.128 76.27 76.412 76.556 76.702 76.849 76.997 77.147 77.298 77.451 77.605 77.76 77.916 78.074 78.232 78.39 78.55 78.709 78.87 79.03 79.19 79.351 79.511 79.672 79.832 79.992 80.151 80.31 80.469 80.627 80.784 80.941 81.097 81.252 81.406 81.56 81.713 81.864 82.015 82.165 82.315 82.463 82.61 82.756 82.901 83.045
76.832 75.285 74.801 74.205 74.108 74.796 74.162 75.699 74.503 74.114 74.71 74.979 76.29 75.363 78.872 75.279 75.333 77.216 78.163 77.819 79.894 76.326 76.882 75.557 75.701 75.845 75.99 76.135 76.282 76.429 76.578 76.729 76.881 77.034 77.189 77.345 77.502 77.66 77.82 77.98 78.14 78.301 78.463 78.625 78.787 78.949 79.112 79.274 79.436 79.598 79.759 79.92 80.081 80.241 80.4 80.559 80.718 80.875 81.032 81.188 81.343 81.497 81.651 81.803 81.955 82.105 82.255 82.404 82.551 82.698 82.844 82.988
75.216 76.951 75.299 75.68 74.171 75.012 74.716 75.421 76.373 74.289 74.271 74.984 75.736 76.739 76.98 78.25 81.965 77.682 79.525 77.869 75.817 76.514 75.509 75.414 75.561 75.708 75.856 76.004 76.154 76.305 76.457 76.611 76.767 76.924 77.082 77.241 77.401 77.562 77.724 77.887 78.05 78.214 78.378 78.542 78.706 78.87 79.034 79.198 79.361 79.525 79.687 79.85 80.012 80.173 80.333 80.493 80.653 80.811 80.969 81.125 81.281 81.436 81.59 81.743 81.895 82.047 82.197 82.346 82.494 82.641 82.787 82.932
77.861 76.035 75.718 76.341 75.025 74.372 75.067 76.048 76.308 75.336 74.949 73.946 75.418 76.06 82.429 78.167 81.163 78.711 76.203 75.819 78.504 76.356 76.219 75.278 75.426 75.575 75.725 75.876 76.029 76.183 76.339 76.496 76.655 76.815 76.977 77.139 77.302 77.466 77.631 77.796 77.962 78.128 78.294 78.46 78.626 78.792 78.958 79.124 79.289 79.453 79.617 79.781 79.944 80.106 80.268 80.429 80.589 80.748 80.906 81.064 81.22 81.376 81.531 81.684 81.837 81.989 82.139 82.289 82.437 82.585 82.731 82.877
80.371 79.393 78.578 77.42 75.618 75.759 75.707 75.471 75.112 74.874 74.488 75.077 74.293 75.003 76.099 76.567 78.918 81.386 76.521 76.989 76.652 76.139 76.66 75.147 75.296 75.446 75.598 75.752 75.907 76.064 76.223 76.384 76.546 76.709 76.874 77.039 77.206 77.373 77.54 77.708 77.876 78.044 78.213 78.381 78.549 78.717 78.884 79.051 79.218 79.384 79.549 79.714 79.878 80.041 80.204 80.366 80.527 80.687 80.846 81.004 81.161 81.317 81.473 81.627 81.78 81.932 82.083 82.233 82.382 82.53 82.677 82.823
79.956 79.026 80.728 81.132 76.704 76.212 75.933 75.699 75.4 75.036 74.822 74.655 74.844 74.903 76.16 77.349 78.934 83.667 79.031 76.868 76.133 76.421 76.733 76.648 75.168 75.32 75.474 75.63 75.788 75.948 76.11 76.274 76.44 76.606 76.774 76.943 77.112 77.282 77.452 77.622 77.793 77.963 78.134 78.304 78.474 78.643 78.812 78.981 79.149 79.316 79.483 79.649 79.814 79.978 80.142 80.305 80.466 80.627 80.787 80.946 81.104 81.26 81.416 81.571 81.724 81.877 82.029 82.179 82.328 82.476 82.624 82.77
83.491 77.902 78.803 81.201 83.161 80.322 77.381 81.324 78.588 75.334 74.808 74.603 74.723 74.909 74.965 75.993 77.037 78.27 76.84 77.594 79.358 78.618 78.256 74.896 75.042 75.196 75.352 75.51 75.671 75.835 76.001 76.168 76.337 76.506 76.677 76.849 77.021 77.194 77.367 77.539 77.712 77.885 78.058 78.23 78.401 78.573 78.743 78.913 79.083 79.251 79.419 79.586 79.752 79.917 80.082 80.245 80.408 80.569 80.73 80.889 81.047 81.205 81.361 81.516 81.67 81.823 81.975 82.126 82.276 82.424 82.572 82.718
82.209 83.285 80.112 83.259 83.006 82.542 81.948 80.553 81.013 77.109 75.803 74.727 74.595 74.845 75.043 75.036 75.222 75.453 75.903 76.519 76.029 78.407 77.611 74.764 74.916 75.072 75.231 75.393 75.558 75.725 75.894 76.065 76.237 76.41 76.584 76.759 76.934 77.109 77.285 77.46 77.635 77.81 77.984 78.158 78.332 78.505 78.677 78.848 79.019 79.188 79.357 79.525 79.692 79.859 80.024 80.188 80.351 80.513 80.674 80.834 80.993 81.151 81.308 81.463 81.618 81.771 81.923 82.074 82.224 82.373 82.521 82.667
84.976 82.412 83.401 83.139 82.153 81.764 81.24 80.491 80.546 80.797 78.341 75.152 75.818 75.56 74.743 75.55 75.675 78.526 79.639 79.606 76.075 75.168 77.586 74.975 74.789 74.948 75.111 75.277 75.446 75.617 75.79 75.965 76.141 76.318 76.495 76.673 76.851 77.029 77.207 77.384 77.561 77.738 77.915 78.09 78.265 78.44 78.613 78.786 78.957 79.128 79.298 79.467 79.635 79.802 79.968 80.133 80.297 80.459 80.621 80.781 80.941 81.099 81.256 81.412 81.567 81.72 81.873 82.024 82.175 82.324 82.472 82.618
83.476 81.9 83.883 82.586 81.372 82.333 80.889 80.728 80.651 80.162 80.175 77.909 78.922 75.321 76.933 75.106 76.619 77.986 78.293 77.627 75.111 74.757 74.55 74.499 74.66 74.825 74.993 75.165 75.338 75.514 75.691 75.87 76.049 76.23 76.41 76.591 76.772 76.952 77.132 77.312 77.492 77.67 77.848 78.026 78.202 78.378 78.553 78.726 78.899 79.071 79.242 79.412 79.58 79.748 79.914 80.08 80.244 80.407 80.57 80.73 80.89 81.049 81.206 81.362 81.518 81.672 81.824 81.976 82.126 82.276 82.424 82.571
82.438 83.776 81.734 81.915 80.581 79.949 81.191 79.916 80.244 79.546 78.473 79.713 79.831 76.763 74.802 74.596 76.272 76.853 78.583 75.951 74.394 74.082 74.198 75.614 74.531 74.703 74.878 75.055 75.234 75.415 75.597 75.779 75.963 76.147 76.33 76.514 76.697 76.88 77.063 77.245 77.426 77.607 77.786 77.965 78.143 78.32 78.495 78.67 78.844 79.017 79.188 79.359 79.528 79.696 79.864 80.03 80.194 80.358 80.52 80.682 80.842 81.001 81.158 81.315 81.47 81.624 81.777 81.929 82.08 82.229 82.377 82.524
80.522 82.824 82.006 81.449 80.666 79.888 80.797 79.912 77.815 77.997 79.709 78.034 79.646 76.143 75.085 75.165 74.975 75.264 78.149 77.822 73.973 73.875 74.048 74.228 74.403 74.583 74.766 74.95 75.135 75.321 75.508 75.695 75.882 76.069 76.256 76.443 76.628 76.814 76.998 77.182 77.365 77.547 77.728 77.908 78.087 78.265 78.442 78.618 78.792 78.966 79.138 79.309 79.479 79.648 79.815 79.982 80.147 80.311 80.474 80.635 80.795 80.955 81.113 81.269 81.425 81.579 81.732 81.884 82.035 82.184 82.333 82.48
80.747 81.325 82.619 82.101 80.755 80.286 79.288 78.954 77.396 77.465 76.771 79.91 77.489 75.683 75.806 75.802 75.682 75.87 74.714 75.309 73.568 73.714 73.901 74.588 74.278 74.468 74.659 74.851 75.042 75.234 75.425 75.617 75.808 75.998 76.188 76.377 76.565 76.753 76.939 77.125 77.309 77.492 77.675 77.856 78.036 78.215 78.392 78.569 78.744 78.918 79.091 79.262 79.433 79.602 79.77 79.937 80.102 80.266 80.429 80.591 80.751 80.911 81.069 81.226 81.381 81.536 81.689 81.841 81.992 82.141 82.29 82.437
82.59 81.509 81.614 81.175 82.482 77.698 77.752 76.501 76.483 76.251 76.035 76.546 75.417 75.685 76.122 75.753 74.74 74.961 75.86 74.607 73.359 73.558 73.76 73.961 74.162 74.362 74.561 74.76 74.958 75.155 75.351 75.546 75.74 75.934 76.126 76.318 76.508 76.697 76.885 77.072 77.258 77.443 77.626 77.808 77.989 78.168 78.347 78.524 78.699 78.874 79.047 79.219 79.39 79.559 79.727 79.894 80.06 80.224 80.387 80.549 80.71 80.869 81.027 81.184 81.34 81.494 81.647 81.799 81.95 82.1 82.248 82.395
80.886 80.593 83.182 81.233 81.798 81.89 79.679 75.639 76.704 75.505 76.594 75.259 74.139 76.552 75.232 75.255 78.908 74.795 77.265 72.997 73.346 73.415 73.631 73.845 74.057 74.266 74.474 74.679 74.883 75.085 75.285 75.484 75.681 75.878 76.072 76.266 76.458 76.649 76.838 77.026 77.213 77.398 77.582 77.765 77.946 78.126 78.305 78.482 78.659 78.833 79.007 79.179 79.35 79.519 79.688 79.855 80.02 80.185 80.348 80.51 80.67 80.83 80.988 81.145 81.3 81.455 81.608 81.76 81.911 82.06 82.208 82.356
80.352 80.612 80.737 81.917 79.634 80.12 79.76 78.492 75.586 76.156 78.175 74.105 74.279 76.504 73.225 74.533 73.879 72.95 72.894 74.255 73.059 75.282 73.521 73.746 73.968 74.186 74.4 74.611 74.82 75.026 75.23 75.431 75.631 75.83 76.026 76.221 76.415 76.606 76.797 76.986 77.173 77.359 77.544 77.727 77.908 78.089 78.268 78.445 78.622 78.796 78.97 79.142 79.313 79.483 79.651 79.818 79.984 80.148 80.311 80.473 80.633 80.793 80.951 81.107 81.263 81.417 81.57 81.722 81.873 82.022 82.17 82.317
81.69 80.57 80.312 81.04 80.238 82.765 83.747 76.525 75.644 73.966 75.848 77.848 72.518 72.286 73.007 73.369 74.096 74.049 75.764 73.229 72.952 73.196 73.436 73.67 73.899 74.122 74.342 74.557 74.77 74.979 75.185 75.389 75.591 75.791 75.989 76.184 76.379 76.571 76.762 76.952 77.139 77.326 77.51 77.694 77.875 78.056 78.235 78.413 78.589 78.764 78.937 79.109 79.28 79.449 79.618 79.784 79.95 80.114 80.277 80.439 80.599 80.758 80.916 81.072 81.228 81.382 81.535 81.686 81.837 81.986 82.134 82.281
81.088 82.226 81.633 80.468 80.874 81.386 79.179 77.928 78.692 76.167 74.278 73.464 78.889 73.584 73.031 71.737 71.958 73.066 73.541 72.626 72.884 73.136 73.381 73.62 73.852 74.079 74.302 74.52 74.734 74.945 75.153 75.358 75.561 75.761 75.96 76.156 76.351 76.543 76.735 76.924 77.112 77.298 77.483 77.666 77.848 78.028 78.207 78.384 78.56 78.735 78.908 79.08 79.25 79.419 79.587 79.754 79.919 80.083 80.246 80.407 80.567 80.726 80.883 81.04 81.195 81.349 81.501 81.653 81.803 81.952 82.1 82.247
84.428 81.698 81.488 81.16 79.989 81.219 81.355 78.144 77.391 78.232 78.816 77.241 79.88 73.218 71.368 71.559 71.804 72.077 72.382 73.16 73.356 73.114 73.359 73.598 73.831 74.058 74.281 74.5 74.714 74.925 75.133 75.339 75.542 75.742 75.94 76.136 76.331 76.523 76.714 76.903 77.091 77.276 77.461 77.643 77.825 78.005 78.183 78.36 78.535 78.71 78.882 79.054 79.224 79.393 79.56 79.726 79.891 80.055 80.217 80.378 80.538 80.696 80.853 81.009 81.164 81.318 81.47 81.621 81.771 81.92 82.067 82.214
80.473 82.085 82.57 79.915 81.677 81.324 81.178 78.35 75.429 74.21 74.209 73.821 73.299 72.256 71.645 71.92 71.906 72.261 72.393 73.486 72.889 73.133 73.372 73.606 73.835 74.06 74.28 74.497 74.71 74.92 75.127 75.331 75.533 75.733 75.93 76.126 76.319 76.511 76.701 76.889 77.076 77.261 77.444 77.626 77.807 77.986 78.164 78.34 78.515 78.689 78.861 79.032 79.201 79.37 79.536 79.702 79.866 80.029 80.191 80.352 80.511 80.669 80.826 80.981 81.136 81.289 81.441 81.592 81.741 81.89 82.037 82.183
80.751 81.456 80.132 79.531 82.038 77.56 76.636 75.765 75.377 77.281 74.171 79.711 73.401 72.096 71.949 71.98 72.115 72.305 76.013 73.652 72.962 73.191 73.418 73.643 73.865 74.084 74.3 74.513 74.723 74.93 75.134 75.336 75.536 75.734 75.93 76.124 76.316 76.506 76.695 76.882 77.067 77.251 77.434 77.615 77.795 77.973 78.15 78.325 78.499 78.672 78.843 79.013 79.182 79.35 79.516 79.681 79.845 80.007 80.168 80.328 80.487 80.644 80.801 80.956 81.11 81.262 81.414 81.564 81.713 81.861 82.008 82.154
79.117 79.158 79.814 80.528 82.95 78.335 83.909 76.247 79.391 76.325 73.725 73.265 74.49 72.505 72.483 72.316 72.385 72.516 74.678 73.092 74.913 73.284 73.496 73.708 73.92 74.13 74.339 74.546 74.751 74.954 75.155 75.353 75.55 75.746 75.939 76.131 76.321 76.509 76.696 76.881 77.065 77.248 77.429 77.609 77.787 77.964 78.14 78.314 78.487 78.659 78.83 78.999 79.167 79.334 79.499 79.663 79.826 79.988 80.148 80.307 80.466 80.622 80.778 80.933 81.086 81.238 81.389 81.539 81.687 81.835 81.981 82.126
78.873 80.427 78.469 77.862 82.19 82.186 83.602 77.976 82.681 75.646 73.981 73.533 73.164 72.89 72.723 72.66 72.682 72.766 72.893 73.048 73.222 73.408 73.601 73.798 73.997 74.197 74.397 74.596 74.795 74.992 75.188 75.382 75.575 75.767 75.957 76.146 76.334 76.52 76.705 76.888 77.07 77.251 77.43 77.608 77.785 77.961 78.135 78.308 78.48 78.651 78.82 78.988 79.155 79.321 79.485 79.648 79.81 79.971 80.131 80.289 80.447 80.603 80.758 80.912 81.064 81.216 81.366 81.515 81.663 81.81 81.956 82.101
78.744 78.815 78.545 81.282 78.666 80.413 80.087 79.363 79.483 74.804 74.54 74.402 73.669 75.007 73.081 72.996 72.985 73.032 73.124 73.247 73.394 73.556 73.728 73.909 74.094 74.281 74.471 74.662 74.852 75.043 75.233 75.422 75.611 75.798 75.985 76.17 76.355 76.538 76.72 76.901 77.081 77.259 77.437 77.613 77.788 77.962 78.135 78.306 78.477 78.646 78.814 78.981 79.147 79.311 79.475 79.637 79.798 79.958 80.117 80.274 80.431 80.586 80.74 80.893 81.045 81.196 81.346 81.494 81.642 81.788 81.933 82.077
78.646 80.326 78.986 79.071 77.135 79.366 80.258 80.271 80.471 75.136 74.48 74.122 73.82 73.584 73.417 73.32 73.285 73.305 73.367 73.462 73.582 73.722 73.874 74.037 74.207 74.382 74.561 74.741 74.923 75.106 75.29 75.473 75.656 75.839 76.021 76.203 76.384 76.564 76.743 76.921 77.098 77.274 77.449 77.623 77.796 77.968 78.139 78.309 78.478 78.646 78.812 78.978 79.142 79.305 79.467 79.628 79.788 79.947 80.105 80.262 80.417 80.572 80.725 80.877 81.028 81.178 81.327 81.475 81.622 81.767 81.912 82.056
78.562 78.253 77.91 77.538 77.142 76.73 76.309 77.33 75.475 75.083 74.719 74.394 74.117 73.895 73.732 73.628 73.577 73.575 73.614 73.685 73.783 73.901 74.034 74.18 74.335 74.496 74.663 74.833 75.006 75.181 75.357 75.534 75.711 75.889 76.066 76.243 76.42 76.596 76.772 76.947 77.121 77.294 77.467 77.638 77.809 77.979 78.148 78.316 78.483 78.649 78.814 78.978 79.141 79.303 79.463 79.623 79.782 79.94 80.096 80.252 80.406 80.56 80.712 80.863 81.014 81.163 81.311 81.458 81.604 81.749 81.893 82.036
78.493 78.197 77.874 77.527 77.16 76.781 76.394 76.01 75.634 75.277 74.946 74.649 74.394 74.186 74.028 73.919 73.858 73.84 73.86 73.911 73.989 74.088 74.204 74.333 74.473 74.622 74.776 74.936 75.099 75.265 75.434 75.604 75.775 75.946 76.118 76.291 76.463 76.635 76.807 76.978 77.149 77.32 77.49 77.659 77.827 77.994 78.161 78.327 78.492 78.656 78.819 78.982 79.143 79.303 79.463 79.621 79.778 79.935 80.09 80.245 80.398 80.55 80.702 80.852 81.001 81.149 81.297 81.443 81.588 81.732 81.875 82.018
78.437 78.156 77.852 77.528 77.188 76.838 76.484 76.132 75.789 75.463 75.161 74.889 74.654 74.458 74.305 74.196 74.127 74.098 74.103 74.138 74.198 74.281 74.38 74.495 74.62 74.756 74.899 75.047 75.201 75.358 75.519 75.681 75.846 76.011 76.178 76.345 76.513 76.681 76.848 77.016 77.184 77.351 77.517 77.684 77.849 78.014 78.179 78.342 78.505 78.667 78.828 78.989 79.148 79.307 79.465 79.622 79.778 79.933 80.087 80.24 80.392 80.543 80.694 80.843 80.991 81.138 81.285 81.43 81.574 81.718 81.86 82.001
78.395 78.128 77.841 77.539 77.224 76.901 76.575 76.253 75.939 75.641 75.365 75.115 74.896 74.713 74.566 74.457 74.384 74.346 74.34 74.362 74.408 74.475 74.561 74.661 74.774 74.897 75.028 75.166 75.31 75.459 75.611 75.766 75.924 76.083 76.244 76.406 76.569 76.732 76.895 77.059 77.223 77.387 77.55 77.713 77.876 78.038 78.2 78.361 78.522 78.682 78.841 79 79.157 79.314 79.47 79.626 79.78 79.934 80.086 80.238 80.389 80.539 80.688 80.836 80.983 81.129 81.275 81.419 81.563 81.705 81.846 81.987
78.364 78.111 77.841 77.559 77.266 76.968 76.668 76.372 76.085 75.812 75.558 75.327 75.124 74.952 74.811 74.704 74.629 74.585 74.57 74.581 74.615 74.67 74.743 74.83 74.931 75.043 75.163 75.291 75.426 75.566 75.71 75.858 76.008 76.161 76.316 76.472 76.63 76.788 76.947 77.107 77.267 77.427 77.587 77.747 77.907 78.066 78.225 78.384 78.542 78.7 78.857 79.013 79.169 79.324 79.479 79.632 79.785 79.937 80.088 80.239 80.388 80.537 80.685 80.831 80.977 81.123 81.267 81.41 81.553 81.694 81.835 81.974
78.344 78.104 77.851 77.587 77.315 77.039 76.762 76.49 76.226 75.975 75.741 75.528 75.339 75.177 75.043 74.938 74.862 74.814 74.792 74.795 74.819 74.863 74.925 75.002 75.091 75.192 75.302 75.421 75.546 75.678 75.814 75.954 76.098 76.244 76.393 76.544 76.696 76.85 77.004 77.16 77.316 77.472 77.629 77.785 77.942 78.098 78.255 78.411 78.566 78.722 78.876 79.031 79.184 79.337 79.49 79.642 79.793 79.943 80.093 80.242 80.39 80.537 80.683 80.829 80.974 81.118 81.261 81.403 81.545 81.685 81.825 81.964
