raw_data/humedad_relativa/hora9/rh9feb.txt
ncols         501
nrows         361
xllcorner     109.95
yllcorner     -45.05
cellsize      0.1
NODATA_value  -9999
[rows 64 to 95 of 361, columns 0 to 71 of 501]
75.332 75.346 75.36 75.375 75.389 75.404 75.419 75.435 75.451 75.466 75.483 75.499 75.516 75.532 75.549 75.567 75.584 75.602 75.62 75.638 75.656 75.674 75.693 75.711 75.73 75.749 75.768 75.787 75.806 75.825 75.845 75.864 75.883 75.903 75.922 75.941 75.961 75.98 75.999 76.018 76.038 76.057 76.076 76.095 76.114 76.133 76.152 76.171 76.191 76.21 76.229 76.248 76.268 76.288 76.307 76.327 76.348 76.369 76.39 76.411 76.433 76.455 76.478 76.502 76.526 76.551 76.577 76.604 76.631 76.659 76.689 76.719
75.204 75.217 75.23 75.244 75.258 75.272 75.287 75.302 75.317 75.332 75.347 75.363 75.379 75.395 75.412 75.428 75.445 75.462 75.479 75.496 75.514 75.532 75.549 75.567 75.585 75.604 75.622 75.64 75.659 75.677 75.696 75.714 75.733 75.751 75.77 75.788 75.807 75.825 75.844 75.862 75.88 75.899 75.917 75.935 75.953 75.971 75.989 76.007 76.025 76.043 76.061 76.079 76.097 76.116 76.134 76.153 76.172 76.191 76.211 76.231 76.252 76.273 76.294 76.316 76.339 76.363 76.387 76.413 76.439 76.466 76.494 76.524
75.075 75.087 75.1 75.113 75.126 75.14 75.153 75.168 75.182 75.196 75.211 75.226 75.241 75.257 75.273 75.288 75.305 75.321 75.337 75.354 75.371 75.388 75.405 75.422 75.44 75.457 75.475 75.492 75.51 75.528 75.546 75.563 75.581 75.599 75.617 75.634 75.652 75.669 75.687 75.704 75.722 75.739 75.756 75.773 75.79 75.807 75.824 75.841 75.858 75.874 75.891 75.908 75.925 75.942 75.959 75.977 75.994 76.012 76.03 76.049 76.068 76.088 76.108 76.128 76.15 76.172 76.195 76.219 76.244 76.27 76.297 76.325
74.945 74.956 74.968 74.981 74.993 75.006 75.019 75.032 75.046 75.06 75.074 75.088 75.103 75.118 75.132 75.148 75.163 75.179 75.195 75.211 75.227 75.243 75.259 75.276 75.293 75.309 75.326 75.343 75.36 75.377 75.394 75.411 75.428 75.445 75.462 75.479 75.496 75.512 75.529 75.545 75.562 75.578 75.594 75.61 75.626 75.642 75.658 75.673 75.689 75.704 75.72 75.735 75.751 75.766 75.782 75.798 75.814 75.83 75.847 75.864 75.882 75.9 75.918 75.938 75.958 75.978 76 76.022 76.046 76.07 76.096 76.122
74.814 74.825 74.836 74.848 74.86 74.872 74.884 74.896 74.909 74.922 74.936 74.949 74.963 74.977 74.991 75.006 75.021 75.036 75.051 75.066 75.081 75.097 75.113 75.129 75.144 75.161 75.177 75.193 75.209 75.225 75.242 75.258 75.274 75.29 75.306 75.322 75.338 75.354 75.369 75.385 75.4 75.416 75.431 75.446 75.46 75.475 75.489 75.504 75.518 75.532 75.546 75.561 75.575 75.589 75.603 75.617 75.632 75.647 75.662 75.677 75.693 75.71 75.727 75.744 75.762 75.782 75.801 75.822 75.844 75.867 75.891 75.917
74.682 74.692 74.703 74.714 74.725 74.736 74.748 74.76 74.772 74.784 74.797 74.809 74.822 74.836 74.849 74.863 74.877 74.891 74.906 74.92 74.935 74.95 74.965 74.98 74.995 75.01 75.026 75.041 75.057 75.072 75.088 75.103 75.119 75.134 75.149 75.164 75.179 75.194 75.209 75.223 75.238 75.252 75.266 75.28 75.293 75.307 75.32 75.333 75.346 75.359 75.371 75.384 75.397 75.409 75.422 75.435 75.448 75.461 75.474 75.488 75.502 75.517 75.532 75.548 75.564 75.582 75.6 75.619 75.64 75.661 75.683 75.707
74.55 74.559 74.569 74.579 74.589 74.6 74.611 74.622 74.633 74.644 74.656 74.668 74.681 74.693 74.706 74.719 74.732 74.746 74.759 74.773 74.787 74.801 74.816 74.83 74.845 74.859 74.874 74.888 74.903 74.918 74.933 74.947 74.962 74.976 74.991 75.005 75.019 75.033 75.047 75.06 75.074 75.087 75.099 75.112 75.125 75.137 75.149 75.16 75.172 75.183 75.195 75.206 75.217 75.228 75.239 75.25 75.261 75.273 75.284 75.296 75.309 75.321 75.335 75.349 75.364 75.379 75.396 75.413 75.431 75.451 75.472 75.494
74.417 74.425 74.434 74.443 74.453 74.462 74.472 74.483 74.493 74.504 74.515 74.526 74.538 74.55 74.562 74.574 74.587 74.599 74.612 74.625 74.639 74.652 74.665 74.679 74.693 74.707 74.721 74.735 74.748 74.762 74.776 74.79 74.804 74.817 74.831 74.844 74.858 74.87 74.883 74.896 74.908 74.92 74.932 74.943 74.954 74.965 74.976 74.986 74.996 75.006 75.016 75.026 75.035 75.044 75.054 75.063 75.073 75.082 75.092 75.102 75.113 75.123 75.135 75.147 75.16 75.173 75.188 75.203 75.22 75.238 75.257 75.277
74.282 74.29 74.298 74.307 74.315 74.324 74.333 74.343 74.353 74.363 74.373 74.383 74.394 74.405 74.416 74.428 74.44 74.452 74.464 74.476 74.489 74.501 74.514 74.527 74.54 74.553 74.566 74.579 74.592 74.606 74.619 74.632 74.645 74.657 74.67 74.682 74.695 74.707 74.718 74.73 74.741 74.752 74.763 74.773 74.783 74.792 74.802 74.811 74.819 74.828 74.836 74.844 74.852 74.859 74.867 74.874 74.882 74.889 74.897 74.905 74.914 74.923 74.932 74.942 74.953 74.964 74.977 74.99 75.005 75.021 75.038 75.057
74.147 74.154 74.162 74.169 74.177 74.185 74.193 74.202 74.211 74.22 74.23 74.239 74.249 74.259 74.27 74.281 74.292 74.303 74.314 74.326 74.337 74.349 74.361 74.373 74.386 74.398 74.41 74.423 74.435 74.447 74.46 74.472 74.484 74.496 74.508 74.519 74.531 74.542 74.552 74.563 74.573 74.583 74.592 74.601 74.61 74.618 74.626 74.633 74.641 74.647 74.654 74.66 74.666 74.672 74.678 74.683 74.689 74.694 74.7 74.706 74.713 74.719 74.727 74.734 74.743 74.752 74.763 74.774 74.787 74.8 74.815 74.832
74.012 74.018 74.024 74.031 74.038 74.045 74.052 74.06 74.068 74.077 74.085 74.094 74.103 74.113 74.122 74.132 74.142 74.153 74.163 74.174 74.185 74.196 74.207 74.219 74.23 74.242 74.253 74.265 74.277 74.288 74.3 74.311 74.322 74.333 74.344 74.355 74.365 74.375 74.385 74.394 74.403 74.412 74.42 74.428 74.435 74.442 74.449 74.455 74.46 74.465 74.47 74.475 74.479 74.483 74.487 74.49 74.494 74.497 74.501 74.505 74.509 74.513 74.518 74.524 74.53 74.537 74.545 74.554 74.564 74.576 74.589 74.603
73.875 73.88 73.886 73.892 73.898 73.904 73.91 73.917 73.925 73.932 73.94 73.948 73.956 73.965 73.974 73.983 73.992 74.002 74.011 74.021 74.031 74.042 74.052 74.063 74.074 74.084 74.095 74.106 74.117 74.127 74.138 74.149 74.159 74.169 74.179 74.189 74.198 74.207 74.216 74.225 74.232 74.24 74.247 74.253 74.259 74.265 74.27 74.274 74.278 74.282 74.285 74.288 74.29 74.292 74.293 74.295 74.296 74.298 74.299 74.301 74.302 74.304 74.307 74.31 74.314 74.319 74.324 74.331 74.339 74.348 74.358 74.371
73.738 73.742 73.746 73.751 73.756 73.762 73.768 73.774 73.78 73.786 73.793 73.8 73.808 73.816 73.824 73.832 73.84 73.849 73.858 73.867 73.877 73.886 73.896 73.906 73.916 73.925 73.936 73.946 73.956 73.965 73.975 73.985 73.995 74.004 74.013 74.022 74.03 74.038 74.046 74.053 74.06 74.066 74.072 74.077 74.082 74.086 74.09 74.092 74.095 74.097 74.098 74.099 74.099 74.099 74.098 74.098 74.097 74.096 74.095 74.094 74.093 74.093 74.093 74.093 74.095 74.097 74.1 74.104 74.109 74.116 74.124 74.134
73.599 73.603 73.606 73.61 73.614 73.619 73.624 73.629 73.634 73.64 73.646 73.652 73.659 73.665 73.673 73.68 73.688 73.695 73.704 73.712 73.72 73.729 73.738 73.747 73.756 73.765 73.775 73.784 73.793 73.802 73.811 73.82 73.829 73.837 73.845 73.853 73.861 73.868 73.875 73.881 73.886 73.892 73.896 73.9 73.903 73.906 73.908 73.909 73.91 73.91 73.909 73.908 73.906 73.904 73.901 73.898 73.895 73.892 73.888 73.885 73.881 73.878 73.876 73.874 73.872 73.871 73.872 73.873 73.876 73.88 73.885 73.893
73.46 73.462 73.465 73.468 73.471 73.475 73.479 73.483 73.487 73.492 73.497 73.502 73.508 73.514 73.52 73.527 73.534 73.541 73.548 73.555 73.563 73.571 73.579 73.587 73.595 73.604 73.612 73.621 73.629 73.637 73.646 73.654 73.662 73.669 73.677 73.683 73.69 73.696 73.702 73.707 73.711 73.715 73.719 73.721 73.723 73.724 73.725 73.724 73.723 73.721 73.719 73.716 73.712 73.707 73.702 73.697 73.691 73.685 73.679 73.673 73.667 73.661 73.656 73.651 73.646 73.643 73.64 73.639 73.638 73.64 73.642 73.647
73.32 73.321 73.323 73.325 73.327 73.33 73.333 73.336 73.339 73.343 73.347 73.352 73.356 73.361 73.367 73.372 73.378 73.384 73.391 73.397 73.404 73.411 73.419 73.426 73.433 73.441 73.449 73.456 73.464 73.471 73.479 73.486 73.493 73.5 73.506 73.512 73.518 73.523 73.528 73.532 73.535 73.538 73.54 73.541 73.541 73.541 73.54 73.538 73.535 73.531 73.527 73.521 73.515 73.509 73.501 73.494 73.485 73.477 73.468 73.459 73.45 73.441 73.433 73.425 73.417 73.411 73.405 73.4 73.397 73.395 73.395 73.397
73.179 73.179 73.18 73.181 73.182 73.184 73.186 73.188 73.19 73.193 73.196 73.2 73.203 73.208 73.212 73.217 73.222 73.227 73.232 73.238 73.244 73.25 73.257 73.263 73.27 73.277 73.284 73.29 73.297 73.304 73.31 73.317 73.323 73.329 73.335 73.34 73.344 73.349 73.352 73.355 73.357 73.359 73.36 73.359 73.358 73.357 73.354 73.35 73.345 73.34 73.333 73.326 73.317 73.308 73.298 73.288 73.277 73.266 73.254 73.242 73.23 73.218 73.207 73.195 73.185 73.175 73.166 73.158 73.152 73.147 73.144 73.142
73.037 73.036 73.036 73.036 73.036 73.037 73.038 73.039 73.04 73.042 73.044 73.047 73.049 73.052 73.056 73.06 73.064 73.068 73.073 73.078 73.083 73.088 73.094 73.099 73.105 73.111 73.117 73.123 73.129 73.135 73.141 73.146 73.152 73.157 73.161 73.166 73.169 73.173 73.175 73.177 73.178 73.179 73.178 73.177 73.174 73.171 73.166 73.161 73.154 73.147 73.138 73.128 73.118 73.106 73.094 73.081 73.067 73.052 73.038 73.023 73.008 72.992 72.978 72.963 72.949 72.936 72.923 72.912 72.902 72.894 72.888 72.883
72.894 72.893 72.891 72.89 72.889 72.889 72.888 72.889 72.889 72.89 72.891 72.892 72.894 72.896 72.899 72.901 72.904 72.908 72.912 72.915 72.92 72.924 72.929 72.934 72.939 72.944 72.949 72.954 72.959 72.964 72.969 72.974 72.979 72.983 72.987 72.99 72.993 72.995 72.997 72.998 72.998 72.997 72.995 72.992 72.988 72.983 72.977 72.97 72.962 72.952 72.941 72.929 72.916 72.902 72.887 72.871 72.854 72.837 72.819 72.801 72.782 72.764 72.745 72.727 72.71 72.693 72.677 72.662 72.649 72.637 72.627 72.619
72.751 72.748 72.745 72.743 72.741 72.74 72.738 72.737 72.737 72.736 72.736 72.737 72.737 72.739 72.74 72.742 72.744 72.746 72.749 72.752 72.755 72.759 72.763 72.767 72.771 72.775 72.779 72.784 72.788 72.793 72.797 72.801 72.804 72.808 72.811 72.813 72.815 72.817 72.817 72.817 72.816 72.814 72.811 72.807 72.801 72.795 72.787 72.778 72.768 72.756 72.743 72.729 72.713 72.696 72.679 72.66 72.64 72.619 72.598 72.577 72.555 72.532 72.51 72.488 72.467 72.446 72.427 72.408 72.391 72.375 72.361 72.35
72.606 72.602 72.599 72.595 72.592 72.589 72.587 72.585 72.583 72.582 72.581 72.58 72.58 72.58 72.58 72.581 72.582 72.583 72.585 72.587 72.589 72.592 72.595 72.598 72.601 72.605 72.608 72.612 72.615 72.619 72.622 72.626 72.629 72.631 72.633 72.635 72.636 72.637 72.636 72.635 72.633 72.63 72.625 72.62 72.613 72.605 72.596 72.585 72.572 72.559 72.543 72.527 72.509 72.489 72.468 72.446 72.424 72.4 72.375 72.35 72.324 72.298 72.272 72.246 72.221 72.196 72.173 72.15 72.129 72.109 72.091 72.076
72.461 72.456 72.451 72.446 72.442 72.438 72.435 72.431 72.428 72.426 72.424 72.422 72.42 72.419 72.419 72.418 72.418 72.419 72.42 72.421 72.422 72.424 72.426 72.428 72.43 72.433 72.436 72.438 72.441 72.444 72.446 72.449 72.451 72.453 72.454 72.455 72.455 72.455 72.454 72.451 72.448 72.444 72.438 72.432 72.423 72.414 72.403 72.39 72.376 72.36 72.342 72.323 72.302 72.28 72.256 72.231 72.205 72.178 72.149 72.12 72.091 72.061 72.031 72.001 71.971 71.942 71.914 71.887 71.862 71.838 71.816 71.796
72.315 72.308 72.302 72.297 72.291 72.286 72.281 72.277 72.273 72.269 72.266 72.263 72.26 72.258 72.256 72.255 72.254 72.253 72.253 72.253 72.253 72.254 72.255 72.256 72.258 72.259 72.261 72.263 72.265 72.267 72.269 72.271 72.272 72.273 72.274 72.274 72.273 72.272 72.27 72.267 72.262 72.257 72.25 72.242 72.233 72.221 72.209 72.194 72.178 72.16 72.14 72.118 72.095 72.069 72.043 72.014 71.985 71.954 71.921 71.889 71.855 71.821 71.786 71.752 71.718 71.685 71.652 71.621 71.591 71.562 71.536 71.512
72.168 72.16 72.153 72.146 72.139 72.133 72.127 72.121 72.116 72.111 72.106 72.102 72.098 72.095 72.092 72.089 72.087 72.085 72.084 72.083 72.082 72.082 72.082 72.083 72.083 72.084 72.085 72.086 72.087 72.088 72.09 72.09 72.091 72.091 72.091 72.091 72.089 72.087 72.084 72.08 72.075 72.069 72.061 72.051 72.04 72.028 72.013 71.997 71.979 71.958 71.936 71.912 71.885 71.857 71.827 71.796 71.762 71.727 71.691 71.654 71.616 71.578 71.539 71.5 71.461 71.423 71.386 71.35 71.315 71.282 71.251 71.222
72.02 72.011 72.002 71.994 71.986 71.978 71.971 71.964 71.958 71.951 71.946 71.94 71.935 71.931 71.926 71.923 71.919 71.916 71.914 71.912 71.91 71.909 71.908 71.907 71.907 71.907 71.907 71.907 71.908 71.908 71.908 71.909 71.909 71.908 71.907 71.906 71.904 71.901 71.897 71.892 71.886 71.879 71.87 71.859 71.847 71.833 71.817 71.799 71.778 71.756 71.731 71.704 71.675 71.644 71.61 71.575 71.538 71.499 71.459 71.418 71.375 71.332 71.288 71.244 71.201 71.158 71.115 71.074 71.034 70.996 70.96 70.927
71.871 71.861 71.851 71.841 71.832 71.823 71.814 71.806 71.798 71.791 71.784 71.777 71.771 71.765 71.759 71.754 71.75 71.746 71.742 71.739 71.736 71.734 71.732 71.73 71.729 71.728 71.727 71.727 71.726 71.726 71.725 71.725 71.724 71.723 71.722 71.72 71.717 71.713 71.709 71.703 71.696 71.688 71.678 71.666 71.652 71.637 71.619 71.599 71.577 71.552 71.525 71.495 71.463 71.429 71.392 71.353 71.312 71.269 71.224 71.178 71.131 71.083 71.034 70.986 70.937 70.888 70.841 70.794 70.749 70.706 70.665 70.626
71.721 71.71 71.699 71.688 71.677 71.667 71.657 71.647 71.638 71.629 71.62 71.612 71.605 71.598 71.591 71.585 71.579 71.574 71.569 71.564 71.561 71.557 71.554 71.551 71.549 71.547 71.546 71.544 71.543 71.542 71.541 71.539 71.538 71.536 71.534 71.531 71.528 71.524 71.518 71.512 71.504 71.495 71.484 71.471 71.456 71.44 71.42 71.398 71.374 71.347 71.318 71.285 71.25 71.212 71.172 71.129 71.084 71.037 70.988 70.937 70.885 70.831 70.778 70.723 70.669 70.615 70.562 70.509 70.459 70.41 70.363 70.319
71.571 71.558 71.545 71.533 71.521 71.509 71.498 71.487 71.476 71.466 71.456 71.446 71.437 71.429 71.421 71.413 71.406 71.4 71.394 71.388 71.383 71.378 71.374 71.371 71.367 71.364 71.362 71.36 71.358 71.356 71.354 71.352 71.35 71.347 71.344 71.341 71.337 71.332 71.327 71.319 71.311 71.301 71.289 71.275 71.259 71.241 71.22 71.197 71.171 71.141 71.109 71.074 71.036 70.995 70.951 70.904 70.855 70.803 70.749 70.693 70.636 70.577 70.517 70.457 70.397 70.337 70.278 70.22 70.164 70.109 70.057 70.007
71.42 71.405 71.391 71.377 71.364 71.35 71.338 71.325 71.313 71.301 71.29 71.279 71.269 71.259 71.249 71.24 71.232 71.224 71.217 71.21 71.204 71.198 71.193 71.188 71.184 71.18 71.176 71.173 71.17 71.167 71.165 71.162 71.159 71.156 71.153 71.149 71.145 71.139 71.133 71.125 71.116 71.105 71.093 71.078 71.061 71.041 71.019 70.994 70.966 70.935 70.9 70.862 70.821 70.776 70.728 70.678 70.624 70.567 70.508 70.447 70.384 70.32 70.254 70.188 70.122 70.056 69.99 69.926 69.863 69.802 69.744 69.688
71.267 71.252 71.236 71.221 71.206 71.191 71.176 71.162 71.149 71.135 71.123 71.11 71.098 71.087 71.076 71.066 71.056 71.047 71.038 71.03 71.022 71.015 71.009 71.003 70.998 70.993 70.988 70.984 70.98 70.977 70.973 70.97 70.967 70.963 70.959 70.955 70.95 70.944 70.937 70.929 70.92 70.908 70.895 70.879 70.861 70.841 70.817 70.79 70.76 70.727 70.69 70.649 70.605 70.556 70.505 70.45 70.391 70.33 70.265 70.199 70.13 70.059 69.988 69.915 69.842 69.77 69.698 69.627 69.558 69.49 69.426 69.364
71.115 71.097 71.08 71.063 71.046 71.03 71.014 70.999 70.983 70.969 70.954 70.94 70.927 70.914 70.901 70.89 70.878 70.868 70.858 70.848 70.839 70.831 70.823 70.816 70.809 70.803 70.798 70.793 70.788 70.784 70.78 70.776 70.772 70.768 70.763 70.759 70.753 70.747 70.74 70.731 70.721 70.709 70.695 70.679 70.66 70.639 70.614 70.586 70.554 70.518 70.479 70.435 70.387 70.336 70.28 70.22 70.157 70.09 70.021 69.948 69.873 69.796 69.718 69.639 69.559 69.479 69.4 69.323 69.246 69.172 69.101 69.032
70.961 70.942 70.923 70.905 70.886 70.868 70.851 70.834 70.817 70.8 70.784 70.769 70.754 70.739 70.725 70.712 70.699 70.687 70.675 70.664 70.654 70.644 70.635 70.627 70.619 70.612 70.605 70.599 70.594 70.588 70.584 70.579 70.574 70.57 70.565 70.56 70.554 70.548 70.54 70.531 70.521 70.509 70.494 70.478 70.458 70.436 70.41 70.38 70.347 70.309 70.267 70.221 70.17 70.114 70.054 69.99 69.922 69.85 69.774 69.695 69.614 69.53 69.445 69.358 69.271 69.185 69.098 69.013 68.93 68.849 68.77 68.695
