raw_data/humedad_relativa/hora9/rh9jun.txt
ncols         501
nrows         361
xllcorner     109.95
yllcorner     -45.05
cellsize      0.1
NODATA_value  -9999
[rows 192 to 223 of 361, columns 216 to 287 of 501]
68.966 68.984 68.715 68.94 69.209 68.9 69.181 69.163 69.211 69.038 68.946 69.046 69.104 68.92 68.907 68.767 68.887 68.863 68.715 68.53 68.611 68.656 68.589 68.555 68.599 68.564 68.458 68.388 68.054 67.836 67.683 67.567 67.527 67.243 67.081 66.946 66.809 66.657 66.597 66.56 66.439 66.479 66.548 66.577 66.418 66.302 66.199 66.124 66.117 66.126 66.045 66.016 65.985 65.935 65.856 65.846 65.838 65.828 65.821 65.809 65.803 65.839 65.911 65.908 65.883 65.807 65.806 65.794 65.795 65.81 65.918 65.908
68.901 68.878 68.925 69.356 69.432 69.163 69.28 69.189 69.242 69.167 69.215 69.228 69.275 69.242 69.271 69.272 69.005 68.966 68.923 68.831 68.845 68.809 68.812 68.8 68.852 68.902 68.861 68.798 68.53 68.179 67.99 67.786 67.682 67.531 67.358 67.258 67.125 67.085 67.029 66.889 66.824 66.877 66.953 66.998 66.891 66.715 66.525 66.442 66.372 66.311 66.277 66.244 66.193 66.163 66.083 66.059 66.032 66.01 65.988 65.987 65.991 65.978 66.034 66.005 66.051 65.856 65.988 65.895 65.925 65.907 65.937 66.07
69.035 68.991 69.414 69.353 69.145 69.164 69.14 69.159 69.274 69.406 69.421 69.511 69.608 69.566 69.494 69.462 69.346 69.32 69.224 69.143 68.998 68.984 69.023 69.028 69.094 69.19 69.118 68.906 68.785 68.497 68.335 68.274 68.104 67.809 67.751 67.651 67.588 67.461 67.377 67.345 67.152 67.225 67.436 67.409 67.691 67.029 66.912 66.815 66.712 66.626 66.662 66.46 66.431 66.368 66.314 66.302 66.262 66.229 66.18 66.138 66.165 66.135 66.161 66.216 66.271 66.093 66.087 66.068 66.066 66.053 66.127 66.121
69.192 69.465 69.385 69.239 69.266 69.318 69.437 69.68 69.752 69.705 69.842 69.916 69.792 69.775 69.675 69.666 69.634 69.577 69.489 69.42 69.27 69.346 69.285 69.343 69.412 69.444 69.389 69.324 69.091 68.941 68.814 68.545 68.443 68.277 68.303 68.136 68.005 67.921 67.741 67.627 67.538 67.661 67.824 67.923 68.353 68.2 67.32 67.127 67.034 67.365 66.882 66.812 66.71 66.582 66.513 66.487 66.451 66.437 66.358 66.323 66.348 66.386 66.3 66.296 66.441 66.32 66.264 66.277 66.251 66.202 66.201 66.17
69.431 69.434 69.473 69.495 69.538 69.737 69.718 69.895 70.148 70.14 70.066 69.978 69.917 69.893 69.878 69.878 69.814 69.831 69.753 69.663 69.553 69.586 69.665 69.693 69.649 69.648 69.74 69.762 69.413 69.267 69.013 68.877 68.741 68.588 68.613 68.484 68.514 68.318 68.173 68.104 67.94 67.983 68.134 68.272 68.348 68.016 67.642 67.537 67.487 67.327 67.268 67.109 66.948 66.827 66.755 66.709 66.68 66.622 66.633 66.526 66.56 66.564 66.547 66.529 66.478 66.472 66.395 66.43 66.498 66.371 66.326 66.271
69.605 69.633 69.766 69.719 69.853 70.125 70.174 70.197 70.309 70.324 70.29 70.126 70.12 70.025 70.1 70.177 70.109 70.01 69.949 69.862 69.906 69.9 69.927 69.933 69.917 69.881 69.889 69.897 69.925 69.796 69.447 69.259 69.02 68.895 68.777 68.688 68.657 68.541 68.451 68.505 68.385 68.337 68.442 68.48 68.436 68.565 68.172 67.996 67.91 67.675 67.537 67.436 67.343 67.083 66.996 66.941 66.893 66.898 66.832 66.75 66.753 66.722 66.689 66.748 66.812 66.648 66.678 66.583 66.532 66.496 66.5 66.526
69.991 70.012 69.921 70.063 70.064 70.151 70.219 70.395 70.525 70.519 70.441 70.392 70.387 70.399 70.297 70.267 70.317 70.355 70.291 70.124 70.198 70.171 70.251 70.165 70.077 70.141 70.194 70.156 70.132 70.108 70.038 69.652 69.411 69.226 69.141 69.032 68.927 68.826 68.751 68.704 68.75 68.688 68.728 68.846 68.6 68.571 68.442 68.273 68.123 67.966 67.833 67.71 67.446 67.324 67.25 67.197 67.178 67.073 67.029 66.955 66.949 66.914 66.933 66.866 67.049 66.878 66.837 66.839 66.737 66.758 66.825 67.054
70.204 70.105 70.142 70.303 70.266 70.317 70.499 70.645 70.724 70.652 70.673 70.662 70.64 70.622 70.585 70.636 70.546 70.602 70.455 70.55 70.501 70.469 70.494 70.637 70.546 70.543 70.381 70.406 70.343 70.408 70.369 70.046 69.819 69.679 69.51 69.408 69.305 69.269 69.143 69.037 69.019 69.072 68.99 68.971 68.798 68.662 68.578 68.455 68.387 68.275 68.091 67.98 67.926 67.698 67.558 67.465 67.418 67.322 67.324 67.206 67.153 67.113 67.125 67.143 67.117 67.112 67.079 67.05 67.19 67.084 67.105 67.295
70.422 70.466 70.427 70.528 70.552 70.696 70.862 70.913 70.927 70.805 70.925 70.895 70.906 70.932 70.853 70.892 70.819 70.756 70.839 70.855 70.758 70.8 70.745 70.782 70.784 70.631 70.639 70.64 70.639 70.551 70.593 70.539 70.431 70.112 69.963 69.826 69.702 69.625 69.519 69.461 69.367 69.359 69.297 69.224 69.131 69.145 68.875 68.687 68.575 68.707 68.395 68.241 68.224 68.064 67.859 67.797 67.859 67.714 67.683 67.533 67.444 67.349 67.393 67.369 67.451 67.257 67.328 67.328 67.295 67.367 67.437 67.264
70.334 70.365 70.594 70.719 70.778 70.895 71.083 71.137 71.133 71.092 71.195 71.278 71.247 71.196 71.196 71.164 71.151 71.058 71.056 71.064 71.151 71.135 71.07 71.09 70.97 70.914 70.936 70.924 70.914 70.846 70.935 70.978 70.713 70.755 70.461 70.29 70.144 69.995 69.916 69.831 69.794 69.81 69.716 69.602 69.434 69.312 69.176 68.998 68.867 68.769 68.67 68.55 68.468 68.417 68.345 68.187 68.118 67.945 67.937 67.902 67.684 67.71 67.647 67.587 67.48 67.485 67.511 67.547 67.556 67.739 67.651 67.512
70.747 70.868 70.733 70.948 71.021 71.271 71.342 71.394 71.441 71.431 71.491 71.506 71.529 71.464 71.453 71.453 71.404 71.373 71.501 71.486 71.472 71.561 71.473 71.446 71.406 71.276 71.236 71.187 71.199 71.117 71.136 71.195 71.011 71.117 71.046 70.665 70.542 70.447 70.287 70.264 70.221 70.16 69.983 69.896 69.746 69.593 69.448 69.271 69.231 69.091 69.094 68.824 68.721 68.587 68.544 68.406 68.272 68.179 68.183 68.03 67.957 67.905 67.906 67.844 67.858 67.814 67.764 67.811 67.868 67.973 67.974 67.854
71.115 71.22 71.079 71.192 71.216 71.404 71.389 71.614 71.69 71.723 71.779 71.598 71.795 71.802 71.814 71.71 71.801 71.994 71.955 71.921 71.875 71.796 71.775 71.76 71.74 71.652 71.589 71.535 71.438 71.408 71.369 71.344 71.332 71.4 71.311 71.033 70.926 70.828 70.819 70.695 70.603 70.5 70.435 70.248 70.184 69.963 69.852 69.696 69.524 69.343 69.288 69.075 68.959 68.861 68.742 68.614 68.508 68.431 68.36 68.27 68.205 68.148 68.139 68.186 68.126 68.145 68.037 68.037 68.062 68.078 68.197 68.136
71.167 71.197 71.36 71.392 71.524 71.574 71.642 71.8 71.977 72.025 72.006 72.167 71.837 72.073 72.086 71.992 72.175 72.262 72.414 72.316 72.144 72.106 72.062 72.03 71.99 71.916 71.899 71.853 71.766 71.834 71.739 71.719 71.695 71.761 71.793 71.477 71.373 71.267 71.19 71.136 71.011 70.936 70.82 70.758 70.437 70.414 70.536 70.107 69.928 69.678 69.511 69.385 69.24 69.114 69.02 68.899 68.776 68.7 68.602 68.589 68.549 68.445 68.432 68.494 68.404 68.459 68.327 68.32 68.3 68.494 68.428 68.555
71.336 71.456 71.565 71.706 71.848 71.845 71.967 72.118 72.213 72.308 72.395 72.278 72.141 72.34 72.362 72.353 72.626 72.728 72.539 72.556 72.542 72.45 72.39 72.412 72.448 72.384 72.249 72.294 72.153 72.179 72.081 72.015 72.016 72.077 72.033 71.927 71.823 71.699 71.614 71.552 71.514 71.506 71.365 71.072 70.808 70.677 70.471 70.377 70.129 70.076 70.576 69.734 69.519 69.384 69.263 69.174 69.076 68.979 68.94 68.972 68.932 68.869 68.8 68.82 68.634 68.611 68.608 68.585 68.585 68.746 68.729 68.75
71.628 71.699 71.784 71.873 72.188 72.245 72.309 72.325 72.46 72.386 72.535 72.366 72.516 72.527 72.59 72.71 72.804 72.67 72.718 72.918 72.892 72.71 72.832 72.747 72.759 72.712 72.651 72.597 72.593 72.549 72.437 72.376 72.401 72.348 72.425 72.38 72.487 72.292 72.164 72.157 71.98 71.857 71.726 71.437 71.371 71.126 70.922 70.653 70.515 70.634 70.746 70.353 69.944 69.809 69.659 69.492 69.508 69.311 69.178 69.154 69.212 69.271 69.116 69.096 69.08 68.871 68.933 68.882 68.881 68.99 69.081 69.217
71.856 71.967 72.076 72.15 72.383 72.422 72.829 72.875 72.499 72.62 72.798 72.904 72.839 73.005 72.987 73.144 73.074 73.178 73.225 73.115 73.092 73.218 73.259 73.136 73.103 73.111 73.104 73.046 73.058 72.995 72.935 72.835 72.74 72.712 72.665 72.806 72.992 72.874 72.772 72.597 72.431 72.324 72.197 71.861 71.754 71.639 71.192 71.051 70.996 70.986 70.868 70.739 70.767 70.185 69.975 69.848 69.85 69.702 69.567 69.703 69.891 69.579 69.479 69.509 69.364 69.197 69.235 69.316 69.216 69.324 69.419 69.428
72.072 72.237 72.331 72.424 72.666 72.647 72.698 73.143 73.191 73.193 73.107 73.209 73.29 73.24 73.433 73.593 73.636 73.634 73.64 73.652 73.652 73.66 73.574 73.589 73.608 73.633 73.587 73.492 73.428 73.351 73.223 73.262 73.179 73.077 73.081 73.226 73.085 73.147 73.159 73.046 72.768 72.653 72.481 72.372 72.128 71.862 71.694 71.471 71.51 71.348 71.101 70.91 70.7 70.597 70.48 70.241 70.238 70.059 70.408 69.958 70.182 70.064 70.139 69.944 69.941 69.565 69.45 69.457 69.457 69.513 69.55 69.628
72.333 72.444 72.58 72.742 73.053 73.007 72.928 73.138 73.655 73.489 73.615 73.537 73.531 73.53 73.678 73.838 73.885 73.872 73.933 74.033 74.101 74.043 74.021 74.08 74.056 74.159 74.044 73.888 73.839 73.743 73.64 73.687 73.606 73.479 73.463 73.575 73.473 73.504 73.438 73.244 72.938 72.798 72.627 72.541 72.453 72.294 72.079 71.879 71.811 71.744 71.53 71.372 71.186 71.328 71.172 70.688 70.75 70.55 70.355 70.499 70.439 70.869 70.691 70.363 70.741 69.99 69.79 69.765 69.869 69.865 69.89 69.996
72.739 72.782 72.942 73.262 73.328 73.313 73.213 73.404 73.75 74.007 74.021 73.883 73.932 74.03 74.113 74.185 74.136 74.105 74.134 74.287 74.358 74.452 74.608 74.542 74.433 74.548 74.401 74.227 74.16 74.146 74.086 74.017 73.983 74.403 73.84 73.767 73.77 73.834 73.672 73.575 73.513 73.285 73.017 72.9 72.701 72.608 72.505 72.286 72.128 72.124 71.947 71.866 71.806 71.624 71.421 71.189 71.096 70.915 70.81 70.653 70.674 71.034 70.907 70.853 71.027 70.655 70.302 70.073 70.119 70.32 70.318 70.476
73.18 72.988 73.354 73.518 73.51 73.398 73.466 73.615 73.839 74.298 74.302 74.182 74.098 74.346 74.416 74.335 74.434 74.622 74.721 74.798 74.72 74.823 74.893 74.938 74.796 74.735 74.751 74.737 74.599 74.511 74.459 74.447 74.369 74.395 74.297 74.251 74.179 74.167 74.049 73.869 73.875 73.744 73.59 73.264 73.086 72.934 72.795 72.536 72.587 72.396 72.32 72.174 72.098 71.751 71.722 71.501 71.23 71.087 70.986 70.867 70.948 70.856 70.833 70.926 71.081 70.83 70.487 70.462 70.456 70.606 70.734 71.116
73.767 73.625 73.625 73.665 73.648 73.726 73.909 74.054 74.195 74.479 74.649 74.64 74.602 74.522 74.695 74.852 74.995 75.048 75.038 75.077 75.158 75.281 75.266 75.322 75.351 75.256 75.095 74.972 75.02 75.008 74.915 74.857 74.834 74.766 74.66 74.634 74.638 74.52 74.351 74.256 74.132 74.056 74.073 73.774 73.527 73.293 73.109 72.897 72.946 72.728 72.582 72.548 72.41 72.09 72.043 71.688 71.37 71.298 71.194 71.259 71.162 71.122 71.145 71.184 71.372 70.944 70.901 70.814 70.868 71.243 71.309 71.355
73.252 73.415 73.939 74.276 74.251 74.076 74.247 74.318 74.493 74.704 74.924 75.058 74.993 74.847 74.956 75.046 75.234 75.407 75.342 75.52 75.567 75.506 75.464 75.611 75.686 75.651 75.573 75.379 75.317 75.528 75.306 75.284 75.191 75.127 75.113 75.05 74.945 74.9 74.826 74.771 74.532 74.38 74.455 74.195 73.856 73.673 73.528 73.385 73.238 73.137 73.039 72.86 72.725 72.343 72.181 71.968 71.802 71.62 71.482 71.499 71.505 71.436 71.38 71.355 71.409 71.546 71.236 71.165 71.298 71.381 71.735 72.204
73.466 73.483 73.638 74.124 74.661 74.527 74.451 74.655 74.775 75.001 75.207 75.272 75.346 75.475 75.328 75.511 75.644 75.853 75.629 75.701 75.672 75.663 75.832 75.994 75.913 75.953 75.814 75.9 75.739 75.636 75.552 75.618 75.602 75.416 75.495 75.34 75.297 75.197 75.073 74.999 74.827 74.76 74.636 74.429 74.351 74.023 73.978 73.655 73.462 73.516 73.307 73.098 72.984 72.845 72.682 72.442 72.167 71.984 71.828 71.737 71.73 71.656 71.608 71.528 71.517 71.479 72.244 71.577 71.742 72.248 72.16 72.799
73.622 73.744 73.944 74.18 74.293 74.767 75.078 74.85 75.067 75.309 75.318 75.574 75.629 75.626 75.882 76.009 76.131 76.036 76.041 76.115 75.965 75.926 76.185 76.257 76.151 76.168 76.209 76.058 76.047 75.966 75.998 75.883 75.971 75.76 75.765 75.632 75.638 75.49 75.532 75.263 75.207 75.194 75.015 74.943 74.712 74.568 74.241 74.185 74.022 73.981 73.729 73.572 73.289 73.259 73.143 73.019 72.835 72.522 72.2 72.096 72 71.906 71.868 71.768 71.78 71.745 71.761 73.741 72.123 72.782 73.491 74.08
73.845 74.006 74.191 74.423 74.489 74.724 75.158 75.293 75.305 75.697 75.572 75.725 75.974 76.245 76.316 76.429 76.497 76.538 76.64 76.484 76.33 76.256 76.52 76.585 76.395 76.56 76.614 76.358 76.376 76.448 76.243 76.31 76.161 76.19 76.136 75.966 75.877 75.804 75.805 75.64 75.549 75.557 75.384 75.305 75.209 74.941 74.683 74.623 74.444 74.232 74.115 73.901 73.74 73.678 73.498 73.355 73.352 72.807 72.592 72.477 72.378 72.265 72.154 72.07 72.023 71.991 72.061 72.729 72.586 72.963 73.625 75.352
74.085 74.269 74.5 74.595 74.703 74.943 75.446 75.818 75.755 75.686 75.897 76.263 76.461 76.667 76.614 76.585 76.653 76.83 76.873 76.763 76.611 76.773 77.064 76.993 76.873 76.781 76.935 76.7 76.845 76.781 76.735 77.028 76.689 76.578 76.445 76.211 76.165 76.128 76.044 76.054 75.892 75.863 75.827 75.682 75.53 75.39 75.078 74.916 74.858 74.67 74.435 74.339 74.213 74.125 73.942 73.694 73.44 73.26 73.378 72.889 72.765 72.657 72.554 72.435 72.403 72.409 72.475 73.5 73.089 73.935 74.034 75.153
74.366 74.507 74.686 74.781 74.953 75.146 75.499 75.936 75.874 76.014 76.337 76.542 76.563 76.826 76.813 76.87 76.967 77.121 77.083 76.978 77.097 77.198 77.318 77.387 77.318 77.234 77.086 77.127 77.04 77.057 77.141 77.146 76.961 76.88 76.725 76.909 76.823 76.638 76.45 76.403 76.375 76.231 76.064 75.907 75.812 75.692 75.523 75.431 75.368 75.079 74.951 74.836 74.775 74.382 74.285 74.232 74.138 73.846 73.955 73.365 73.263 73.071 72.97 72.862 72.806 72.949 73.025 73.234 73.599 74.014 75.25 76.272
74.598 74.728 74.887 75.053 75.206 75.436 75.928 76.281 76.279 76.505 76.559 76.643 76.738 77.067 77.3 77.161 77.39 77.478 77.427 77.483 77.397 77.487 77.554 77.607 78.437 77.435 77.498 77.645 77.455 77.695 77.537 77.633 77.582 77.399 77.132 77.129 77.079 77.041 76.85 76.725 76.78 76.575 76.486 76.359 76.176 76.036 76.139 76.005 75.779 75.662 75.406 75.313 75.042 74.974 74.89 74.768 74.526 74.553 74.236 73.936 73.652 73.531 73.371 73.271 73.206 73.313 73.502 73.58 73.918 75.664 76.765 77.645
74.877 74.991 75.179 75.302 75.497 75.721 75.862 76.517 76.629 76.757 76.661 76.814 77.029 77.141 77.288 77.575 77.745 77.651 77.814 77.901 77.96 77.882 77.963 77.986 78.07 77.981 78.199 77.96 77.831 77.997 77.872 77.924 78.224 77.843 77.596 77.532 77.392 77.368 77.246 77.255 77.199 77.057 77.014 76.934 76.697 76.591 76.388 76.299 76.331 76.141 76.022 75.749 75.662 75.486 75.378 75.252 75.3 74.904 74.549 74.899 74.254 73.955 73.862 73.763 73.688 73.677 73.9 73.941 74.423 76.136 76.596 78.426
75.106 75.238 75.363 75.594 75.719 75.945 76.127 76.329 76.619 76.947 76.853 77.274 77.387 77.509 77.616 77.693 77.847 77.937 78.187 78.185 78.378 78.408 78.538 78.492 78.397 78.601 78.67 78.328 78.184 78.205 78.334 78.271 78.339 78.299 78.097 77.965 77.765 77.715 77.6 77.489 77.454 77.392 77.408 77.232 77.172 77.015 76.748 76.511 76.581 76.258 76.444 76.391 76.214 76.016 75.981 75.659 75.536 75.463 75.121 74.696 74.546 74.456 74.307 74.23 74.119 74.109 74.208 74.354 74.533 75.852 77.165 77.536
75.369 75.457 75.609 75.772 75.966 76.209 76.369 76.472 76.716 76.856 77.126 77.717 77.746 77.856 77.898 78.067 78.253 78.335 78.448 78.609 78.999 78.787 78.896 78.776 78.893 78.918 78.747 78.609 78.726 78.836 78.821 78.824 78.845 78.693 78.421 78.267 78.199 78.172 77.955 77.831 77.73 77.795 77.738 77.474 77.553 77.312 77.255 77.016 76.82 76.673 76.885 76.951 76.566 76.568 76.36 76.64 75.652 75.949 75.83 75.304 74.971 74.849 74.768 74.691 74.585 74.571 74.659 74.813 74.946 75.911 77.35 78.453
75.577 75.696 75.89 76.095 76.207 76.358 76.584 76.749 76.87 77.023 77.211 77.728 78.055 78.225 78.304 78.418 78.569 78.769 78.782 78.904 79.033 79.052 79.094 78.999 79.205 79.239 79.258 79.172 78.978 79.049 79.176 79.249 78.986 78.867 78.821 78.576 78.6 78.533 78.455 78.236 78.083 77.999 77.901 77.798 77.704 77.636 77.539 77.443 77.267 76.95 77.75 77.181 77.166 76.986 77.06 76.354 76.081 76.187 76.119 76.414 75.846 75.321 75.23 75.157 75.062 75.003 75.065 75.222 75.467 75.938 77.38 77.891
