raw_data/humedad_relativa/hora9/rh9jun.txt
ncols         501
nrows         361
xllcorner     109.95
yllcorner     -45.05
cellsize      0.1
NODATA_value  -9999
[rows 256 to 287 of 361, columns 72 to 143 of 501]
87.318 87.333 87.062 86.743 86.973 86.815 86.25 85.779 85.359 85.5 85.295 85.09 84.888 84.762 84.168 84.057 83.479 83.326 83.17 83.012 82.851 82.688 82.522 82.355 82.187 82.016 81.845 81.673 81.5 81.327 81.154 80.98 80.808 80.635 80.464 80.293 80.124 79.957 79.791 79.628 79.467 79.309 79.154 79.004 78.858 78.716 78.579 78.448 78.321 78.2 78.084 77.973 77.866 77.763 77.665 77.57 77.479 77.391 77.306 77.225 77.147 77.072 77 76.931 76.864 76.801 76.74 76.682 76.628 76.575 76.526 76.48
87.185 87.309 87.131 86.647 86.226 86.086 85.864 87.464 85.625 85.233 85.143 84.907 85.294 84.663 83.835 83.691 83.544 83.394 83.242 83.087 82.93 82.77 82.609 82.446 82.281 82.114 81.947 81.779 81.61 81.441 81.271 81.102 80.933 80.765 80.597 80.431 80.266 80.102 79.94 79.781 79.624 79.47 79.319 79.172 79.029 78.89 78.756 78.627 78.502 78.382 78.267 78.157 78.05 77.948 77.85 77.755 77.665 77.577 77.493 77.412 77.334 77.259 77.188 77.119 77.053 76.99 76.929 76.872 76.817 76.765 76.716 76.67
86.975 87.177 86.425 86.036 86.074 85.873 85.575 85.219 85.129 85.473 85.121 84.713 84.234 84.03 83.892 83.752 83.608 83.462 83.313 83.162 83.008 82.852 82.694 82.535 82.373 82.211 82.047 81.883 81.718 81.553 81.387 81.222 81.057 80.892 80.729 80.566 80.405 80.245 80.087 79.932 79.778 79.628 79.481 79.337 79.197 79.061 78.93 78.802 78.68 78.561 78.447 78.337 78.232 78.13 78.033 77.939 77.848 77.761 77.677 77.597 77.519 77.445 77.373 77.305 77.239 77.176 77.116 77.059 77.005 76.953 76.904 76.858
86.765 86.439 86.161 85.695 85.771 85.607 85.288 85.479 84.79 85.056 84.851 84.344 84.813 84.084 83.949 83.812 83.672 83.529 83.383 83.235 83.085 82.932 82.778 82.622 82.465 82.306 82.146 81.985 81.824 81.663 81.501 81.34 81.178 81.018 80.858 80.699 80.542 80.386 80.232 80.08 79.93 79.783 79.64 79.499 79.362 79.229 79.1 78.974 78.853 78.737 78.624 78.515 78.411 78.31 78.213 78.119 78.029 77.943 77.859 77.779 77.702 77.628 77.557 77.488 77.423 77.361 77.301 77.244 77.19 77.138 77.09 77.044
86.216 86.235 85.876 85.666 85.497 85.221 85.191 85.222 85.088 84.636 84.629 84.393 84.267 84.138 84.007 83.872 83.735 83.595 83.452 83.308 83.161 83.012 82.861 82.708 82.554 82.399 82.243 82.086 81.929 81.771 81.613 81.455 81.298 81.141 80.985 80.83 80.676 80.524 80.374 80.225 80.079 79.936 79.795 79.658 79.524 79.393 79.266 79.143 79.024 78.909 78.797 78.69 78.586 78.486 78.39 78.297 78.208 78.122 78.039 77.959 77.882 77.808 77.738 77.67 77.605 77.543 77.483 77.426 77.373 77.321 77.273 77.227
86.138 85.967 85.788 85.606 85.678 85.241 85.076 84.934 85.735 84.687 84.566 84.444 84.32 84.194 84.064 83.932 83.798 83.661 83.521 83.379 83.236 83.09 82.942 82.793 82.643 82.491 82.339 82.186 82.032 81.878 81.724 81.569 81.416 81.263 81.11 80.959 80.809 80.66 80.513 80.368 80.226 80.086 79.948 79.814 79.682 79.554 79.43 79.309 79.191 79.078 78.968 78.862 78.759 78.66 78.564 78.472 78.384 78.298 78.216 78.136 78.06 77.987 77.916 77.849 77.784 77.722 77.663 77.607 77.553 77.502 77.454 77.408
86.127 85.967 85.8 85.63 85.459 85.293 85.137 84.996 84.866 84.742 84.62 84.498 84.375 84.25 84.122 83.992 83.86 83.726 83.589 83.45 83.31 83.167 83.023 82.877 82.73 82.582 82.433 82.283 82.133 81.983 81.832 81.681 81.531 81.382 81.233 81.085 80.939 80.793 80.65 80.509 80.369 80.232 80.098 79.966 79.837 79.712 79.59 79.471 79.355 79.243 79.135 79.03 78.929 78.831 78.736 78.645 78.557 78.472 78.39 78.311 78.235 78.162 78.093 78.025 77.961 77.9 77.841 77.785 77.731 77.681 77.633 77.587
86.112 85.964 85.81 85.652 85.494 85.34 85.192 85.053 84.923 84.797 84.674 84.552 84.43 84.306 84.18 84.052 83.922 83.79 83.656 83.52 83.382 83.243 83.102 82.959 82.816 82.671 82.525 82.379 82.233 82.086 81.938 81.792 81.645 81.499 81.354 81.209 81.066 80.924 80.784 80.646 80.51 80.376 80.244 80.116 79.99 79.867 79.747 79.63 79.516 79.406 79.299 79.196 79.095 78.998 78.905 78.814 78.727 78.643 78.562 78.483 78.408 78.336 78.266 78.2 78.136 78.074 78.016 77.96 77.907 77.857 77.809 77.764
86.094 85.958 85.816 85.671 85.524 85.38 85.24 85.105 84.976 84.851 84.728 84.606 84.484 84.361 84.237 84.111 83.983 83.854 83.722 83.589 83.454 83.318 83.18 83.041 82.9 82.759 82.616 82.474 82.33 82.187 82.043 81.9 81.757 81.614 81.472 81.331 81.191 81.053 80.916 80.781 80.648 80.517 80.388 80.262 80.139 80.018 79.9 79.785 79.674 79.565 79.46 79.358 79.259 79.163 79.071 78.981 78.895 78.811 78.731 78.653 78.578 78.506 78.437 78.371 78.308 78.247 78.189 78.133 78.081 78.03 77.983 77.938
86.074 85.95 85.819 85.685 85.549 85.414 85.281 85.151 85.024 84.901 84.779 84.658 84.537 84.416 84.293 84.169 84.044 83.917 83.788 83.657 83.525 83.391 83.256 83.12 82.983 82.845 82.706 82.566 82.426 82.286 82.146 82.006 81.866 81.727 81.588 81.451 81.314 81.179 81.045 80.913 80.783 80.655 80.529 80.406 80.285 80.166 80.051 79.938 79.828 79.722 79.618 79.517 79.42 79.325 79.233 79.145 79.059 78.977 78.897 78.82 78.746 78.675 78.606 78.54 78.477 78.417 78.359 78.304 78.252 78.202 78.154 78.11
86.052 85.939 85.819 85.695 85.569 85.442 85.316 85.191 85.068 84.947 84.828 84.708 84.589 84.469 84.348 84.226 84.103 83.978 83.852 83.724 83.594 83.464 83.332 83.199 83.064 82.929 82.794 82.657 82.521 82.384 82.247 82.11 81.974 81.838 81.702 81.568 81.435 81.303 81.172 81.043 80.916 80.79 80.667 80.546 80.428 80.312 80.198 80.088 79.98 79.875 79.773 79.674 79.577 79.484 79.393 79.306 79.221 79.139 79.061 78.984 78.911 78.84 78.772 78.707 78.644 78.584 78.527 78.472 78.42 78.371 78.324 78.279
86.029 85.927 85.817 85.702 85.585 85.465 85.346 85.226 85.108 84.99 84.873 84.756 84.638 84.521 84.402 84.282 84.161 84.038 83.914 83.789 83.663 83.535 83.406 83.275 83.144 83.012 82.88 82.747 82.613 82.48 82.346 82.212 82.079 81.946 81.814 81.683 81.553 81.424 81.296 81.17 81.046 80.923 80.803 80.684 80.568 80.454 80.343 80.235 80.129 80.025 79.925 79.827 79.732 79.64 79.551 79.464 79.381 79.3 79.221 79.146 79.073 79.003 78.936 78.871 78.809 78.75 78.693 78.638 78.586 78.537 78.49 78.446
86.007 85.913 85.812 85.706 85.597 85.485 85.371 85.257 85.143 85.029 84.915 84.801 84.686 84.57 84.454 84.336 84.217 84.097 83.976 83.853 83.729 83.604 83.478 83.351 83.223 83.094 82.964 82.834 82.704 82.573 82.443 82.313 82.182 82.053 81.924 81.796 81.669 81.543 81.418 81.295 81.173 81.053 80.935 80.819 80.706 80.594 80.485 80.378 80.274 80.173 80.074 79.978 79.884 79.793 79.705 79.62 79.537 79.457 79.38 79.305 79.233 79.164 79.097 79.033 78.971 78.912 78.856 78.802 78.75 78.701 78.655 78.611
85.984 85.898 85.806 85.708 85.606 85.501 85.393 85.285 85.175 85.065 84.954 84.843 84.73 84.617 84.503 84.388 84.272 84.155 84.036 83.916 83.795 83.672 83.549 83.425 83.3 83.174 83.047 82.92 82.793 82.666 82.538 82.411 82.284 82.157 82.031 81.906 81.782 81.659 81.537 81.417 81.298 81.181 81.065 80.952 80.84 80.731 80.624 80.519 80.417 80.317 80.22 80.125 80.033 79.944 79.857 79.772 79.691 79.612 79.535 79.462 79.39 79.322 79.255 79.192 79.131 79.072 79.016 78.963 78.911 78.863 78.817 78.773
85.961 85.883 85.798 85.708 85.612 85.514 85.412 85.309 85.204 85.098 84.99 84.882 84.773 84.663 84.551 84.439 84.325 84.21 84.094 83.977 83.859 83.739 83.619 83.497 83.375 83.252 83.129 83.005 82.88 82.756 82.632 82.507 82.383 82.26 82.137 82.015 81.893 81.773 81.654 81.536 81.42 81.305 81.192 81.081 80.972 80.865 80.76 80.657 80.557 80.459 80.363 80.27 80.179 80.091 80.006 79.922 79.842 79.764 79.688 79.615 79.545 79.477 79.411 79.348 79.288 79.23 79.174 79.121 79.07 79.022 78.976 78.933
85.94 85.868 85.79 85.706 85.617 85.524 85.429 85.33 85.23 85.128 85.024 84.919 84.813 84.706 84.597 84.488 84.377 84.265 84.151 84.037 83.921 83.804 83.687 83.568 83.449 83.329 83.208 83.087 82.966 82.845 82.723 82.602 82.481 82.36 82.24 82.121 82.002 81.885 81.769 81.653 81.54 81.428 81.317 81.208 81.101 80.996 80.894 80.793 80.694 80.598 80.504 80.412 80.323 80.236 80.152 80.07 79.99 79.913 79.839 79.767 79.697 79.63 79.565 79.502 79.443 79.385 79.33 79.277 79.227 79.179 79.133 79.09
85.919 85.854 85.782 85.704 85.621 85.533 85.443 85.349 85.253 85.155 85.055 84.954 84.851 84.747 84.642 84.535 84.427 84.317 84.207 84.095 83.982 83.868 83.753 83.638 83.521 83.404 83.286 83.168 83.05 82.931 82.813 82.695 82.576 82.459 82.341 82.225 82.109 81.994 81.881 81.768 81.657 81.547 81.439 81.333 81.228 81.125 81.024 80.925 80.829 80.734 80.642 80.552 80.464 80.378 80.295 80.214 80.136 80.06 79.986 79.915 79.846 79.78 79.716 79.654 79.595 79.538 79.483 79.431 79.381 79.333 79.288 79.245
85.899 85.84 85.773 85.701 85.623 85.541 85.455 85.366 85.275 85.181 85.085 84.987 84.887 84.786 84.684 84.58 84.475 84.368 84.26 84.151 84.041 83.93 83.818 83.705 83.592 83.478 83.363 83.248 83.132 83.017 82.901 82.785 82.67 82.555 82.441 82.327 82.214 82.102 81.991 81.881 81.772 81.665 81.559 81.455 81.352 81.251 81.153 81.056 80.961 80.868 80.777 80.688 80.602 80.518 80.436 80.356 80.279 80.204 80.132 80.061 79.993 79.928 79.864 79.803 79.744 79.688 79.634 79.582 79.533 79.485 79.44 79.398
85.881 85.826 85.765 85.697 85.625 85.548 85.466 85.382 85.295 85.205 85.112 85.018 84.922 84.824 84.725 84.624 84.521 84.418 84.313 84.207 84.099 83.991 83.882 83.772 83.661 83.55 83.438 83.325 83.213 83.1 82.987 82.874 82.762 82.65 82.538 82.427 82.316 82.207 82.098 81.991 81.885 81.78 81.676 81.574 81.474 81.375 81.278 81.183 81.09 80.999 80.91 80.823 80.738 80.655 80.574 80.496 80.42 80.346 80.274 80.205 80.138 80.073 80.01 79.95 79.892 79.836 79.782 79.731 79.682 79.635 79.59 79.548
85.865 85.814 85.757 85.694 85.626 85.553 85.477 85.396 85.313 85.227 85.138 85.048 84.955 84.86 84.764 84.666 84.566 84.466 84.364 84.26 84.156 84.05 83.944 83.837 83.729 83.62 83.511 83.401 83.292 83.182 83.071 82.961 82.852 82.742 82.633 82.525 82.417 82.31 82.204 82.099 81.995 81.892 81.791 81.691 81.593 81.496 81.401 81.308 81.217 81.127 81.04 80.954 80.871 80.789 80.71 80.633 80.558 80.485 80.414 80.346 80.28 80.215 80.154 80.094 80.036 79.981 79.928 79.877 79.829 79.782 79.738 79.696
85.85 85.803 85.75 85.691 85.627 85.559 85.486 85.41 85.33 85.248 85.163 85.076 84.986 84.895 84.802 84.707 84.61 84.512 84.413 84.312 84.211 84.108 84.004 83.9 83.795 83.689 83.583 83.476 83.369 83.261 83.154 83.047 82.94 82.833 82.726 82.621 82.515 82.411 82.307 82.205 82.103 82.003 81.904 81.806 81.71 81.615 81.522 81.431 81.341 81.253 81.167 81.083 81.001 80.921 80.843 80.767 80.693 80.622 80.552 80.484 80.419 80.356 80.295 80.236 80.179 80.124 80.072 80.021 79.973 79.927 79.883 79.842
85.836 85.793 85.744 85.689 85.629 85.564 85.495 85.423 85.347 85.268 85.187 85.103 85.016 84.928 84.838 84.746 84.652 84.557 84.461 84.363 84.264 84.165 84.064 83.962 83.86 83.756 83.653 83.549 83.444 83.34 83.235 83.13 83.026 82.922 82.818 82.715 82.612 82.51 82.409 82.308 82.209 82.111 82.014 81.918 81.824 81.731 81.64 81.551 81.463 81.377 81.292 81.21 81.129 81.051 80.974 80.899 80.826 80.756 80.687 80.621 80.556 80.494 80.433 80.375 80.319 80.265 80.213 80.163 80.116 80.07 80.026 79.985
85.824 85.784 85.738 85.687 85.63 85.569 85.504 85.435 85.363 85.287 85.209 85.129 85.046 84.96 84.873 84.784 84.694 84.601 84.508 84.413 84.317 84.22 84.122 84.023 83.923 83.822 83.721 83.62 83.518 83.416 83.314 83.212 83.11 83.009 82.907 82.807 82.706 82.607 82.508 82.41 82.313 82.217 82.122 82.029 81.936 81.846 81.756 81.668 81.582 81.498 81.415 81.334 81.255 81.178 81.102 81.029 80.957 80.887 80.82 80.754 80.691 80.629 80.57 80.512 80.457 80.403 80.352 80.303 80.255 80.21 80.167 80.126
85.814 85.777 85.734 85.685 85.632 85.575 85.513 85.447 85.378 85.306 85.231 85.154 85.074 84.992 84.907 84.821 84.734 84.644 84.553 84.461 84.368 84.274 84.178 84.082 83.985 83.887 83.789 83.69 83.591 83.491 83.392 83.293 83.193 83.094 82.995 82.897 82.799 82.702 82.605 82.509 82.414 82.321 82.228 82.137 82.046 81.957 81.87 81.784 81.699 81.617 81.535 81.456 81.378 81.302 81.228 81.156 81.085 81.017 80.95 80.886 80.823 80.762 80.703 80.647 80.592 80.539 80.488 80.44 80.393 80.348 80.306 80.265
85.806 85.771 85.73 85.685 85.635 85.58 85.521 85.459 85.393 85.324 85.252 85.178 85.101 85.022 84.941 84.857 84.772 84.686 84.598 84.509 84.418 84.326 84.233 84.14 84.045 83.95 83.854 83.758 83.662 83.565 83.468 83.371 83.274 83.177 83.081 82.985 82.889 82.795 82.7 82.607 82.514 82.422 82.332 82.242 82.154 82.067 81.981 81.897 81.814 81.733 81.653 81.575 81.499 81.425 81.352 81.281 81.211 81.144 81.078 81.015 80.953 80.893 80.835 80.779 80.725 80.673 80.623 80.575 80.528 80.484 80.442 80.402
85.798 85.766 85.728 85.685 85.638 85.586 85.53 85.471 85.408 85.342 85.273 85.202 85.128 85.051 84.973 84.893 84.81 84.727 84.641 84.555 84.467 84.378 84.287 84.196 84.105 84.012 83.919 83.825 83.731 83.637 83.543 83.448 83.354 83.259 83.165 83.072 82.978 82.886 82.794 82.702 82.612 82.522 82.434 82.346 82.26 82.174 82.091 82.008 81.927 81.847 81.769 81.693 81.618 81.545 81.473 81.403 81.335 81.269 81.204 81.141 81.081 81.022 80.964 80.909 80.856 80.804 80.755 80.707 80.661 80.618 80.576 80.536
85.793 85.762 85.727 85.686 85.641 85.592 85.539 85.483 85.423 85.36 85.294 85.225 85.154 85.08 85.005 84.927 84.848 84.766 84.684 84.6 84.514 84.428 84.34 84.252 84.163 84.073 83.982 83.891 83.799 83.708 83.616 83.523 83.431 83.34 83.248 83.156 83.065 82.975 82.885 82.796 82.707 82.62 82.533 82.448 82.363 82.28 82.198 82.117 82.037 81.959 81.883 81.808 81.734 81.662 81.592 81.523 81.456 81.391 81.328 81.266 81.206 81.148 81.091 81.037 80.984 80.934 80.885 80.838 80.792 80.749 80.708 80.668
85.789 85.76 85.726 85.688 85.646 85.599 85.549 85.495 85.438 85.377 85.314 85.248 85.179 85.109 85.036 84.961 84.884 84.805 84.725 84.644 84.561 84.477 84.392 84.306 84.219 84.132 84.044 83.955 83.866 83.777 83.687 83.597 83.508 83.418 83.329 83.239 83.151 83.062 82.975 82.888 82.801 82.716 82.631 82.547 82.465 82.383 82.303 82.224 82.146 82.069 81.994 81.921 81.848 81.778 81.709 81.641 81.575 81.511 81.449 81.388 81.329 81.272 81.216 81.163 81.111 81.061 81.012 80.966 80.921 80.878 80.837 80.798
85.786 85.759 85.727 85.691 85.651 85.607 85.559 85.507 85.452 85.395 85.334 85.27 85.205 85.136 85.066 84.994 84.919 84.843 84.766 84.687 84.607 84.525 84.443 84.359 84.275 84.19 84.104 84.018 83.931 83.844 83.757 83.67 83.582 83.495 83.408 83.321 83.234 83.148 83.063 82.978 82.893 82.81 82.727 82.645 82.564 82.484 82.406 82.328 82.252 82.177 82.104 82.031 81.96 81.891 81.823 81.757 81.692 81.629 81.568 81.508 81.45 81.394 81.339 81.286 81.235 81.185 81.138 81.092 81.048 81.005 80.965 80.926
85.785 85.759 85.729 85.695 85.657 85.615 85.569 85.52 85.467 85.412 85.354 85.293 85.229 85.164 85.096 85.026 84.954 84.881 84.806 84.729 84.652 84.573 84.493 84.412 84.33 84.247 84.164 84.08 83.996 83.911 83.826 83.741 83.656 83.571 83.486 83.401 83.316 83.232 83.149 83.066 82.983 82.902 82.821 82.741 82.662 82.584 82.507 82.431 82.356 82.283 82.211 82.14 82.07 82.002 81.936 81.871 81.807 81.745 81.685 81.626 81.569 81.513 81.46 81.407 81.357 81.308 81.261 81.216 81.172 81.13 81.09 81.052
85.785 85.761 85.732 85.7 85.663 85.623 85.58 85.533 85.483 85.43 85.374 85.315 85.254 85.191 85.125 85.058 84.989 84.918 84.845 84.771 84.696 84.619 84.541 84.463 84.383 84.303 84.222 84.14 84.058 83.976 83.893 83.81 83.727 83.645 83.562 83.479 83.397 83.315 83.233 83.152 83.072 82.992 82.913 82.835 82.757 82.681 82.606 82.532 82.458 82.387 82.316 82.246 82.178 82.112 82.046 81.982 81.92 81.859 81.8 81.742 81.686 81.631 81.578 81.527 81.477 81.429 81.382 81.337 81.294 81.253 81.213 81.175
85.786 85.763 85.736 85.705 85.671 85.633 85.591 85.546 85.498 85.447 85.393 85.337 85.278 85.218 85.154 85.089 85.022 84.954 84.884 84.812 84.739 84.665 84.589 84.513 84.436 84.358 84.279 84.2 84.12 84.04 83.959 83.879 83.798 83.717 83.636 83.556 83.476 83.396 83.316 83.237 83.158 83.08 83.003 82.927 82.851 82.777 82.703 82.63 82.559 82.488 82.419 82.351 82.284 82.219 82.155 82.092 82.031 81.971 81.913 81.856 81.8 81.747 81.694 81.644 81.595 81.547 81.501 81.457 81.415 81.374 81.335 81.297
