raw_data/humedad_relativa/hora9/rh9jan.txt
ncols         501
nrows         361
xllcorner     109.95
yllcorner     -45.05
cellsize      0.1
NODATA_value  -9999
[rows 288 to 319 of 361, columns 0 to 71 of 501]
69.68 69.686 69.693 69.7 69.708 69.716 69.725 69.734 69.744 69.755 69.766 69.777 69.79 69.802 69.816 69.83 69.844 69.86 69.875 69.892 69.909 69.926 69.944 69.962 69.981 70.001 70.021 70.041 70.062 70.083 70.104 70.125 70.147 70.169 70.191 70.212 70.234 70.255 70.276 70.297 70.317 70.337 70.355 70.373 70.39 70.405 70.419 70.432 70.444 70.453 70.461 70.467 70.47 70.472 70.471 70.468 70.463 70.455 70.444 70.431 70.415 70.397 70.377 70.354 70.329 70.301 70.271 70.24 70.206 70.171 70.135 70.096
69.758 69.765 69.773 69.781 69.789 69.798 69.808 69.818 69.829 69.84 69.852 69.864 69.877 69.89 69.904 69.919 69.934 69.95 69.966 69.983 70 70.018 70.036 70.055 70.074 70.094 70.114 70.134 70.155 70.176 70.197 70.219 70.24 70.262 70.283 70.305 70.326 70.347 70.368 70.388 70.408 70.427 70.445 70.463 70.479 70.494 70.508 70.521 70.532 70.541 70.549 70.555 70.559 70.56 70.56 70.557 70.552 70.545 70.536 70.524 70.509 70.493 70.474 70.452 70.429 70.403 70.376 70.346 70.315 70.282 70.248 70.213
69.835 69.843 69.851 69.86 69.869 69.879 69.889 69.9 69.912 69.923 69.936 69.949 69.962 69.976 69.991 70.006 70.022 70.038 70.054 70.072 70.089 70.107 70.126 70.145 70.164 70.184 70.205 70.225 70.246 70.267 70.288 70.31 70.331 70.353 70.374 70.395 70.416 70.437 70.458 70.478 70.497 70.516 70.534 70.551 70.567 70.582 70.595 70.608 70.619 70.628 70.636 70.641 70.645 70.647 70.647 70.645 70.641 70.635 70.626 70.615 70.602 70.586 70.569 70.549 70.528 70.504 70.478 70.451 70.422 70.392 70.36 70.327
69.911 69.919 69.928 69.938 69.948 69.958 69.969 69.981 69.993 70.005 70.018 70.032 70.046 70.061 70.076 70.091 70.107 70.124 70.141 70.159 70.177 70.195 70.214 70.233 70.253 70.273 70.293 70.314 70.335 70.356 70.377 70.399 70.42 70.441 70.463 70.484 70.505 70.525 70.545 70.565 70.584 70.603 70.62 70.637 70.653 70.667 70.681 70.693 70.704 70.713 70.721 70.727 70.731 70.733 70.734 70.732 70.728 70.723 70.715 70.705 70.693 70.679 70.663 70.645 70.625 70.603 70.579 70.554 70.527 70.499 70.469 70.438
69.985 69.994 70.004 70.014 70.025 70.036 70.048 70.06 70.073 70.086 70.099 70.114 70.128 70.143 70.159 70.175 70.191 70.208 70.226 70.244 70.262 70.281 70.3 70.32 70.339 70.36 70.38 70.401 70.422 70.443 70.464 70.485 70.507 70.528 70.549 70.57 70.591 70.611 70.631 70.65 70.669 70.688 70.705 70.721 70.737 70.752 70.765 70.777 70.788 70.797 70.805 70.811 70.815 70.818 70.819 70.818 70.815 70.81 70.803 70.794 70.783 70.77 70.755 70.739 70.72 70.7 70.678 70.655 70.63 70.604 70.577 70.548
70.058 70.068 70.079 70.09 70.101 70.113 70.125 70.138 70.151 70.165 70.179 70.194 70.209 70.224 70.24 70.257 70.274 70.291 70.309 70.327 70.346 70.365 70.384 70.404 70.424 70.444 70.465 70.486 70.507 70.528 70.549 70.57 70.592 70.613 70.634 70.655 70.675 70.695 70.715 70.734 70.753 70.771 70.788 70.804 70.82 70.834 70.847 70.859 70.87 70.879 70.887 70.893 70.898 70.901 70.902 70.902 70.9 70.895 70.889 70.881 70.872 70.86 70.847 70.832 70.815 70.796 70.776 70.754 70.732 70.707 70.682 70.655
70.13 70.141 70.152 70.164 70.176 70.188 70.201 70.214 70.228 70.242 70.257 70.272 70.288 70.304 70.32 70.337 70.354 70.372 70.39 70.409 70.428 70.447 70.467 70.487 70.507 70.527 70.548 70.569 70.59 70.611 70.632 70.653 70.675 70.696 70.717 70.737 70.758 70.778 70.797 70.816 70.835 70.852 70.869 70.886 70.901 70.915 70.928 70.94 70.951 70.96 70.968 70.975 70.98 70.983 70.985 70.985 70.983 70.98 70.975 70.968 70.959 70.949 70.937 70.923 70.907 70.89 70.872 70.852 70.831 70.809 70.785 70.761
70.201 70.213 70.224 70.236 70.249 70.262 70.275 70.289 70.304 70.318 70.334 70.349 70.365 70.382 70.399 70.416 70.434 70.452 70.47 70.489 70.508 70.528 70.548 70.568 70.588 70.609 70.629 70.65 70.671 70.692 70.714 70.735 70.756 70.777 70.798 70.818 70.838 70.858 70.878 70.896 70.915 70.932 70.949 70.965 70.98 70.995 71.008 71.02 71.031 71.04 71.048 71.055 71.06 71.064 71.066 71.067 71.066 71.063 71.059 71.053 71.045 71.036 71.025 71.013 70.999 70.983 70.966 70.948 70.929 70.908 70.887 70.864
70.271 70.283 70.295 70.308 70.321 70.335 70.348 70.363 70.378 70.393 70.409 70.425 70.441 70.458 70.475 70.493 70.511 70.529 70.548 70.567 70.587 70.606 70.627 70.647 70.667 70.688 70.709 70.73 70.751 70.772 70.793 70.814 70.835 70.856 70.877 70.897 70.917 70.937 70.956 70.975 70.993 71.011 71.028 71.044 71.059 71.073 71.086 71.098 71.109 71.119 71.127 71.134 71.14 71.144 71.146 71.148 71.147 71.145 71.142 71.137 71.13 71.122 71.112 71.101 71.089 71.075 71.059 71.043 71.025 71.006 70.986 70.966
70.339 70.352 70.365 70.378 70.392 70.406 70.42 70.435 70.45 70.466 70.482 70.499 70.516 70.533 70.551 70.569 70.587 70.606 70.625 70.644 70.664 70.684 70.704 70.724 70.745 70.766 70.787 70.808 70.829 70.85 70.871 70.892 70.913 70.934 70.955 70.975 70.995 71.015 71.034 71.052 71.07 71.088 71.105 71.12 71.136 71.15 71.163 71.175 71.186 71.196 71.204 71.212 71.218 71.222 71.225 71.227 71.227 71.226 71.224 71.219 71.214 71.207 71.198 71.188 71.177 71.164 71.151 71.136 71.12 71.102 71.084 71.065
70.407 70.42 70.433 70.447 70.461 70.476 70.491 70.506 70.522 70.538 70.554 70.571 70.589 70.606 70.624 70.643 70.661 70.68 70.7 70.719 70.739 70.759 70.78 70.8 70.821 70.842 70.863 70.884 70.905 70.926 70.947 70.969 70.989 71.01 71.031 71.051 71.071 71.09 71.11 71.128 71.146 71.163 71.18 71.196 71.211 71.225 71.238 71.251 71.262 71.272 71.281 71.288 71.295 71.3 71.303 71.306 71.306 71.306 71.304 71.301 71.296 71.29 71.283 71.274 71.264 71.253 71.241 71.227 71.213 71.197 71.181 71.163
70.473 70.486 70.5 70.515 70.529 70.544 70.56 70.576 70.592 70.608 70.625 70.643 70.66 70.678 70.697 70.715 70.734 70.754 70.773 70.793 70.813 70.833 70.854 70.875 70.895 70.916 70.938 70.959 70.98 71.001 71.022 71.043 71.064 71.085 71.105 71.126 71.145 71.165 71.184 71.202 71.22 71.238 71.254 71.27 71.285 71.299 71.313 71.325 71.336 71.347 71.356 71.364 71.37 71.376 71.38 71.383 71.384 71.385 71.384 71.381 71.378 71.373 71.366 71.359 71.35 71.34 71.329 71.317 71.304 71.29 71.275 71.259
70.538 70.552 70.566 70.581 70.596 70.612 70.628 70.644 70.661 70.678 70.695 70.713 70.731 70.749 70.768 70.787 70.806 70.825 70.845 70.865 70.885 70.906 70.927 70.947 70.968 70.99 71.011 71.032 71.053 71.074 71.096 71.117 71.137 71.158 71.179 71.199 71.219 71.238 71.257 71.275 71.293 71.311 71.327 71.343 71.358 71.373 71.386 71.398 71.41 71.42 71.43 71.438 71.445 71.451 71.456 71.459 71.461 71.462 71.462 71.46 71.458 71.454 71.448 71.442 71.434 71.426 71.416 71.405 71.394 71.381 71.368 71.354
70.602 70.616 70.631 70.647 70.662 70.678 70.695 70.711 70.728 70.746 70.763 70.781 70.8 70.818 70.837 70.856 70.876 70.896 70.916 70.936 70.956 70.977 70.998 71.019 71.04 71.061 71.082 71.104 71.125 71.146 71.167 71.188 71.209 71.23 71.25 71.27 71.29 71.31 71.329 71.347 71.365 71.382 71.399 71.415 71.43 71.444 71.458 71.47 71.482 71.493 71.502 71.511 71.519 71.525 71.53 71.534 71.537 71.539 71.539 71.538 71.537 71.534 71.529 71.524 71.518 71.51 71.502 71.492 71.482 71.471 71.459 71.446
70.665 70.68 70.695 70.711 70.727 70.743 70.76 70.777 70.794 70.812 70.83 70.849 70.867 70.886 70.905 70.925 70.945 70.965 70.985 71.005 71.026 71.047 71.068 71.089 71.11 71.131 71.153 71.174 71.195 71.217 71.238 71.259 71.28 71.3 71.321 71.341 71.361 71.38 71.399 71.417 71.435 71.453 71.469 71.485 71.501 71.515 71.529 71.541 71.553 71.564 71.574 71.583 71.591 71.598 71.604 71.608 71.612 71.614 71.615 71.615 71.614 71.612 71.609 71.605 71.6 71.593 71.586 71.578 71.569 71.559 71.549 71.537
70.727 70.742 70.758 70.774 70.79 70.807 70.824 70.842 70.86 70.878 70.896 70.915 70.934 70.953 70.972 70.992 71.012 71.032 71.053 71.073 71.094 71.115 71.136 71.157 71.179 71.2 71.222 71.243 71.264 71.286 71.307 71.328 71.349 71.369 71.39 71.41 71.43 71.449 71.468 71.486 71.504 71.522 71.538 71.555 71.57 71.584 71.598 71.611 71.623 71.635 71.645 71.654 71.662 71.67 71.676 71.681 71.685 71.688 71.69 71.691 71.691 71.69 71.688 71.684 71.68 71.675 71.669 71.662 71.654 71.646 71.637 71.627
70.787 70.803 70.819 70.836 70.853 70.87 70.887 70.905 70.923 70.942 70.96 70.979 70.999 71.018 71.038 71.058 71.078 71.099 71.119 71.14 71.161 71.182 71.203 71.225 71.246 71.268 71.289 71.31 71.332 71.353 71.374 71.396 71.416 71.437 71.458 71.478 71.497 71.517 71.536 71.554 71.572 71.59 71.606 71.623 71.638 71.653 71.667 71.68 71.692 71.704 71.715 71.724 71.733 71.741 71.747 71.753 71.758 71.762 71.764 71.766 71.767 71.766 71.765 71.763 71.76 71.755 71.751 71.745 71.738 71.731 71.723 71.715
70.847 70.863 70.88 70.897 70.914 70.932 70.949 70.968 70.986 71.005 71.024 71.043 71.063 71.082 71.102 71.123 71.143 71.164 71.184 71.205 71.227 71.248 71.269 71.291 71.312 71.334 71.355 71.377 71.398 71.42 71.441 71.462 71.483 71.504 71.524 71.544 71.564 71.583 71.602 71.621 71.639 71.656 71.673 71.69 71.705 71.72 71.734 71.748 71.76 71.772 71.783 71.793 71.802 71.81 71.818 71.824 71.829 71.834 71.837 71.84 71.841 71.842 71.841 71.84 71.838 71.835 71.831 71.826 71.821 71.815 71.808 71.801
70.906 70.922 70.939 70.957 70.974 70.992 71.01 71.029 71.048 71.067 71.086 71.105 71.125 71.145 71.165 71.186 71.207 71.227 71.248 71.27 71.291 71.312 71.334 71.355 71.377 71.399 71.42 71.442 71.463 71.485 71.506 71.527 71.548 71.569 71.589 71.61 71.629 71.649 71.668 71.686 71.705 71.722 71.739 71.756 71.771 71.786 71.801 71.814 71.827 71.839 71.851 71.861 71.871 71.879 71.887 71.894 71.9 71.905 71.909 71.912 71.914 71.916 71.916 71.916 71.915 71.913 71.91 71.906 71.902 71.897 71.892 71.886
70.963 70.98 70.998 71.015 71.033 71.052 71.07 71.089 71.108 71.127 71.147 71.167 71.187 71.207 71.227 71.248 71.269 71.29 71.311 71.333 71.354 71.376 71.397 71.419 71.441 71.462 71.484 71.506 71.527 71.549 71.57 71.591 71.612 71.633 71.653 71.674 71.694 71.713 71.732 71.751 71.769 71.787 71.804 71.82 71.836 71.852 71.866 71.88 71.893 71.906 71.917 71.928 71.938 71.947 71.955 71.963 71.969 71.975 71.98 71.983 71.987 71.989 71.99 71.991 71.99 71.989 71.988 71.985 71.982 71.979 71.974 71.97
71.02 71.037 71.055 71.073 71.091 71.11 71.129 71.148 71.167 71.187 71.207 71.227 71.247 71.268 71.288 71.309 71.33 71.351 71.373 71.394 71.416 71.438 71.459 71.481 71.503 71.525 71.546 71.568 71.59 71.611 71.633 71.654 71.675 71.696 71.716 71.737 71.757 71.776 71.795 71.814 71.832 71.85 71.867 71.884 71.9 71.916 71.931 71.945 71.958 71.971 71.983 71.994 72.004 72.014 72.023 72.031 72.038 72.044 72.049 72.054 72.058 72.061 72.063 72.064 72.065 72.065 72.064 72.063 72.061 72.058 72.055 72.052
71.076 71.093 71.112 71.13 71.149 71.167 71.187 71.206 71.226 71.245 71.266 71.286 71.306 71.327 71.348 71.369 71.39 71.412 71.433 71.455 71.477 71.498 71.52 71.542 71.564 71.586 71.608 71.63 71.651 71.673 71.694 71.716 71.737 71.758 71.778 71.799 71.819 71.838 71.858 71.876 71.895 71.913 71.93 71.947 71.963 71.979 71.994 72.008 72.022 72.035 72.047 72.059 72.07 72.08 72.089 72.097 72.105 72.112 72.118 72.123 72.128 72.132 72.135 72.137 72.138 72.139 72.14 72.139 72.138 72.137 72.135 72.132
71.13 71.148 71.167 71.186 71.205 71.224 71.243 71.263 71.283 71.303 71.323 71.344 71.365 71.385 71.407 71.428 71.449 71.471 71.493 71.514 71.536 71.558 71.58 71.602 71.624 71.646 71.668 71.69 71.712 71.733 71.755 71.776 71.797 71.818 71.839 71.859 71.88 71.899 71.919 71.938 71.956 71.974 71.992 72.009 72.025 72.041 72.056 72.071 72.085 72.098 72.111 72.123 72.134 72.145 72.154 72.163 72.171 72.179 72.186 72.192 72.197 72.201 72.205 72.208 72.211 72.213 72.214 72.214 72.214 72.214 72.213 72.211
71.184 71.203 71.221 71.24 71.26 71.279 71.299 71.319 71.339 71.359 71.38 71.401 71.422 71.443 71.464 71.486 71.507 71.529 71.551 71.573 71.595 71.617 71.639 71.661 71.683 71.705 71.727 71.749 71.771 71.793 71.814 71.836 71.857 71.878 71.899 71.919 71.939 71.959 71.979 71.998 72.016 72.035 72.052 72.07 72.086 72.102 72.118 72.133 72.147 72.161 72.174 72.186 72.198 72.208 72.219 72.228 72.237 72.245 72.252 72.259 72.265 72.27 72.275 72.279 72.282 72.285 72.287 72.288 72.289 72.29 72.29 72.289
71.237 71.256 71.275 71.294 71.314 71.333 71.353 71.374 71.394 71.415 71.435 71.456 71.478 71.499 71.521 71.542 71.564 71.586 71.608 71.63 71.652 71.674 71.696 71.719 71.741 71.763 71.785 71.807 71.829 71.851 71.873 71.894 71.916 71.937 71.957 71.978 71.998 72.018 72.038 72.057 72.076 72.094 72.112 72.129 72.146 72.163 72.178 72.193 72.208 72.222 72.235 72.248 72.26 72.271 72.282 72.292 72.301 72.31 72.318 72.325 72.332 72.338 72.343 72.348 72.352 72.355 72.358 72.361 72.363 72.364 72.365 72.366
71.289 71.308 71.327 71.347 71.367 71.387 71.407 71.428 71.448 71.469 71.49 71.511 71.533 71.554 71.576 71.598 71.62 71.642 71.664 71.686 71.708 71.731 71.753 71.775 71.798 71.82 71.842 71.864 71.886 71.908 71.93 71.952 71.973 71.994 72.015 72.036 72.056 72.076 72.096 72.115 72.134 72.153 72.171 72.188 72.205 72.222 72.238 72.253 72.268 72.282 72.296 72.309 72.322 72.333 72.345 72.355 72.365 72.374 72.383 72.391 72.398 72.405 72.411 72.416 72.421 72.425 72.429 72.432 72.435 72.438 72.439 72.441
71.34 71.359 71.379 71.399 71.419 71.439 71.46 71.48 71.501 71.522 71.544 71.565 71.587 71.608 71.63 71.652 71.674 71.697 71.719 71.741 71.764 71.786 71.808 71.831 71.853 71.876 71.898 71.92 71.942 71.964 71.986 72.008 72.029 72.051 72.072 72.093 72.113 72.133 72.153 72.172 72.192 72.21 72.228 72.246 72.263 72.28 72.296 72.312 72.327 72.342 72.356 72.369 72.382 72.395 72.406 72.417 72.428 72.437 72.446 72.455 72.463 72.47 72.477 72.483 72.489 72.494 72.499 72.503 72.506 72.51 72.512 72.515
71.39 71.41 71.43 71.45 71.47 71.491 71.511 71.532 71.554 71.575 71.596 71.618 71.64 71.662 71.684 71.706 71.728 71.75 71.773 71.795 71.818 71.84 71.863 71.886 71.908 71.931 71.953 71.975 71.998 72.02 72.042 72.063 72.085 72.106 72.128 72.148 72.169 72.189 72.209 72.229 72.248 72.267 72.285 72.303 72.321 72.338 72.354 72.37 72.386 72.401 72.415 72.429 72.442 72.455 72.467 72.478 72.489 72.499 72.509 72.518 72.527 72.535 72.542 72.549 72.556 72.562 72.567 72.572 72.576 72.581 72.584 72.588
71.439 71.459 71.479 71.5 71.52 71.541 71.562 71.583 71.605 71.626 71.648 71.67 71.692 71.714 71.736 71.758 71.781 71.803 71.826 71.849 71.871 71.894 71.917 71.939 71.962 71.984 72.007 72.029 72.052 72.074 72.096 72.118 72.14 72.161 72.182 72.203 72.224 72.244 72.264 72.284 72.304 72.323 72.341 72.359 72.377 72.394 72.411 72.427 72.443 72.458 72.473 72.487 72.501 72.514 72.527 72.538 72.55 72.561 72.571 72.581 72.59 72.599 72.607 72.614 72.621 72.628 72.634 72.64 72.645 72.65 72.655 72.659
71.488 71.508 71.528 71.549 71.57 71.591 71.612 71.634 71.655 71.677 71.699 71.721 71.743 71.765 71.788 71.81 71.833 71.855 71.878 71.901 71.924 71.946 71.969 71.992 72.015 72.037 72.06 72.082 72.105 72.127 72.149 72.171 72.193 72.215 72.236 72.257 72.278 72.299 72.319 72.339 72.358 72.377 72.396 72.415 72.432 72.45 72.467 72.484 72.5 72.515 72.53 72.545 72.559 72.572 72.585 72.598 72.61 72.621 72.632 72.642 72.652 72.661 72.67 72.678 72.686 72.693 72.7 72.707 72.713 72.719 72.724 72.729
71.535 71.556 71.576 71.597 71.618 71.64 71.661 71.683 71.705 71.727 71.749 71.771 71.793 71.816 71.838 71.861 71.883 71.906 71.929 71.952 71.975 71.998 72.021 72.044 72.066 72.089 72.112 72.135 72.157 72.18 72.202 72.224 72.246 72.268 72.289 72.31 72.331 72.352 72.372 72.392 72.412 72.431 72.45 72.469 72.487 72.505 72.522 72.539 72.555 72.571 72.587 72.602 72.616 72.63 72.643 72.656 72.669 72.68 72.692 72.703 72.713 72.723 72.732 72.741 72.75 72.758 72.766 72.773 72.78 72.786 72.792 72.798
71.582 71.603 71.624 71.645 71.666 71.688 71.709 71.731 71.753 71.775 71.798 71.82 71.842 71.865 71.888 71.911 71.933 71.956 71.979 72.002 72.025 72.048 72.071 72.094 72.117 72.14 72.163 72.186 72.209 72.231 72.253 72.276 72.298 72.319 72.341 72.362 72.383 72.404 72.425 72.445 72.465 72.484 72.504 72.522 72.541 72.559 72.576 72.593 72.61 72.626 72.642 72.657 72.672 72.687 72.7 72.714 72.727 72.739 72.751 72.762 72.773 72.784 72.794 72.803 72.812 72.821 72.83 72.838 72.845 72.853 72.86 72.866
