raw_data/humedad_relativa/hora9/rh9jan.txt
ncols         501
nrows         361
xllcorner     109.95
yllcorner     -45.05
cellsize      0.1
NODATA_value  -9999
[rows 192 to 223 of 361, columns 72 to 143 of 501]
36.989 36.556 36.111 35.821 35.558 35.315 35.3 34.899 34.828 34.818 34.694 34.449 34.378 34.297 34.198 34.188 34.194 34.22 34.288 34.197 34.299 34.047 34.058 34.046 34.059 34.187 34.202 34.127 34.022 34.015 34.098 34.15 34.166 34.272 34.397 34.569 34.716 34.813 34.837 34.822 34.881 34.877 34.836 35.045 35.081 34.97 34.963 34.998 35.053 35.118 35.217 35.359 35.748 35.738 35.692 35.676 35.729 35.856 35.99 36.126 36.102 35.952 35.804 35.796 36.051 36.227 36.334 36.278 36.598 36.76 36.87 36.922
36.952 36.558 36.321 36.098 35.846 35.731 35.547 35.07 35.069 35.065 34.89 34.587 34.529 34.511 34.385 34.378 34.403 34.391 34.329 34.323 34.262 34.22 34.191 34.196 34.234 34.295 34.324 34.311 34.309 34.327 34.324 34.323 34.335 34.395 34.495 34.612 34.76 34.805 34.879 35.137 35.18 35.167 35.201 35.417 35.427 35.275 35.315 35.305 35.374 35.397 35.412 35.55 35.815 35.986 36.07 36.045 35.94 36.117 36.348 36.472 36.399 36.281 36.148 36.133 36.319 36.569 36.638 36.66 36.943 37.017 37.061 37.194
37.094 36.824 36.66 36.356 36.153 35.785 35.48 35.34 35.33 35.253 35.054 34.823 34.798 34.769 34.717 34.705 34.735 34.742 34.57 34.537 34.615 34.6 34.55 34.486 34.459 34.489 34.516 34.526 34.593 34.76 34.8 34.755 34.675 34.666 34.694 34.736 34.817 34.892 35.017 35.252 35.29 35.348 35.501 35.753 35.72 35.639 35.88 35.672 35.656 35.662 35.7 35.876 36.008 36.218 36.278 36.234 36.211 36.371 36.657 36.709 36.734 36.603 36.529 36.566 36.738 36.929 36.995 37.142 37.194 37.192 37.33 37.492
37.397 37.097 36.739 36.377 36.134 35.859 35.828 35.628 35.582 35.511 35.321 35.16 34.976 35.159 35.131 35.104 35.031 35.057 34.801 34.728 34.828 34.897 34.849 34.77 34.802 34.878 34.898 34.929 35.04 35.229 35.246 35.141 35.073 35.114 35.062 35.085 34.996 35.077 35.186 35.663 35.392 35.588 35.807 35.887 36.046 36.018 35.991 35.966 35.915 35.871 36.119 36.173 36.314 36.575 36.646 36.519 36.634 36.601 36.881 36.988 36.86 36.826 36.919 37.043 37.204 37.284 37.391 37.447 37.516 37.623 37.739 37.806
37.706 37.25 36.765 36.43 36.192 35.997 35.894 36.105 35.796 35.753 35.627 35.519 35.303 35.354 35.458 35.363 35.244 35.343 35.069 34.985 35.012 35.024 35.064 35.13 35.249 35.36 35.359 35.429 35.384 35.505 35.476 35.382 35.376 35.41 35.386 35.412 35.311 35.269 35.351 35.499 35.653 35.837 36.104 36.059 36.281 36.32 36.419 36.516 36.211 36.134 36.187 36.365 36.511 36.916 36.881 36.758 36.752 36.824 36.979 37.03 37.02 37.093 37.273 37.455 37.579 37.576 37.599 37.587 37.819 37.843 37.883 37.923
37.903 37.366 36.909 36.665 36.414 36.219 35.999 35.921 36.034 36.168 36.118 35.629 35.542 35.675 35.872 35.737 35.612 35.376 35.344 35.373 35.324 35.362 35.519 35.628 35.635 35.665 35.712 35.73 35.68 35.591 35.599 35.544 35.503 35.495 35.502 35.54 35.557 35.53 35.758 35.768 35.908 35.962 36.047 36.151 36.283 36.557 36.815 36.548 36.482 36.464 36.455 36.931 36.983 37 37.106 37.14 37.222 37.197 37.232 37.237 37.308 37.533 37.704 37.741 37.8 37.79 37.737 37.757 37.81 37.904 38.004 38.17
38.034 37.535 37.126 36.922 36.7 36.601 36.815 36.459 36.424 36.422 36.142 35.848 35.754 35.885 35.976 35.983 35.923 35.725 35.776 35.732 35.639 35.764 35.976 36.058 35.966 35.849 35.831 35.943 35.862 35.795 35.829 35.828 35.78 35.775 35.761 35.743 35.81 35.833 35.902 35.934 36.081 36.314 36.225 36.319 36.416 36.51 36.728 36.756 36.704 36.704 36.983 36.901 37.047 37.118 37.325 37.539 37.726 37.63 37.597 37.599 37.611 37.866 38.008 37.9 37.851 37.948 37.963 38.125 38.146 38.287 38.639 38.758
38.089 37.673 37.299 37.082 36.954 36.781 36.68 36.582 36.415 36.437 36.129 35.978 36.029 36.241 36.292 36.368 36.27 36.114 36.094 35.96 36.04 36.111 36.183 36.31 36.298 36.129 36.049 36.054 36.039 36.12 36.214 36.235 36.173 36.188 36.202 36.099 36.171 36.267 36.252 36.265 36.264 36.483 36.42 36.536 36.58 36.785 36.915 37.157 37.056 36.989 37.072 37.104 37.243 37.341 37.719 37.861 37.843 37.828 37.92 37.889 38.016 38.066 38.227 38.088 38.135 38.261 38.436 38.496 38.733 38.986 39.151 39.198
38.28 37.869 37.826 37.292 37.181 36.962 36.805 36.715 36.473 36.743 36.695 36.435 36.403 36.419 36.511 36.482 36.45 36.386 36.276 36.399 36.357 36.305 36.305 36.464 36.535 36.376 36.348 36.348 36.455 36.514 36.632 36.671 36.603 36.566 36.57 36.476 36.654 36.813 36.707 36.742 36.715 36.649 36.687 36.724 36.808 36.953 37.207 37.45 37.347 37.361 37.474 37.441 37.514 37.701 38.164 38.302 38.282 38.245 38.055 38.199 38.407 38.377 38.385 38.408 38.707 38.71 38.897 38.936 39.122 39.395 39.416 39.399
38.529 39.127 37.925 37.462 37.295 37.255 37.404 36.846 36.685 36.738 36.504 36.589 36.731 36.753 36.74 36.639 36.619 36.51 36.441 36.52 36.487 36.524 36.573 36.62 36.644 36.667 36.759 36.781 36.743 36.77 36.94 37.075 37.122 37.02 36.935 36.989 37.207 37.17 37.163 37.185 37.163 37.076 37.193 37.175 37.116 37.158 37.529 37.539 37.703 37.764 37.778 37.792 37.863 38.24 38.376 38.52 38.572 38.39 38.479 38.666 38.924 38.903 38.725 38.916 39.199 39.181 39.377 39.354 39.731 39.755 39.645 39.765
38.768 38.644 37.99 37.711 37.569 37.221 37.043 36.866 36.874 36.861 36.681 36.764 36.805 36.759 36.992 36.967 36.801 36.704 36.84 36.829 36.76 36.821 36.861 36.885 36.94 36.927 37.107 37.205 37.23 37.262 37.223 37.39 37.449 37.415 37.28 37.304 37.509 37.406 37.473 37.565 37.603 37.581 37.609 37.527 37.504 37.496 37.718 37.769 37.961 38.239 38.256 38.198 38.219 38.339 38.581 38.743 38.846 38.842 38.753 38.991 39.252 39.192 39.087 39.339 39.599 39.705 39.802 39.847 39.956 39.968 40.102 40.271
39.04 38.638 38.39 38.185 37.693 37.456 37.164 37.065 37.012 36.949 36.976 37.006 36.885 37.046 37.214 37.301 37.124 37.085 37.272 37.293 37.067 37.167 37.141 37.171 37.274 37.22 37.312 37.46 37.744 37.664 37.501 37.576 37.535 37.443 37.396 37.413 37.526 37.541 37.649 37.763 37.895 38.025 38.061 38.002 37.958 37.939 37.889 37.993 38.153 38.459 38.475 38.513 38.525 38.637 38.804 38.934 39.176 39.263 39.142 39.303 39.388 39.434 39.526 39.746 39.956 40.131 40.205 40.283 40.29 40.419 40.547 40.556
39.506 39.244 38.84 38.433 38.067 37.681 37.525 37.494 37.366 37.27 37.255 37.234 37.16 37.258 37.477 37.602 37.529 37.447 37.549 37.575 37.395 37.377 37.412 37.461 37.523 37.552 37.545 37.648 37.986 37.927 37.704 37.594 37.617 37.707 37.756 37.679 37.702 37.754 37.849 37.972 38.06 38.221 38.396 38.429 38.47 38.392 38.315 38.299 38.412 38.651 38.678 38.761 38.86 39.128 39.212 39.27 39.326 39.6 39.622 39.638 39.719 39.796 39.997 40.265 40.379 40.465 40.559 40.685 40.792 40.894 40.941 41.005
40.082 40.931 39.034 38.663 38.381 38.067 37.985 37.976 37.694 37.582 37.552 37.575 37.54 37.652 37.757 37.902 37.928 37.862 37.962 38.064 37.833 37.757 37.726 37.746 37.856 37.845 37.847 37.944 38.115 38.155 38.024 37.947 38.116 38.138 38.021 38.086 38.163 38.126 38.149 38.218 38.316 38.422 38.511 38.68 38.85 38.834 38.797 38.755 38.752 38.933 38.952 39.04 39.159 39.471 39.704 39.773 39.757 39.871 39.912 40.01 40.104 40.273 40.448 40.423 40.623 40.747 40.957 41.129 41.124 41.309 41.426 41.507
40.491 40.031 39.713 39.068 38.755 38.479 38.446 38.209 38.032 37.954 37.893 37.936 37.806 37.827 37.93 38.212 38.41 38.326 38.474 38.414 38.221 38.107 38.135 38.169 38.403 38.14 38.227 38.431 38.482 38.518 38.379 38.276 38.468 38.798 38.595 38.507 38.543 38.478 38.588 38.703 38.697 38.757 38.735 38.858 39.044 39.197 39.278 39.301 39.25 39.273 39.341 39.429 39.496 39.652 39.961 40.179 40.303 40.283 40.353 40.485 40.545 40.628 40.731 41.016 41.049 41.223 41.374 41.415 41.482 41.623 41.826 41.908
40.618 40.379 39.961 39.407 39.17 38.864 38.709 38.491 38.524 38.289 38.182 38.148 38.178 38.293 38.262 38.381 38.648 38.721 38.728 38.707 38.589 38.532 38.694 38.571 38.497 38.494 38.558 38.841 38.928 38.808 38.646 38.654 38.889 39.167 38.896 38.857 38.807 38.951 39.055 39.374 39.163 39.285 39.128 39.137 39.272 39.425 39.598 39.703 39.678 39.671 39.774 39.895 39.986 39.962 40.201 40.496 40.767 40.889 40.879 41.073 41.121 41.138 41.171 41.393 41.493 41.609 41.787 41.881 41.904 41.92 41.991 42.086
41.132 40.569 40.17 39.902 39.634 39.529 39.115 38.969 38.81 38.705 38.626 38.515 38.621 38.88 38.874 38.769 38.788 38.824 38.895 38.992 39.035 38.978 38.938 38.915 38.92 38.904 38.885 39.196 39.079 39.121 39.089 39.005 39.208 39.431 39.329 39.326 39.223 39.245 39.356 39.456 39.392 39.518 39.514 39.52 39.651 39.713 39.797 39.913 39.926 39.946 40.053 40.314 40.502 40.458 40.494 40.665 40.964 41.306 41.432 41.519 41.64 41.654 41.779 41.785 41.819 41.892 42.165 42.23 42.211 42.262 42.33 42.331
41.435 41.031 40.626 40.171 39.907 39.657 39.547 39.569 39.27 39.284 39.222 38.931 38.899 39.265 39.237 39.108 39.029 38.979 39.027 39.092 39.179 39.322 39.34 39.419 39.302 39.293 39.286 39.317 39.575 39.517 39.587 39.44 39.541 39.773 39.822 39.752 39.733 39.693 39.634 39.761 39.762 39.777 39.866 39.942 40.205 40.229 40.152 40.191 40.246 40.347 40.396 40.605 40.824 40.943 41.015 40.969 41.141 41.363 41.55 41.851 42.094 42.115 42.025 41.978 42.022 42.121 42.33 42.403 42.443 42.547 42.669 42.723
41.747 41.628 41.179 40.59 40.45 40.088 39.859 39.856 39.731 39.632 39.691 39.492 39.399 39.506 39.384 39.441 39.388 39.261 39.487 39.616 39.591 40.112 39.676 39.792 40.179 39.597 39.579 39.618 40.032 39.832 39.957 39.813 39.847 40.065 40.264 40.204 40.191 40.29 40.159 40.061 40.076 40.26 40.351 40.479 40.683 40.727 40.686 40.64 40.676 40.854 40.959 40.928 41.069 41.297 41.541 41.516 41.592 41.648 41.838 42.132 42.449 42.423 42.341 42.396 42.39 42.458 42.632 42.742 42.886 42.9 43.019 43.124
41.967 41.778 41.392 40.967 40.848 40.611 40.756 40.179 40.219 40.077 39.924 39.956 39.947 39.911 39.8 39.875 40.129 39.822 39.621 39.617 39.704 40.004 40.007 40.109 39.914 40.034 40.183 40.11 40.354 40.393 40.44 40.221 40.276 40.608 40.627 40.525 40.539 40.572 40.601 40.405 40.463 40.669 40.986 41.217 41.062 41.098 41.061 41.07 41.227 41.331 41.43 41.55 41.515 41.661 41.755 41.901 42.197 42.239 42.138 42.303 42.556 42.73 42.685 42.69 42.861 42.915 43.091 43.134 43.232 43.319 43.43 43.544
42.422 42.27 41.708 41.357 41.139 40.99 41.068 40.784 40.621 40.669 40.48 40.352 40.391 40.521 40.35 40.358 40.078 39.978 39.92 40.178 40.503 40.144 40.299 40.558 40.362 40.58 40.522 40.698 40.595 40.557 40.497 40.647 40.925 41.117 41.097 40.909 40.903 40.826 40.81 41.077 40.954 41.153 41.396 41.272 41.443 41.47 41.432 41.603 41.769 41.771 41.799 41.851 41.902 42.065 42.114 42.234 42.422 42.708 42.837 42.731 42.88 42.911 42.935 43.103 43.284 43.426 43.522 43.539 43.66 43.763 43.867 43.953
42.644 42.495 42.189 41.739 41.536 41.512 41.267 41.212 41.02 41.014 40.84 40.819 40.852 40.823 40.656 40.769 40.765 40.614 40.258 40.329 40.571 40.538 40.684 40.847 41.131 41.402 41.158 41.361 41.046 41.103 40.986 40.959 41.058 41.235 41.523 41.435 41.427 41.461 41.541 41.394 41.507 41.594 41.616 41.593 41.916 41.867 41.812 42.085 42.225 42.313 42.455 42.451 42.391 42.437 42.554 42.664 42.79 42.937 43.168 43.316 43.312 43.24 43.544 43.66 43.727 43.913 43.872 43.948 44.082 44.204 44.313 44.358
43.083 42.761 42.457 42.13 41.973 41.868 41.615 41.597 41.543 41.405 41.208 41.149 41.206 40.887 40.856 40.798 40.787 40.683 40.621 40.703 40.815 40.868 40.918 41.081 41.572 41.392 41.492 41.834 41.675 41.685 41.522 41.402 41.832 41.606 42.021 41.79 41.718 41.769 42.036 41.966 42.054 41.979 41.815 41.893 42.041 42.197 42.25 42.38 42.564 42.803 42.929 42.952 43.039 43.113 43.187 43.258 43.365 43.331 43.445 43.698 43.681 43.763 44.052 44.146 44.156 44.376 44.326 44.38 44.52 44.628 44.728 44.779
43.655 43.353 43.029 42.68 42.34 42.149 42.009 41.89 41.903 41.509 41.625 41.601 41.206 41.22 41.183 40.931 41.049 41.104 41.11 41.254 41.328 41.409 41.257 41.293 41.445 41.657 41.66 42.048 41.816 42.142 42.03 41.928 42.114 42.071 42.427 42.324 42.186 42.283 42.184 42.181 42.312 42.2 42.21 42.235 42.39 42.55 42.653 42.679 42.887 43.021 43.147 43.363 43.504 43.595 44.044 43.922 43.922 43.91 43.871 43.979 44.034 44.383 44.628 44.651 44.591 44.735 44.775 44.816 45.023 45.101 45.16 45.182
44.068 43.813 43.243 43.304 42.674 42.655 42.381 42.16 42.064 41.939 41.702 41.653 41.623 41.269 41.391 41.566 41.618 41.42 41.494 41.29 41.466 41.415 41.364 41.695 41.623 41.968 41.985 42.159 42.123 42.257 42.496 42.429 42.649 42.55 42.953 42.848 42.7 42.76 42.969 42.65 42.513 42.501 42.574 42.677 42.892 43.034 43.04 43.027 43.192 43.244 43.391 43.536 43.663 43.822 43.974 44.177 44.298 44.339 44.273 44.368 44.464 44.829 45.124 45.042 45.045 45.077 45.143 45.254 45.395 45.495 45.581 45.587
44.551 44.021 43.722 43.365 43.23 43.033 42.637 42.286 42.238 42.34 41.825 41.828 41.543 41.557 41.987 42.022 41.946 41.694 41.689 41.642 41.64 41.679 41.808 41.719 42.092 42.428 42.474 42.293 42.393 42.628 42.875 43.014 43.13 43.173 43.328 43.25 42.999 43.436 43.058 43.008 42.937 42.947 43.048 43.226 43.393 43.603 43.536 43.462 43.719 43.787 43.866 44.003 44.176 44.256 44.279 44.404 44.522 44.621 44.838 44.925 44.91 45.15 45.419 45.425 45.469 45.573 45.551 45.739 45.876 45.924 45.946 46.014
44.872 44.233 44.114 43.692 43.497 43.293 43.187 42.677 42.506 42.688 42.094 41.916 41.944 42.213 42.553 42.211 42.019 41.956 42.19 41.945 42.303 42.251 42.266 42.173 42.652 42.442 42.751 42.808 42.776 42.959 43.229 43.186 43.309 43.687 43.752 43.811 43.547 43.449 43.52 43.802 43.458 43.497 43.627 43.569 43.766 43.969 44.154 43.959 44.152 44.329 44.321 44.562 44.736 44.877 44.895 44.978 45.183 45.396 45.612 45.731 45.566 45.619 45.665 45.747 45.86 46.061 46.043 46.195 46.343 46.356 46.347 46.44
44.993 44.618 44.299 44.095 43.737 43.456 43.396 43.013 42.818 42.925 42.368 42.263 42.5 42.418 42.573 42.656 42.323 42.251 42.344 42.52 42.521 42.843 42.59 42.821 43.04 42.888 43.205 43.056 43.182 43.32 43.728 43.686 43.954 44.065 44.269 44.284 44.036 43.988 44.067 44.057 44.14 44.052 43.948 44.005 44.094 44.285 44.528 44.591 44.654 44.988 44.917 45.089 45.233 45.478 45.512 45.535 45.602 45.755 46.103 46.205 46.199 46.324 46.372 46.269 46.28 46.416 46.573 46.627 46.758 46.776 46.822 46.919
45.302 44.974 44.666 44.378 44.065 43.878 43.849 43.232 43.168 43.342 42.647 42.758 42.612 42.624 42.567 42.514 42.658 42.819 42.88 42.94 43.184 43.03 43.022 43.204 43.272 43.365 43.478 43.517 43.616 43.97 43.889 44.08 44.381 44.362 44.665 44.677 44.749 44.662 44.678 44.746 44.981 44.456 44.68 44.796 44.732 45.03 45.276 45.226 45.117 45.459 45.554 45.438 45.632 45.813 46.021 45.898 45.836 45.995 46.314 46.652 46.628 46.736 46.674 46.745 46.76 46.871 46.967 47.012 47.097 47.147 47.29 47.416
45.828 45.517 45.18 44.929 44.726 44.244 43.904 43.627 43.72 43.153 43.12 42.835 42.821 42.764 42.974 43.37 43.159 43.215 43.574 43.622 43.621 43.661 43.512 43.977 44.035 43.858 43.978 44.408 44.426 44.329 44.373 44.542 44.657 44.689 44.796 45.097 44.954 44.968 45.009 44.963 44.938 45.177 45.173 45.178 45.174 45.109 45.274 45.351 45.435 45.674 45.669 45.741 45.908 46.092 46.293 46.309 46.28 46.375 46.571 46.79 46.953 47.142 47.14 47.092 47.278 47.318 47.403 47.526 47.56 47.637 47.726 47.834
46.335 45.971 45.667 45.457 45.048 44.702 44.297 43.965 43.85 43.632 43.538 43.384 43.209 43.358 43.24 43.543 43.808 43.595 43.965 44.165 43.99 43.923 44.163 44.532 44.489 44.334 44.533 44.687 45.013 45.066 45.076 45.123 45.037 45.11 45.338 45.591 45.467 45.438 45.46 45.781 45.561 45.797 45.916 45.891 45.604 45.859 45.651 45.852 45.904 45.98 46.105 46.222 46.324 46.444 46.59 46.681 46.716 46.82 46.909 47.029 47.177 47.331 47.437 47.454 47.496 47.687 47.813 47.905 47.981 48.07 48.167 48.321
46.408 46.046 45.908 45.694 45.591 45.164 44.765 44.334 43.99 44.104 43.693 43.672 43.722 43.819 43.672 43.95 44.248 44.148 44.479 44.406 44.469 44.603 44.658 45.016 44.887 44.96 45.125 45.316 45.587 45.585 45.421 45.471 45.696 45.73 45.738 46.062 46.168 46.293 46.256 46.305 46.263 46.322 46.446 46.294 46.147 46.106 46.391 46.774 46.439 46.558 46.715 46.82 46.852 46.931 47.052 47.141 47.272 47.555 47.621 47.637 47.666 47.717 47.801 47.848 47.951 48.204 48.239 48.36 48.479 48.569 48.649 48.809
