raw_data/humedad_relativa/hora9/rh9jul.txt
ncols         501
nrows         361
xllcorner     109.95
yllcorner     -45.05
cellsize      0.1
NODATA_value  -9999
[rows 64 to 95 of 361, columns 0 to 71 of 501]
62.561 62.446 62.33 62.213 62.094 61.973 61.851 61.727 61.602 61.475 61.347 61.217 61.085 60.952 60.817 60.68 60.542 60.402 60.26 60.116 59.97 59.823 59.674 59.522 59.369 59.215 59.058 58.899 58.739 58.577 58.412 58.246 58.078 57.908 57.736 57.563 57.387 57.21 57.031 56.851 56.668 56.484 56.298 56.111 55.922 55.732 55.541 55.348 55.154 54.958 54.762 54.565 54.367 54.168 53.968 53.768 53.567 53.366 53.165 52.963 52.762 52.561 52.36 52.16 51.96 51.761 51.563 51.365 51.169 50.974 50.781 50.589
62.605 62.491 62.374 62.256 62.137 62.016 61.894 61.769 61.644 61.517 61.388 61.257 61.125 60.991 60.856 60.718 60.579 60.438 60.295 60.151 60.004 59.856 59.706 59.554 59.399 59.244 59.086 58.926 58.764 58.6 58.435 58.267 58.097 57.926 57.752 57.577 57.4 57.22 57.039 56.857 56.672 56.486 56.298 56.108 55.917 55.724 55.53 55.334 55.137 54.939 54.739 54.539 54.338 54.136 53.933 53.729 53.525 53.321 53.116 52.911 52.706 52.502 52.297 52.093 51.89 51.687 51.485 51.285 51.085 50.887 50.69 50.494
62.651 62.536 62.419 62.301 62.182 62.06 61.938 61.813 61.687 61.56 61.43 61.299 61.167 61.032 60.896 60.758 60.618 60.476 60.333 60.187 60.04 59.891 59.74 59.587 59.431 59.274 59.115 58.954 58.791 58.626 58.459 58.29 58.119 57.945 57.77 57.593 57.414 57.233 57.05 56.865 56.678 56.489 56.299 56.107 55.913 55.718 55.521 55.322 55.122 54.921 54.719 54.515 54.311 54.105 53.899 53.692 53.485 53.277 53.069 52.86 52.652 52.444 52.235 52.028 51.821 51.614 51.409 51.204 51.001 50.799 50.598 50.399
62.699 62.583 62.466 62.348 62.228 62.106 61.983 61.859 61.732 61.604 61.474 61.343 61.21 61.075 60.938 60.799 60.659 60.516 60.372 60.226 60.078 59.928 59.776 59.622 59.466 59.307 59.147 58.985 58.821 58.654 58.486 58.315 58.142 57.967 57.79 57.611 57.43 57.247 57.062 56.875 56.686 56.495 56.302 56.108 55.911 55.713 55.514 55.312 55.11 54.905 54.7 54.493 54.286 54.077 53.867 53.657 53.446 53.234 53.023 52.811 52.598 52.386 52.175 51.963 51.752 51.542 51.333 51.125 50.917 50.712 50.507 50.305
62.747 62.632 62.515 62.396 62.276 62.154 62.03 61.905 61.779 61.65 61.52 61.388 61.255 61.119 60.982 60.843 60.701 60.558 60.414 60.267 60.118 59.967 59.814 59.659 59.502 59.342 59.181 59.018 58.852 58.684 58.514 58.342 58.168 57.992 57.813 57.632 57.449 57.264 57.077 56.888 56.697 56.503 56.308 56.111 55.912 55.711 55.509 55.305 55.099 54.892 54.683 54.473 54.262 54.05 53.837 53.623 53.409 53.193 52.978 52.762 52.546 52.33 52.115 51.9 51.685 51.471 51.258 51.045 50.834 50.625 50.417 50.21
62.797 62.682 62.564 62.445 62.325 62.203 62.079 61.954 61.827 61.698 61.568 61.435 61.301 61.165 61.027 60.888 60.746 60.602 60.457 60.309 60.16 60.008 59.854 59.698 59.54 59.38 59.217 59.053 58.886 58.717 58.545 58.372 58.196 58.018 57.838 57.655 57.471 57.284 57.094 56.903 56.71 56.514 56.316 56.117 55.915 55.712 55.506 55.299 55.09 54.88 54.668 54.455 54.241 54.025 53.809 53.591 53.373 53.154 52.935 52.715 52.495 52.276 52.056 51.837 51.618 51.4 51.183 50.967 50.752 50.538 50.326 50.116
62.849 62.733 62.615 62.496 62.376 62.254 62.13 62.004 61.877 61.748 61.617 61.484 61.35 61.213 61.075 60.935 60.792 60.648 60.502 60.354 60.203 60.051 59.896 59.739 59.58 59.419 59.256 59.09 58.922 58.752 58.579 58.404 58.227 58.047 57.865 57.681 57.494 57.305 57.114 56.921 56.725 56.527 56.327 56.125 55.92 55.714 55.506 55.296 55.084 54.871 54.656 54.439 54.221 54.002 53.782 53.561 53.339 53.116 52.893 52.67 52.446 52.222 51.998 51.775 51.552 51.33 51.109 50.889 50.669 50.452 50.236 50.021
62.902 62.786 62.668 62.549 62.428 62.306 62.182 62.056 61.928 61.799 61.668 61.535 61.4 61.263 61.124 60.984 60.841 60.696 60.549 60.4 60.249 60.096 59.941 59.783 59.623 59.461 59.296 59.129 58.96 58.789 58.615 58.438 58.26 58.078 57.895 57.709 57.52 57.329 57.136 56.941 56.743 56.542 56.34 56.135 55.928 55.719 55.508 55.295 55.08 54.864 54.645 54.425 54.204 53.981 53.757 53.533 53.307 53.08 52.853 52.625 52.398 52.17 51.942 51.714 51.487 51.261 51.035 50.811 50.588 50.366 50.146 49.927
62.956 62.84 62.722 62.603 62.482 62.359 62.235 62.109 61.981 61.852 61.72 61.587 61.452 61.315 61.175 61.034 60.891 60.746 60.598 60.449 60.297 60.143 59.987 59.829 59.668 59.505 59.339 59.171 59.001 58.828 58.653 58.475 58.295 58.112 57.927 57.739 57.549 57.356 57.161 56.963 56.763 56.56 56.355 56.148 55.938 55.727 55.513 55.297 55.079 54.859 54.637 54.414 54.189 53.962 53.735 53.506 53.276 53.046 52.814 52.583 52.351 52.119 51.887 51.655 51.423 51.193 50.963 50.734 50.506 50.28 50.056 49.833
63.012 62.895 62.778 62.658 62.537 62.415 62.29 62.164 62.036 61.906 61.775 61.641 61.505 61.368 61.229 61.087 60.943 60.798 60.65 60.5 60.347 60.193 60.036 59.876 59.715 59.551 59.384 59.215 59.044 58.87 58.694 58.514 58.333 58.149 57.962 57.772 57.58 57.385 57.188 56.988 56.786 56.581 56.373 56.164 55.951 55.737 55.52 55.301 55.079 54.856 54.631 54.404 54.176 53.946 53.714 53.481 53.248 53.013 52.778 52.542 52.305 52.069 51.832 51.596 51.36 51.125 50.891 50.658 50.426 50.195 49.966 49.739
63.069 62.953 62.835 62.715 62.594 62.471 62.347 62.221 62.092 61.962 61.831 61.697 61.561 61.423 61.283 61.142 60.997 60.851 60.703 60.552 60.399 60.244 60.087 59.927 59.764 59.599 59.432 59.262 59.09 58.914 58.737 58.556 58.373 58.188 57.999 57.808 57.614 57.418 57.218 57.016 56.812 56.604 56.394 56.182 55.967 55.749 55.529 55.307 55.083 54.856 54.628 54.397 54.165 53.931 53.696 53.459 53.221 52.982 52.742 52.502 52.261 52.02 51.78 51.539 51.298 51.059 50.82 50.582 50.345 50.11 49.877 49.645
63.127 63.011 62.893 62.774 62.653 62.53 62.405 62.279 62.151 62.02 61.888 61.754 61.618 61.48 61.34 61.198 61.054 60.907 60.758 60.607 60.454 60.298 60.14 59.979 59.816 59.65 59.482 59.311 59.137 58.961 58.782 58.601 58.416 58.229 58.039 57.846 57.651 57.452 57.251 57.047 56.84 56.63 56.418 56.203 55.985 55.765 55.542 55.316 55.089 54.859 54.627 54.393 54.157 53.919 53.679 53.439 53.196 52.953 52.709 52.464 52.219 51.974 51.728 51.482 51.237 50.993 50.749 50.507 50.265 50.026 49.788 49.552
63.187 63.071 62.953 62.834 62.713 62.59 62.465 62.339 62.21 62.08 61.948 61.814 61.677 61.539 61.399 61.256 61.112 60.965 60.815 60.664 60.51 60.354 60.195 60.034 59.87 59.703 59.534 59.362 59.188 59.011 58.831 58.648 58.462 58.273 58.082 57.887 57.69 57.49 57.287 57.08 56.871 56.659 56.444 56.227 56.006 55.783 55.557 55.328 55.097 54.864 54.628 54.39 54.151 53.909 53.665 53.42 53.174 52.926 52.678 52.428 52.178 51.928 51.678 51.427 51.178 50.928 50.68 50.432 50.186 49.942 49.699 49.458
63.248 63.132 63.015 62.895 62.774 62.651 62.527 62.4 62.272 62.141 62.009 61.875 61.738 61.6 61.459 61.317 61.172 61.024 60.875 60.723 60.569 60.412 60.252 60.09 59.926 59.759 59.589 59.416 59.241 59.063 58.881 58.697 58.51 58.32 58.127 57.931 57.732 57.53 57.325 57.117 56.905 56.691 56.474 56.253 56.03 55.804 55.575 55.343 55.109 54.872 54.633 54.391 54.147 53.901 53.654 53.404 53.154 52.901 52.648 52.394 52.139 51.884 51.629 51.374 51.119 50.864 50.611 50.358 50.107 49.858 49.61 49.365
63.311 63.195 63.077 62.958 62.837 62.714 62.589 62.463 62.335 62.204 62.072 61.938 61.801 61.663 61.522 61.379 61.234 61.086 60.936 60.784 60.629 60.472 60.312 60.15 59.985 59.817 59.646 59.473 59.296 59.117 58.935 58.75 58.562 58.37 58.176 57.978 57.777 57.574 57.366 57.156 56.943 56.726 56.506 56.283 56.057 55.828 55.596 55.361 55.123 54.883 54.64 54.394 54.146 53.896 53.645 53.391 53.135 52.879 52.621 52.362 52.102 51.842 51.582 51.321 51.061 50.802 50.543 50.285 50.029 49.774 49.522 49.271
63.375 63.259 63.142 63.022 62.901 62.779 62.654 62.528 62.399 62.269 62.136 62.002 61.866 61.727 61.586 61.443 61.298 61.15 61 60.847 60.692 60.534 60.374 60.211 60.046 59.877 59.706 59.532 59.354 59.174 58.991 58.805 58.615 58.423 58.227 58.028 57.826 57.62 57.411 57.199 56.983 56.764 56.542 56.316 56.087 55.855 55.62 55.382 55.141 54.897 54.65 54.4 54.148 53.894 53.638 53.38 53.12 52.858 52.595 52.331 52.067 51.801 51.536 51.27 51.005 50.74 50.476 50.213 49.951 49.691 49.433 49.178
63.44 63.325 63.207 63.088 62.967 62.845 62.72 62.594 62.465 62.335 62.203 62.068 61.932 61.793 61.652 61.509 61.364 61.216 61.065 60.912 60.757 60.599 60.438 60.275 60.109 59.94 59.768 59.593 59.415 59.234 59.05 58.863 58.672 58.478 58.281 58.081 57.877 57.669 57.458 57.244 57.026 56.805 56.58 56.352 56.121 55.886 55.647 55.406 55.161 54.913 54.663 54.409 54.153 53.895 53.634 53.371 53.106 52.84 52.572 52.303 52.033 51.762 51.491 51.22 50.949 50.679 50.41 50.141 49.874 49.609 49.346 49.084
63.507 63.392 63.274 63.155 63.035 62.912 62.788 62.662 62.533 62.403 62.271 62.136 62 61.861 61.72 61.577 61.431 61.283 61.133 60.98 60.824 60.666 60.505 60.341 60.175 60.005 59.833 59.657 59.478 59.297 59.112 58.923 58.732 58.537 58.338 58.136 57.931 57.722 57.509 57.293 57.073 56.849 56.622 56.392 56.157 55.919 55.678 55.433 55.185 54.933 54.679 54.421 54.161 53.898 53.633 53.365 53.095 52.824 52.551 52.276 52.001 51.725 51.449 51.172 50.895 50.62 50.344 50.07 49.798 49.527 49.258 48.991
63.575 63.46 63.343 63.224 63.104 62.981 62.857 62.731 62.603 62.473 62.34 62.206 62.07 61.931 61.79 61.647 61.501 61.353 61.203 61.049 60.894 60.735 60.574 60.41 60.243 60.073 59.9 59.724 59.544 59.362 59.176 58.987 58.794 58.598 58.398 58.195 57.988 57.778 57.563 57.345 57.123 56.897 56.668 56.434 56.197 55.956 55.712 55.463 55.212 54.957 54.698 54.437 54.172 53.904 53.634 53.362 53.087 52.81 52.532 52.252 51.971 51.69 51.407 51.125 50.843 50.561 50.28 50 49.722 49.445 49.17 48.898
63.645 63.529 63.413 63.294 63.174 63.052 62.928 62.802 62.674 62.544 62.412 62.278 62.141 62.003 61.862 61.719 61.573 61.425 61.274 61.121 60.965 60.806 60.645 60.481 60.313 60.143 59.969 59.793 59.613 59.43 59.243 59.053 58.86 58.663 58.462 58.257 58.049 57.837 57.62 57.4 57.176 56.948 56.716 56.481 56.241 55.997 55.749 55.497 55.242 54.983 54.721 54.455 54.186 53.914 53.639 53.361 53.081 52.799 52.516 52.23 51.944 51.656 51.368 51.08 50.791 50.504 50.217 49.931 49.646 49.364 49.083 48.805
63.715 63.6 63.484 63.366 63.246 63.124 63 62.874 62.746 62.617 62.485 62.351 62.215 62.076 61.935 61.792 61.647 61.499 61.348 61.195 61.039 60.88 60.718 60.554 60.386 60.216 60.042 59.865 59.684 59.501 59.313 59.123 58.928 58.73 58.528 58.322 58.112 57.899 57.681 57.459 57.233 57.003 56.769 56.53 56.288 56.041 55.79 55.535 55.276 55.013 54.747 54.477 54.203 53.926 53.647 53.364 53.079 52.791 52.502 52.211 51.918 51.625 51.33 51.036 50.741 50.447 50.154 49.862 49.571 49.282 48.996 48.712
63.787 63.673 63.556 63.438 63.319 63.197 63.073 62.948 62.82 62.691 62.559 62.426 62.29 62.151 62.011 61.868 61.722 61.574 61.424 61.27 61.114 60.956 60.794 60.629 60.461 60.291 60.116 59.939 59.758 59.574 59.386 59.195 58.999 58.8 58.597 58.391 58.18 57.964 57.745 57.522 57.294 57.061 56.825 56.584 56.338 56.089 55.835 55.576 55.314 55.047 54.777 54.502 54.224 53.942 53.657 53.37 53.079 52.786 52.49 52.193 51.895 51.595 51.295 50.994 50.693 50.392 50.093 49.794 49.497 49.202 48.909 48.619
63.86 63.746 63.63 63.513 63.393 63.272 63.149 63.023 62.896 62.767 62.636 62.502 62.366 62.228 62.088 61.945 61.8 61.652 61.501 61.348 61.192 61.033 60.872 60.707 60.539 60.368 60.194 60.016 59.835 59.65 59.462 59.27 59.074 58.874 58.67 58.462 58.25 58.033 57.813 57.587 57.358 57.123 56.885 56.641 56.393 56.14 55.883 55.621 55.355 55.085 54.81 54.531 54.248 53.962 53.672 53.378 53.082 52.783 52.482 52.179 51.874 51.568 51.261 50.953 50.646 50.339 50.032 49.727 49.423 49.122 48.822 48.526
63.935 63.821 63.705 63.588 63.469 63.348 63.225 63.1 62.973 62.844 62.713 62.58 62.445 62.307 62.167 62.024 61.879 61.731 61.581 61.428 61.272 61.114 60.952 60.787 60.619 60.448 60.274 60.096 59.914 59.729 59.54 59.348 59.151 58.951 58.746 58.537 58.324 58.106 57.884 57.657 57.425 57.189 56.948 56.702 56.452 56.196 55.936 55.671 55.401 55.126 54.847 54.564 54.276 53.985 53.689 53.39 53.088 52.784 52.476 52.166 51.855 51.542 51.229 50.914 50.6 50.286 49.973 49.661 49.35 49.042 48.736 48.433
64.01 63.897 63.782 63.665 63.546 63.425 63.303 63.178 63.052 62.923 62.793 62.66 62.525 62.387 62.247 62.105 61.96 61.813 61.663 61.51 61.354 61.196 61.034 60.869 60.702 60.53 60.356 60.178 59.996 59.811 59.622 59.429 59.232 59.03 58.825 58.615 58.401 58.182 57.958 57.73 57.497 57.259 57.016 56.767 56.514 56.256 55.992 55.724 55.45 55.172 54.888 54.6 54.308 54.011 53.711 53.406 53.098 52.787 52.473 52.157 51.839 51.519 51.199 50.877 50.556 50.235 49.914 49.595 49.278 48.962 48.649 48.339
64.087 63.974 63.859 63.743 63.625 63.504 63.382 63.258 63.132 63.004 62.873 62.741 62.606 62.469 62.33 62.188 62.043 61.896 61.746 61.594 61.438 61.28 61.119 60.954 60.786 60.615 60.441 60.263 60.081 59.895 59.706 59.513 59.315 59.113 58.907 58.697 58.481 58.262 58.037 57.807 57.572 57.332 57.087 56.837 56.581 56.32 56.053 55.781 55.504 55.221 54.934 54.641 54.344 54.042 53.736 53.425 53.111 52.794 52.473 52.15 51.825 51.498 51.171 50.842 50.513 50.185 49.857 49.53 49.205 48.883 48.563 48.246
64.165 64.053 63.938 63.822 63.704 63.585 63.463 63.339 63.213 63.086 62.956 62.824 62.689 62.553 62.414 62.272 62.128 61.981 61.832 61.68 61.524 61.366 61.205 61.041 60.873 60.702 60.528 60.35 60.168 59.983 59.793 59.599 59.402 59.199 58.993 58.782 58.566 58.345 58.119 57.888 57.651 57.41 57.163 56.91 56.652 56.388 56.118 55.843 55.562 55.275 54.984 54.686 54.384 54.076 53.764 53.448 53.128 52.804 52.476 52.146 51.814 51.48 51.145 50.808 50.472 50.136 49.8 49.466 49.134 48.804 48.477 48.153
64.244 64.132 64.018 63.903 63.785 63.666 63.545 63.422 63.296 63.169 63.04 62.908 62.774 62.638 62.499 62.358 62.214 62.068 61.919 61.767 61.612 61.455 61.294 61.13 60.963 60.792 60.618 60.44 60.258 60.072 59.883 59.689 59.491 59.289 59.082 58.87 58.653 58.431 58.204 57.972 57.735 57.491 57.242 56.988 56.727 56.46 56.188 55.909 55.625 55.334 55.038 54.736 54.428 54.115 53.797 53.475 53.148 52.817 52.483 52.145 51.806 51.464 51.121 50.777 50.432 50.088 49.745 49.403 49.063 48.725 48.39 48.059
64.325 64.213 64.1 63.984 63.868 63.749 63.628 63.505 63.381 63.254 63.125 62.994 62.86 62.725 62.586 62.446 62.303 62.157 62.008 61.857 61.702 61.545 61.385 61.221 61.054 60.884 60.71 60.532 60.35 60.165 59.975 59.782 59.584 59.381 59.173 58.961 58.744 58.522 58.294 58.061 57.822 57.577 57.326 57.07 56.807 56.538 56.262 55.98 55.692 55.397 55.097 54.79 54.477 54.158 53.834 53.506 53.172 52.834 52.492 52.148 51.8 51.45 51.099 50.747 50.394 50.042 49.69 49.34 48.992 48.647 48.304 47.965
64.406 64.295 64.182 64.067 63.951 63.833 63.712 63.59 63.466 63.34 63.211 63.081 62.948 62.813 62.675 62.535 62.392 62.247 62.099 61.948 61.794 61.637 61.477 61.314 61.147 60.977 60.804 60.626 60.445 60.26 60.071 59.877 59.679 59.476 59.269 59.056 58.838 58.616 58.387 58.153 57.913 57.667 57.415 57.156 56.891 56.619 56.341 56.056 55.764 55.465 55.16 54.848 54.53 54.206 53.876 53.54 53.2 52.855 52.505 52.153 51.797 51.439 51.079 50.719 50.357 49.997 49.637 49.278 48.922 48.568 48.218 47.871
64.488 64.378 64.265 64.151 64.035 63.918 63.798 63.676 63.553 63.427 63.299 63.169 63.037 62.902 62.765 62.626 62.484 62.339 62.191 62.041 61.888 61.731 61.572 61.409 61.243 61.074 60.9 60.723 60.543 60.358 60.169 59.975 59.777 59.574 59.367 59.154 58.936 58.713 58.484 58.249 58.008 57.761 57.507 57.247 56.98 56.706 56.425 56.136 55.841 55.539 55.229 54.912 54.589 54.258 53.922 53.58 53.232 52.879 52.522 52.161 51.797 51.43 51.062 50.692 50.322 49.952 49.584 49.217 48.852 48.49 48.131 47.776
64.572 64.462 64.35 64.236 64.121 64.004 63.885 63.764 63.641 63.516 63.389 63.259 63.127 62.993 62.857 62.718 62.577 62.432 62.285 62.136 61.983 61.827 61.668 61.506 61.341 61.172 60.999 60.823 60.642 60.458 60.269 60.076 59.878 59.676 59.468 59.256 59.038 58.814 58.585 58.349 58.107 57.859 57.604 57.342 57.073 56.797 56.513 56.222 55.923 55.617 55.303 54.981 54.652 54.316 53.973 53.624 53.268 52.908 52.542 52.173 51.8 51.424 51.046 50.668 50.288 49.909 49.532 49.155 48.782 48.411 48.044 47.681
