raw_data/humedad_relativa/hora9/rh9jun.txt
ncols         501
nrows         361
xllcorner     109.95
yllcorner     -45.05
cellsize      0.1
NODATA_value  -9999
[rows 0 to 31 of 361, columns 0 to 71 of 501]
61.824 61.761 61.698 61.634 61.57 61.506 61.441 61.376 61.311 61.246 61.181 61.115 61.049 60.983 60.917 60.851 60.784 60.717 60.651 60.584 60.516 60.449 60.382 60.314 60.247 60.179 60.112 60.044 59.976 59.908 59.841 59.773 59.705 59.638 59.57 59.502 59.435 59.368 59.3 59.233 59.166 59.1 59.033 58.967 58.901 58.835 58.769 58.704 58.638 58.574 58.509 58.445 58.381 58.318 58.255 58.193 58.131 58.069 58.008 57.947 57.887 57.828 57.769 57.711 57.653 57.596 57.54 57.484 57.429 57.375 57.321 57.268
61.814 61.751 61.686 61.622 61.557 61.492 61.427 61.362 61.296 61.23 61.164 61.097 61.031 60.964 60.897 60.829 60.762 60.694 60.627 60.559 60.491 60.423 60.354 60.286 60.218 60.149 60.08 60.012 59.943 59.874 59.805 59.737 59.668 59.599 59.531 59.462 59.393 59.325 59.257 59.188 59.12 59.052 58.985 58.917 58.85 58.783 58.716 58.649 58.583 58.517 58.452 58.386 58.321 58.257 58.193 58.129 58.066 58.003 57.941 57.879 57.818 57.757 57.697 57.637 57.578 57.52 57.462 57.405 57.349 57.293 57.239 57.184
61.805 61.741 61.676 61.611 61.545 61.479 61.414 61.347 61.281 61.214 61.147 61.08 61.012 60.945 60.877 60.809 60.74 60.672 60.603 60.535 60.466 60.397 60.327 60.258 60.189 60.119 60.05 59.98 59.91 59.84 59.771 59.701 59.631 59.561 59.492 59.422 59.352 59.283 59.213 59.144 59.075 59.006 58.937 58.868 58.8 58.731 58.663 58.596 58.528 58.461 58.394 58.328 58.261 58.196 58.13 58.065 58.001 57.937 57.873 57.81 57.748 57.686 57.624 57.563 57.503 57.444 57.385 57.326 57.269 57.212 57.156 57.101
61.797 61.731 61.666 61.6 61.534 61.467 61.401 61.334 61.266 61.199 61.131 61.063 60.995 60.926 60.858 60.789 60.719 60.65 60.581 60.511 60.441 60.371 60.301 60.231 60.16 60.09 60.019 59.949 59.878 59.807 59.736 59.665 59.595 59.524 59.453 59.382 59.311 59.241 59.17 59.1 59.029 58.959 58.889 58.819 58.75 58.68 58.611 58.542 58.473 58.405 58.337 58.269 58.202 58.135 58.068 58.002 57.936 57.871 57.806 57.742 57.678 57.615 57.552 57.49 57.428 57.367 57.307 57.248 57.189 57.131 57.073 57.017
61.788 61.723 61.656 61.59 61.523 61.456 61.388 61.321 61.252 61.184 61.116 61.047 60.978 60.908 60.839 60.769 60.699 60.629 60.558 60.488 60.417 60.346 60.275 60.204 60.132 60.061 59.989 59.918 59.846 59.774 59.702 59.63 59.559 59.487 59.415 59.343 59.271 59.199 59.128 59.056 58.984 58.913 58.842 58.771 58.7 58.629 58.559 58.489 58.419 58.349 58.28 58.211 58.142 58.074 58.006 57.939 57.872 57.805 57.739 57.673 57.608 57.544 57.48 57.416 57.354 57.291 57.23 57.169 57.109 57.049 56.991 56.933
61.781 61.714 61.647 61.58 61.513 61.445 61.377 61.308 61.239 61.17 61.101 61.031 60.961 60.891 60.821 60.75 60.679 60.608 60.537 60.465 60.394 60.322 60.25 60.177 60.105 60.033 59.96 59.887 59.815 59.742 59.669 59.596 59.523 59.45 59.377 59.304 59.231 59.158 59.085 59.013 58.94 58.867 58.795 58.723 58.651 58.579 58.507 58.436 58.365 58.294 58.223 58.153 58.083 58.014 57.944 57.876 57.807 57.74 57.672 57.605 57.539 57.473 57.408 57.343 57.279 57.215 57.152 57.09 57.029 56.968 56.908 56.849
61.774 61.707 61.639 61.571 61.503 61.434 61.365 61.296 61.227 61.157 61.087 61.016 60.945 60.874 60.803 60.732 60.66 60.588 60.516 60.443 60.371 60.298 60.225 60.152 60.078 60.005 59.931 59.858 59.784 59.71 59.636 59.562 59.488 59.414 59.34 59.266 59.191 59.117 59.043 58.97 58.896 58.822 58.748 58.675 58.602 58.529 58.456 58.383 58.311 58.239 58.167 58.095 58.024 57.953 57.883 57.813 57.743 57.674 57.605 57.537 57.469 57.402 57.336 57.27 57.204 57.139 57.075 57.012 56.949 56.887 56.825 56.765
61.768 61.7 61.632 61.563 61.494 61.425 61.355 61.285 61.215 61.144 61.073 61.002 60.93 60.858 60.786 60.714 60.641 60.568 60.495 60.422 60.348 60.275 60.201 60.126 60.052 59.978 59.903 59.828 59.754 59.679 59.604 59.528 59.453 59.378 59.303 59.228 59.152 59.077 59.002 58.927 58.852 58.777 58.702 58.628 58.553 58.479 58.405 58.331 58.257 58.184 58.111 58.038 57.966 57.893 57.822 57.75 57.679 57.609 57.539 57.469 57.4 57.332 57.264 57.196 57.13 57.063 56.998 56.933 56.869 56.805 56.743 56.68
61.762 61.694 61.625 61.555 61.486 61.415 61.345 61.274 61.203 61.132 61.06 60.988 60.915 60.843 60.77 60.697 60.623 60.549 60.475 60.401 60.327 60.252 60.177 60.102 60.026 59.951 59.875 59.8 59.724 59.648 59.572 59.495 59.419 59.343 59.267 59.19 59.114 59.037 58.961 58.885 58.809 58.733 58.657 58.581 58.505 58.43 58.354 58.279 58.204 58.129 58.055 57.981 57.907 57.834 57.761 57.688 57.616 57.544 57.473 57.402 57.331 57.261 57.192 57.123 57.055 56.988 56.921 56.854 56.789 56.724 56.66 56.596
61.757 61.688 61.618 61.548 61.478 61.407 61.336 61.264 61.192 61.12 61.048 60.975 60.901 60.828 60.754 60.68 60.606 60.531 60.456 60.381 60.305 60.23 60.154 60.078 60.001 59.925 59.848 59.771 59.695 59.617 59.54 59.463 59.386 59.308 59.231 59.153 59.076 58.998 58.921 58.843 58.766 58.689 58.611 58.534 58.457 58.38 58.304 58.227 58.151 58.075 58 57.924 57.849 57.774 57.7 57.626 57.552 57.479 57.406 57.334 57.262 57.191 57.121 57.05 56.981 56.912 56.844 56.776 56.709 56.643 56.577 56.512
61.753 61.683 61.613 61.542 61.471 61.399 61.327 61.255 61.182 61.109 61.036 60.962 60.888 60.814 60.739 60.664 60.589 60.513 60.437 60.361 60.285 60.208 60.131 60.054 59.977 59.899 59.822 59.744 59.666 59.588 59.51 59.431 59.353 59.274 59.195 59.117 59.038 58.959 58.881 58.802 58.723 58.645 58.567 58.488 58.41 58.332 58.254 58.176 58.099 58.022 57.945 57.868 57.791 57.715 57.64 57.564 57.489 57.415 57.341 57.267 57.194 57.121 57.049 56.978 56.907 56.836 56.767 56.698 56.629 56.562 56.495 56.429
61.75 61.679 61.608 61.536 61.464 61.392 61.319 61.246 61.173 61.099 61.025 60.95 60.875 60.8 60.725 60.649 60.573 60.496 60.419 60.342 60.265 60.187 60.11 60.031 59.953 59.875 59.796 59.717 59.638 59.559 59.479 59.4 59.32 59.241 59.161 59.081 59.001 58.921 58.841 58.761 58.682 58.602 58.522 58.442 58.363 58.284 58.204 58.125 58.047 57.968 57.89 57.812 57.734 57.657 57.579 57.503 57.426 57.35 57.275 57.2 57.125 57.051 56.978 56.905 56.833 56.761 56.69 56.619 56.55 56.481 56.412 56.345
61.747 61.675 61.604 61.531 61.459 61.386 61.312 61.238 61.164 61.089 61.015 60.939 60.863 60.787 60.711 60.634 60.557 60.48 60.402 60.324 60.246 60.167 60.088 60.009 59.93 59.85 59.771 59.691 59.61 59.53 59.45 59.369 59.288 59.208 59.127 59.046 58.965 58.883 58.802 58.721 58.64 58.559 58.478 58.397 58.317 58.236 58.155 58.075 57.995 57.915 57.835 57.756 57.677 57.598 57.52 57.441 57.364 57.286 57.21 57.133 57.057 56.982 56.907 56.832 56.759 56.686 56.613 56.541 56.47 56.399 56.33 56.261
61.745 61.672 61.6 61.527 61.454 61.38 61.306 61.231 61.156 61.081 61.005 60.929 60.852 60.775 60.698 60.62 60.542 60.464 60.385 60.306 60.227 60.148 60.068 59.988 59.907 59.827 59.746 59.665 59.584 59.502 59.421 59.339 59.257 59.175 59.093 59.011 58.929 58.846 58.764 58.682 58.599 58.517 58.435 58.353 58.271 58.189 58.107 58.025 57.944 57.862 57.781 57.701 57.62 57.54 57.46 57.381 57.301 57.223 57.144 57.067 56.989 56.912 56.836 56.76 56.685 56.61 56.536 56.463 56.391 56.319 56.247 56.177
61.743 61.67 61.597 61.523 61.449 61.375 61.3 61.225 61.149 61.073 60.996 60.919 60.842 60.764 60.686 60.607 60.528 60.449 60.369 60.29 60.209 60.129 60.048 59.967 59.885 59.804 59.722 59.64 59.558 59.475 59.392 59.309 59.226 59.143 59.06 58.977 58.893 58.81 58.726 58.642 58.559 58.475 58.392 58.308 58.225 58.142 58.059 57.976 57.893 57.81 57.728 57.646 57.564 57.482 57.401 57.32 57.239 57.159 57.08 57 56.921 56.843 56.765 56.688 56.611 56.535 56.46 56.385 56.311 56.238 56.165 56.093
61.742 61.669 61.595 61.521 61.446 61.371 61.295 61.219 61.142 61.065 60.988 60.91 60.832 60.753 60.674 60.595 60.515 60.435 60.354 60.273 60.192 60.111 60.029 59.947 59.864 59.782 59.699 59.615 59.532 59.448 59.365 59.281 59.196 59.112 59.028 58.943 58.858 58.774 58.689 58.604 58.519 58.434 58.349 58.265 58.18 58.095 58.011 57.926 57.842 57.758 57.675 57.591 57.508 57.425 57.342 57.26 57.178 57.096 57.015 56.934 56.854 56.774 56.695 56.616 56.538 56.461 56.384 56.307 56.232 56.157 56.083 56.01
61.742 61.668 61.594 61.518 61.443 61.367 61.291 61.214 61.136 61.059 60.98 60.902 60.823 60.743 60.663 60.583 60.502 60.421 60.34 60.258 60.176 60.093 60.01 59.927 59.844 59.76 59.676 59.592 59.507 59.422 59.337 59.252 59.167 59.081 58.996 58.91 58.824 58.738 58.652 58.566 58.48 58.394 58.308 58.221 58.135 58.049 57.964 57.878 57.792 57.707 57.622 57.537 57.452 57.368 57.284 57.2 57.116 57.033 56.951 56.868 56.787 56.706 56.625 56.545 56.465 56.386 56.308 56.23 56.153 56.076 56.001 55.926
61.743 61.668 61.593 61.517 61.441 61.364 61.287 61.209 61.131 61.053 60.974 60.894 60.814 60.734 60.653 60.572 60.49 60.408 60.326 60.243 60.16 60.076 59.993 59.908 59.824 59.739 59.654 59.569 59.483 59.397 59.311 59.225 59.138 59.052 58.965 58.878 58.79 58.703 58.616 58.529 58.441 58.354 58.266 58.179 58.091 58.004 57.917 57.83 57.743 57.656 57.569 57.483 57.397 57.311 57.225 57.14 57.055 56.971 56.887 56.803 56.72 56.637 56.555 56.473 56.392 56.312 56.232 56.152 56.074 55.996 55.919 55.843
61.744 61.669 61.593 61.517 61.44 61.362 61.284 61.206 61.127 61.048 60.968 60.887 60.807 60.725 60.644 60.562 60.479 60.396 60.313 60.229 60.145 60.061 59.976 59.89 59.805 59.719 59.633 59.546 59.46 59.373 59.285 59.198 59.11 59.022 58.934 58.846 58.758 58.669 58.58 58.492 58.403 58.314 58.225 58.137 58.048 57.959 57.871 57.782 57.694 57.605 57.517 57.43 57.342 57.255 57.168 57.081 56.995 56.909 56.823 56.738 56.653 56.569 56.485 56.402 56.319 56.237 56.156 56.075 55.995 55.916 55.837 55.759
61.747 61.671 61.594 61.517 61.439 61.361 61.282 61.203 61.123 61.043 60.963 60.881 60.8 60.718 60.635 60.552 60.469 60.385 60.301 60.216 60.131 60.045 59.959 59.873 59.787 59.7 59.612 59.525 59.437 59.349 59.26 59.172 59.083 58.994 58.904 58.815 58.725 58.635 58.546 58.456 58.365 58.275 58.185 58.095 58.005 57.915 57.825 57.735 57.645 57.556 57.466 57.377 57.288 57.199 57.11 57.022 56.934 56.847 56.76 56.673 56.587 56.501 56.416 56.331 56.247 56.163 56.08 55.998 55.917 55.836 55.755 55.676
61.75 61.673 61.596 61.518 61.439 61.36 61.281 61.201 61.121 61.04 60.958 60.876 60.794 60.711 60.627 60.544 60.459 60.374 60.289 60.203 60.117 60.031 59.944 59.857 59.769 59.681 59.593 59.504 59.415 59.326 59.236 59.146 59.056 58.966 58.875 58.785 58.694 58.603 58.511 58.42 58.329 58.237 58.146 58.054 57.963 57.871 57.78 57.688 57.597 57.506 57.415 57.324 57.234 57.144 57.054 56.964 56.874 56.785 56.697 56.609 56.521 56.434 56.347 56.26 56.175 56.09 56.005 55.921 55.838 55.756 55.674 55.593
61.754 61.676 61.598 61.52 61.44 61.361 61.281 61.2 61.119 61.037 60.955 60.872 60.789 60.705 60.62 60.536 60.45 60.365 60.279 60.192 60.105 60.017 59.929 59.841 59.752 59.663 59.574 59.484 59.394 59.303 59.213 59.122 59.03 58.939 58.847 58.755 58.663 58.57 58.478 58.385 58.292 58.2 58.107 58.014 57.921 57.828 57.735 57.642 57.55 57.457 57.365 57.272 57.18 57.089 56.997 56.906 56.815 56.724 56.634 56.544 56.455 56.366 56.278 56.19 56.103 56.016 55.93 55.845 55.76 55.676 55.593 55.51
61.758 61.68 61.601 61.522 61.442 61.362 61.281 61.2 61.118 61.035 60.952 60.868 60.784 60.7 60.614 60.529 60.443 60.356 60.269 60.181 60.093 60.005 59.916 59.826 59.736 59.646 59.556 59.465 59.373 59.282 59.19 59.098 59.005 58.912 58.819 58.726 58.632 58.539 58.445 58.351 58.257 58.163 58.068 57.974 57.88 57.785 57.691 57.597 57.503 57.409 57.315 57.221 57.127 57.034 56.941 56.848 56.756 56.664 56.572 56.481 56.39 56.299 56.209 56.12 56.031 55.943 55.855 55.768 55.682 55.596 55.511 55.427
61.764 61.685 61.606 61.526 61.445 61.364 61.282 61.2 61.117 61.034 60.95 60.866 60.781 60.695 60.609 60.523 60.435 60.348 60.26 60.171 60.082 59.993 59.903 59.812 59.721 59.63 59.538 59.446 59.354 59.261 59.168 59.074 58.981 58.887 58.792 58.698 58.603 58.508 58.413 58.317 58.222 58.126 58.031 57.935 57.839 57.743 57.648 57.552 57.456 57.361 57.265 57.17 57.075 56.98 56.886 56.791 56.697 56.603 56.51 56.417 56.325 56.233 56.141 56.05 55.96 55.87 55.781 55.692 55.604 55.517 55.43 55.345
61.77 61.691 61.611 61.53 61.449 61.367 61.285 61.202 61.118 61.034 60.949 60.864 60.778 60.692 60.605 60.517 60.429 60.341 60.252 60.162 60.072 59.981 59.89 59.799 59.707 59.615 59.522 59.429 59.335 59.241 59.147 59.052 58.957 58.862 58.766 58.67 58.574 58.478 58.381 58.285 58.188 58.091 57.994 57.897 57.799 57.702 57.605 57.508 57.411 57.313 57.217 57.12 57.023 56.927 56.831 56.735 56.639 56.544 56.449 56.354 56.26 56.167 56.073 55.981 55.889 55.797 55.706 55.616 55.526 55.438 55.35 55.262
61.777 61.697 61.616 61.535 61.453 61.371 61.288 61.204 61.12 61.035 60.949 60.863 60.776 60.689 60.601 60.513 60.424 60.334 60.244 60.154 60.063 59.971 59.879 59.787 59.694 59.6 59.506 59.412 59.317 59.222 59.126 59.031 58.934 58.838 58.741 58.644 58.546 58.449 58.351 58.253 58.154 58.056 57.957 57.859 57.76 57.661 57.563 57.464 57.365 57.267 57.168 57.07 56.972 56.874 56.776 56.678 56.581 56.484 56.388 56.292 56.196 56.101 56.006 55.912 55.818 55.725 55.632 55.54 55.449 55.359 55.269 55.18
61.785 61.705 61.623 61.541 61.459 61.375 61.292 61.207 61.122 61.036 60.95 60.863 60.776 60.687 60.599 60.509 60.42 60.329 60.238 60.147 60.055 59.962 59.869 59.775 59.681 59.587 59.491 59.396 59.3 59.204 59.107 59.01 58.912 58.814 58.716 58.618 58.519 58.42 58.321 58.221 58.122 58.022 57.922 57.822 57.722 57.621 57.521 57.421 57.321 57.221 57.121 57.021 56.921 56.821 56.722 56.623 56.524 56.425 56.327 56.229 56.132 56.035 55.939 55.843 55.747 55.653 55.558 55.465 55.372 55.28 55.188 55.098
61.794 61.713 61.631 61.548 61.465 61.381 61.296 61.211 61.125 61.039 60.952 60.864 60.776 60.687 60.597 60.507 60.416 60.325 60.233 60.14 60.047 59.954 59.859 59.765 59.67 59.574 59.478 59.381 59.284 59.186 59.088 58.99 58.891 58.792 58.693 58.593 58.493 58.392 58.292 58.191 58.09 57.988 57.887 57.786 57.684 57.582 57.48 57.379 57.277 57.175 57.074 56.972 56.871 56.769 56.668 56.568 56.467 56.367 56.267 56.168 56.069 55.97 55.872 55.774 55.677 55.581 55.485 55.39 55.295 55.201 55.108 55.016
61.804 61.722 61.639 61.556 61.472 61.387 61.302 61.216 61.13 61.042 60.954 60.866 60.777 60.687 60.596 60.505 60.414 60.321 60.228 60.135 60.041 59.946 59.851 59.755 59.659 59.562 59.465 59.367 59.269 59.17 59.071 58.971 58.871 58.771 58.67 58.569 58.467 58.365 58.263 58.161 58.059 57.956 57.853 57.75 57.647 57.544 57.44 57.337 57.234 57.13 57.027 56.924 56.821 56.718 56.615 56.513 56.411 56.309 56.208 56.106 56.006 55.905 55.806 55.706 55.607 55.509 55.412 55.315 55.219 55.123 55.028 54.934
61.815 61.732 61.649 61.565 61.48 61.395 61.309 61.222 61.135 61.047 60.958 60.869 60.779 60.688 60.597 60.505 60.412 60.319 60.225 60.13 60.035 59.94 59.843 59.746 59.649 59.551 59.453 59.354 59.254 59.154 59.054 58.953 58.852 58.75 58.648 58.545 58.442 58.339 58.236 58.132 58.028 57.924 57.82 57.715 57.61 57.506 57.401 57.296 57.191 57.086 56.981 56.876 56.772 56.667 56.563 56.459 56.355 56.252 56.148 56.046 55.943 55.841 55.74 55.638 55.538 55.438 55.339 55.24 55.142 55.045 54.949 54.853
61.826 61.743 61.659 61.575 61.489 61.403 61.317 61.229 61.141 61.052 60.963 60.872 60.782 60.69 60.598 60.505 60.411 60.317 60.222 60.127 60.031 59.934 59.837 59.739 59.64 59.541 59.442 59.341 59.241 59.14 59.038 58.936 58.833 58.73 58.627 58.523 58.419 58.314 58.209 58.104 57.999 57.893 57.787 57.681 57.575 57.469 57.362 57.256 57.149 57.043 56.936 56.83 56.723 56.617 56.511 56.405 56.3 56.195 56.09 55.985 55.881 55.777 55.674 55.571 55.469 55.367 55.266 55.166 55.066 54.967 54.869 54.772
61.839 61.755 61.671 61.585 61.499 61.413 61.325 61.237 61.148 61.059 60.968 60.877 60.786 60.693 60.6 60.506 60.412 60.317 60.221 60.124 60.027 59.93 59.831 59.732 59.633 59.532 59.432 59.33 59.228 59.126 59.023 58.92 58.816 58.711 58.607 58.501 58.396 58.29 58.184 58.077 57.97 57.863 57.755 57.648 57.54 57.432 57.324 57.216 57.108 57 56.892 56.784 56.676 56.568 56.46 56.352 56.245 56.138 56.032 55.925 55.819 55.714 55.609 55.504 55.4 55.297 55.194 55.092 54.99 54.89 54.79 54.691
