raw_data/humedad_relativa/hora9/rh9jan.txt
ncols         501
nrows         361
xllcorner     109.95
yllcorner     -45.05
cellsize      0.1
NODATA_value  -9999
[rows 0 to 31 of 361, columns 288 to 359 of 501]
85.516 85.537 85.559 85.581 85.603 85.625 85.648 85.671 85.693 85.716 85.739 85.761 85.784 85.806 85.829 85.851 85.873 85.895 85.918 85.94 85.963 85.985 86.008 86.032 86.056 86.081 86.106 86.133 86.161 86.191 86.222 86.254 86.289 86.326 86.364 86.405 86.448 86.493 86.54 86.589 86.64 86.693 86.747 86.803 86.86 86.919 86.979 87.04 87.102 87.164 87.228 87.292 87.357 87.422 87.488 87.555 87.621 87.689 87.757 87.825 87.893 87.962 88.031 88.101 88.17 88.24 88.31 88.381 88.451 88.522 88.593 88.664
85.382 85.404 85.427 85.45 85.473 85.496 85.519 85.543 85.566 85.589 85.613 85.636 85.659 85.681 85.704 85.726 85.748 85.771 85.793 85.815 85.837 85.859 85.882 85.905 85.928 85.952 85.977 86.003 86.03 86.059 86.089 86.122 86.156 86.192 86.231 86.272 86.315 86.36 86.408 86.458 86.509 86.563 86.618 86.675 86.733 86.793 86.854 86.916 86.978 87.042 87.106 87.172 87.237 87.303 87.37 87.437 87.505 87.573 87.642 87.711 87.78 87.849 87.919 87.989 88.059 88.13 88.201 88.272 88.343 88.414 88.486 88.558
85.248 85.271 85.295 85.319 85.343 85.367 85.391 85.415 85.439 85.463 85.487 85.51 85.534 85.557 85.58 85.602 85.624 85.646 85.668 85.69 85.712 85.734 85.756 85.778 85.8 85.824 85.848 85.873 85.899 85.927 85.957 85.989 86.022 86.058 86.097 86.138 86.181 86.227 86.275 86.326 86.378 86.433 86.489 86.547 86.606 86.667 86.729 86.792 86.856 86.92 86.985 87.051 87.118 87.185 87.253 87.321 87.389 87.458 87.527 87.596 87.666 87.736 87.807 87.877 87.948 88.02 88.091 88.163 88.234 88.306 88.379 88.451
85.113 85.138 85.163 85.187 85.213 85.238 85.263 85.288 85.313 85.337 85.362 85.386 85.41 85.433 85.456 85.479 85.501 85.523 85.545 85.566 85.588 85.609 85.63 85.652 85.674 85.696 85.719 85.743 85.769 85.796 85.824 85.855 85.888 85.924 85.962 86.003 86.047 86.093 86.142 86.193 86.247 86.302 86.36 86.419 86.48 86.541 86.604 86.668 86.733 86.799 86.865 86.932 86.999 87.067 87.135 87.204 87.273 87.342 87.412 87.482 87.553 87.624 87.695 87.766 87.837 87.909 87.981 88.053 88.126 88.198 88.271 88.344
84.979 85.005 85.03 85.057 85.083 85.109 85.135 85.161 85.187 85.212 85.237 85.262 85.286 85.31 85.334 85.357 85.379 85.401 85.423 85.444 85.465 85.485 85.506 85.527 85.547 85.569 85.591 85.614 85.638 85.664 85.692 85.721 85.754 85.789 85.827 85.868 85.912 85.959 86.008 86.061 86.115 86.172 86.231 86.291 86.353 86.416 86.48 86.545 86.611 86.677 86.744 86.812 86.88 86.949 87.018 87.087 87.157 87.227 87.298 87.369 87.44 87.511 87.583 87.654 87.727 87.799 87.871 87.944 88.017 88.09 88.164 88.237
84.844 84.871 84.898 84.926 84.953 84.98 85.008 85.035 85.061 85.088 85.114 85.139 85.164 85.188 85.212 85.235 85.258 85.28 85.301 85.322 85.343 85.363 85.383 85.403 85.422 85.443 85.463 85.485 85.508 85.532 85.559 85.588 85.619 85.653 85.691 85.732 85.776 85.824 85.875 85.928 85.984 86.042 86.102 86.164 86.227 86.291 86.356 86.422 86.489 86.556 86.625 86.693 86.762 86.831 86.901 86.971 87.042 87.112 87.184 87.255 87.327 87.398 87.471 87.543 87.616 87.689 87.762 87.835 87.908 87.982 88.056 88.13
84.71 84.738 84.767 84.795 84.824 84.852 84.881 84.909 84.937 84.964 84.991 85.017 85.043 85.068 85.092 85.115 85.138 85.16 85.181 85.202 85.222 85.242 85.261 85.28 85.299 85.318 85.337 85.357 85.378 85.401 85.426 85.454 85.484 85.518 85.555 85.596 85.641 85.689 85.741 85.795 85.853 85.912 85.974 86.037 86.101 86.166 86.233 86.3 86.368 86.436 86.505 86.575 86.644 86.714 86.785 86.855 86.927 86.998 87.07 87.141 87.214 87.286 87.359 87.432 87.505 87.578 87.652 87.726 87.8 87.874 87.948 88.023
84.575 84.605 84.635 84.665 84.695 84.725 84.755 84.784 84.813 84.841 84.869 84.896 84.922 84.948 84.973 84.997 85.02 85.042 85.063 85.084 85.103 85.122 85.141 85.159 85.176 85.194 85.212 85.23 85.25 85.271 85.294 85.32 85.349 85.381 85.418 85.459 85.504 85.554 85.607 85.663 85.722 85.783 85.846 85.91 85.976 86.043 86.111 86.179 86.248 86.317 86.387 86.457 86.527 86.598 86.669 86.74 86.812 86.884 86.956 87.028 87.101 87.174 87.247 87.32 87.394 87.468 87.542 87.617 87.691 87.766 87.841 87.916
84.44 84.472 84.503 84.535 84.567 84.598 84.629 84.66 84.69 84.719 84.748 84.776 84.803 84.83 84.855 84.88 84.903 84.925 84.947 84.967 84.986 85.005 85.023 85.04 85.056 85.072 85.088 85.105 85.123 85.141 85.162 85.186 85.213 85.245 85.281 85.322 85.368 85.418 85.473 85.531 85.591 85.654 85.719 85.785 85.852 85.92 85.989 86.059 86.128 86.198 86.269 86.34 86.411 86.482 86.553 86.625 86.697 86.77 86.842 86.915 86.988 87.062 87.135 87.209 87.283 87.358 87.432 87.507 87.582 87.658 87.733 87.809
84.305 84.339 84.372 84.406 84.439 84.472 84.504 84.536 84.568 84.598 84.628 84.658 84.686 84.713 84.739 84.764 84.788 84.811 84.832 84.852 84.872 84.89 84.907 84.923 84.938 84.953 84.967 84.982 84.997 85.013 85.032 85.053 85.078 85.108 85.143 85.184 85.231 85.283 85.339 85.399 85.462 85.527 85.594 85.661 85.73 85.799 85.869 85.939 86.01 86.081 86.152 86.223 86.295 86.367 86.439 86.511 86.583 86.656 86.729 86.802 86.876 86.95 87.024 87.098 87.173 87.248 87.323 87.398 87.474 87.549 87.625 87.701
84.171 84.206 84.241 84.276 84.311 84.346 84.38 84.414 84.447 84.479 84.51 84.54 84.57 84.598 84.625 84.65 84.675 84.698 84.72 84.74 84.759 84.777 84.793 84.808 84.822 84.836 84.848 84.861 84.873 84.887 84.902 84.921 84.943 84.971 85.005 85.046 85.094 85.148 85.207 85.269 85.334 85.401 85.47 85.539 85.609 85.68 85.751 85.822 85.893 85.964 86.036 86.108 86.18 86.252 86.324 86.397 86.47 86.543 86.616 86.69 86.764 86.838 86.912 86.987 87.062 87.137 87.213 87.289 87.365 87.441 87.517 87.594
84.036 84.074 84.111 84.148 84.185 84.221 84.257 84.292 84.327 84.36 84.393 84.424 84.455 84.484 84.512 84.539 84.564 84.587 84.609 84.63 84.649 84.666 84.682 84.697 84.71 84.722 84.733 84.743 84.753 84.763 84.775 84.79 84.809 84.834 84.867 84.908 84.958 85.014 85.076 85.141 85.209 85.278 85.349 85.419 85.491 85.562 85.634 85.706 85.778 85.849 85.921 85.993 86.066 86.138 86.211 86.284 86.357 86.43 86.504 86.577 86.652 86.726 86.801 86.876 86.951 87.027 87.103 87.179 87.256 87.333 87.41 87.487
83.902 83.942 83.981 84.02 84.059 84.097 84.135 84.172 84.208 84.243 84.277 84.31 84.342 84.372 84.401 84.429 84.455 84.479 84.502 84.523 84.542 84.559 84.575 84.589 84.601 84.612 84.621 84.629 84.636 84.643 84.651 84.661 84.676 84.697 84.728 85.16 84.822 84.882 84.947 85.016 85.086 85.158 85.23 85.302 85.375 85.447 85.519 85.591 85.664 85.736 85.808 85.88 85.953 86.025 86.098 86.171 86.244 86.317 86.391 86.465 86.54 86.615 86.69 86.765 86.841 86.917 86.993 87.07 87.147 87.224 87.301 87.379
83.768 83.81 83.851 83.893 83.933 83.974 84.013 84.052 84.09 84.127 84.163 84.197 84.231 84.262 84.293 84.321 84.348 84.373 84.397 84.418 84.438 84.455 84.471 84.484 84.496 84.506 84.513 84.52 84.524 84.528 84.532 84.537 84.545 84.561 84.589 84.632 84.688 84.753 84.823 84.895 84.968 85.042 85.115 85.188 85.261 85.334 85.407 85.479 85.551 85.624 85.696 85.768 85.84 85.913 85.986 86.059 86.132 86.205 86.279 86.353 86.428 86.503 86.578 86.654 86.73 86.807 86.883 86.96 87.038 87.115 87.193 87.271
83.635 83.679 83.722 83.766 83.809 83.851 83.893 83.934 83.974 84.012 84.05 84.086 84.121 84.154 84.186 84.216 84.244 84.27 84.295 84.317 84.337 84.355 84.371 84.384 84.395 84.404 84.411 84.416 84.418 84.419 84.419 84.419 84.42 84.427 84.45 84.496 84.559 84.63 84.705 84.78 84.855 84.93 85.004 85.078 85.151 85.224 85.297 85.369 85.441 85.513 85.585 85.657 85.729 85.801 85.874 85.947 86.02 86.094 86.167 86.242 86.316 86.392 86.467 86.543 86.619 86.696 86.773 86.851 86.929 87.007 87.085 87.164
83.501 83.548 83.594 83.64 83.685 83.73 83.774 83.817 83.859 83.899 83.939 83.977 84.013 84.048 84.081 84.113 84.142 84.17 84.195 84.218 84.239 84.258 84.274 84.288 84.3 84.308 84.315 84.319 84.32 84.319 84.316 84.311 84.305 84.302 84.314 84.506 84.439 84.517 84.595 84.672 84.748 84.824 84.898 84.972 85.045 85.117 85.189 85.261 85.332 85.404 85.475 85.547 85.619 85.691 85.763 85.836 85.909 85.982 86.056 86.13 86.205 86.28 86.356 86.432 86.509 86.586 86.663 86.741 86.819 86.898 86.976 87.056
83.369 83.418 83.466 83.515 83.563 83.61 83.656 83.701 83.745 83.788 83.829 83.869 83.907 83.944 83.979 84.012 84.043 84.072 84.099 84.123 84.145 84.165 84.182 84.197 84.209 84.218 84.224 84.228 84.229 84.228 84.223 84.217 84.208 84.199 84.299 84.34 84.339 84.418 84.496 84.573 84.649 84.724 84.797 84.87 84.942 85.013 85.084 85.155 85.226 85.296 85.367 85.438 85.509 85.581 85.652 85.725 85.797 85.871 85.944 86.019 86.093 86.169 86.245 86.321 86.398 86.475 86.553 86.631 86.71 86.788 86.868 86.947
83.236 83.288 83.34 83.39 83.441 83.49 83.539 83.586 83.633 83.678 83.721 83.763 83.804 83.842 83.879 83.914 83.946 83.977 84.005 84.031 84.055 84.076 84.094 84.11 84.123 84.133 84.14 84.145 84.147 84.146 84.143 84.138 84.133 84.132 84.326 84.194 84.707 84.518 84.469 84.484 84.557 84.629 84.701 84.772 84.842 84.912 84.982 85.051 85.121 85.19 85.26 85.33 85.4 85.471 85.542 85.614 85.686 85.759 85.833 85.907 85.982 86.057 86.133 86.21 86.287 86.364 86.442 86.521 86.6 86.679 86.759 86.839
83.105 83.159 83.213 83.267 83.32 83.372 83.423 83.473 83.522 83.569 83.615 83.659 83.701 83.742 83.781 83.818 83.852 83.885 83.915 83.942 83.967 83.99 84.01 84.027 84.041 84.053 84.062 84.068 84.072 84.074 84.074 84.073 84.075 84.082 84.104 84.144 84.341 84.448 84.333 84.402 84.472 84.541 84.61 84.678 84.746 84.814 84.882 84.949 85.017 85.085 85.154 85.223 85.292 85.362 85.433 85.504 85.576 85.648 85.721 85.795 85.87 85.945 86.021 86.098 86.175 86.253 86.331 86.41 86.49 86.569 86.65 86.73
82.973 83.031 83.088 83.145 83.2 83.255 83.309 83.361 83.412 83.462 83.51 83.557 83.601 83.644 83.685 83.724 83.76 83.795 83.827 83.856 83.883 83.908 83.93 83.949 83.965 83.979 83.99 83.998 84.005 84.009 84.013 84.017 84.024 84.038 84.062 84.099 84.33 84.204 84.265 84.328 84.392 84.457 84.522 84.587 84.653 84.718 84.783 84.849 84.915 84.982 85.049 85.116 85.184 85.253 85.323 85.394 85.465 85.537 85.61 85.684 85.758 85.833 85.909 85.986 86.063 86.141 86.22 86.299 86.379 86.459 86.54 86.621
82.843 82.904 82.964 83.023 83.082 83.139 83.195 83.25 83.304 83.356 83.407 83.456 83.503 83.548 83.591 83.632 83.671 83.708 83.742 83.774 83.803 83.829 83.853 83.875 83.893 83.909 83.922 83.934 83.943 83.951 83.958 83.967 83.979 83.999 84.05 84.074 84.204 84.159 84.215 84.541 84.317 84.378 84.438 84.5 84.562 84.624 84.687 84.75 84.814 84.879 84.944 85.01 85.077 85.145 85.214 85.283 85.354 85.426 85.498 85.571 85.646 85.721 85.797 85.874 85.951 86.03 86.109 86.188 86.268 86.349 86.43 86.512
82.714 82.777 82.84 82.903 82.964 83.024 83.083 83.141 83.197 83.252 83.305 83.357 83.406 83.454 83.499 83.543 83.584 83.623 83.66 83.694 83.725 83.754 83.78 83.804 83.825 83.844 83.86 83.874 83.886 83.897 83.908 83.92 83.935 83.954 84.023 84.059 84.181 84.208 84.25 84.575 84.246 84.301 84.357 84.415 84.473 84.532 84.592 84.652 84.714 84.776 84.84 84.904 84.97 85.036 85.104 85.173 85.243 85.314 85.386 85.459 85.533 85.608 85.684 85.761 85.839 85.917 85.996 86.076 86.157 86.238 86.32 86.402
82.585 82.652 82.718 82.783 82.848 82.911 82.973 83.033 83.092 83.15 83.205 83.259 83.311 83.361 83.41 83.455 83.499 83.541 83.58 83.616 83.65 83.682 83.711 83.737 83.761 83.782 83.801 83.818 83.833 83.847 83.861 83.876 83.893 83.913 84.129 84.093 84.111 84.333 84.213 84.5 84.176 84.226 84.278 84.331 84.385 84.441 84.497 84.555 84.614 84.674 84.736 84.798 84.862 84.928 84.994 85.062 85.131 85.202 85.273 85.346 85.42 85.495 85.571 85.648 85.726 85.804 85.884 85.964 86.045 86.127 86.209 86.292
82.457 82.527 82.597 82.665 82.732 82.798 82.863 82.927 82.988 83.048 83.107 83.163 83.218 83.271 83.321 83.37 83.416 83.46 83.502 83.541 83.578 83.612 83.644 83.673 83.699 83.723 83.745 83.765 83.783 83.8 83.816 83.833 83.851 83.871 84.154 84.311 84.297 84.556 84.213 84.375 84.108 84.153 84.2 84.248 84.298 84.35 84.403 84.458 84.514 84.572 84.631 84.692 84.754 84.818 84.884 84.951 85.019 85.089 85.16 85.232 85.306 85.381 85.457 85.534 85.612 85.691 85.771 85.852 85.933 86.015 86.098 86.181
82.331 82.404 82.477 82.548 82.618 82.687 82.755 82.821 82.886 82.949 83.01 83.069 83.126 83.182 83.235 83.286 83.335 83.382 83.426 83.468 83.508 83.545 83.579 83.611 83.641 83.668 83.692 83.715 83.736 83.755 83.773 83.791 83.81 83.83 83.952 84.116 84.343 84.729 84.562 84.312 84.542 84.079 84.121 84.166 84.212 84.259 84.309 84.361 84.414 84.469 84.526 84.585 84.646 84.708 84.772 84.838 84.906 84.975 85.045 85.118 85.191 85.266 85.342 85.419 85.497 85.577 85.657 85.738 85.82 85.903 85.986 86.07
82.205 82.282 82.358 82.432 82.505 82.577 82.648 82.717 82.784 82.85 82.914 82.976 83.036 83.094 83.15 83.204 83.256 83.305 83.352 83.397 83.439 83.479 83.517 83.552 83.584 83.614 83.642 83.667 83.69 83.711 83.731 83.75 83.769 83.799 83.887 84.071 84.238 84.536 84.287 84.293 84.432 84.006 84.043 84.083 84.124 84.168 84.214 84.263 84.313 84.366 84.42 84.477 84.536 84.597 84.66 84.725 84.792 84.86 84.93 85.002 85.075 85.15 85.226 85.304 85.382 85.462 85.543 85.624 85.707 85.79 85.874 85.959
82.081 82.161 82.24 82.317 82.394 82.469 82.542 82.614 82.684 82.753 82.819 82.884 82.947 83.008 83.066 83.123 83.178 83.23 83.28 83.328 83.373 83.416 83.456 83.494 83.53 83.563 83.593 83.621 83.646 83.67 83.691 83.71 83.729 83.768 83.823 83.948 84.128 84.412 84.456 84.329 84.478 83.931 83.964 83.998 84.036 84.076 84.118 84.163 84.211 84.261 84.313 84.368 84.425 84.485 84.547 84.611 84.676 84.744 84.814 84.886 84.959 85.033 85.11 85.187 85.266 85.346 85.427 85.509 85.593 85.676 85.761 85.846
81.958 82.041 82.123 82.204 82.283 82.361 82.438 82.512 82.585 82.657 82.726 82.793 82.859 82.923 82.984 83.043 83.101 83.156 83.209 83.259 83.307 83.353 83.397 83.438 83.477 83.512 83.546 83.576 83.604 83.629 83.651 83.671 83.689 83.808 83.845 83.868 83.951 84.181 84.228 84.513 84.007 83.855 83.882 83.913 83.946 83.982 84.021 84.062 84.107 84.154 84.205 84.258 84.313 84.371 84.432 84.495 84.56 84.627 84.696 84.768 84.841 84.916 84.992 85.07 85.149 85.23 85.311 85.394 85.478 85.562 85.648 85.734
81.836 81.923 82.008 82.092 82.174 82.255 82.334 82.412 82.487 82.561 82.634 82.704 82.772 82.838 82.902 82.965 83.025 83.082 83.138 83.192 83.243 83.292 83.338 83.383 83.424 83.463 83.499 83.533 83.563 83.589 83.612 83.632 83.692 83.695 83.724 83.916 83.85 83.998 84.04 84.21 84.042 83.776 83.799 83.825 83.853 83.885 83.921 83.959 84.001 84.046 84.094 84.145 84.199 84.256 84.315 84.377 84.442 84.508 84.577 84.649 84.722 84.797 84.873 84.951 85.031 85.112 85.194 85.278 85.362 85.447 85.533 85.62
81.716 81.805 81.894 81.98 82.066 82.15 82.232 82.312 82.391 82.467 82.542 82.615 82.686 82.755 82.822 82.887 82.949 83.01 83.068 83.125 83.179 83.231 83.281 83.328 83.373 83.415 83.454 83.49 83.522 83.55 83.574 83.594 83.654 83.715 83.671 83.792 83.845 84.012 84.08 84.076 84.088 83.846 83.713 83.741 83.758 83.787 83.818 83.854 83.893 83.935 83.981 84.03 84.083 84.138 84.197 84.258 84.322 84.388 84.457 84.528 84.601 84.676 84.753 84.832 84.912 84.993 85.076 85.16 85.245 85.331 85.418 85.506
81.597 81.689 81.781 81.871 81.959 82.045 82.13 82.213 82.295 82.374 82.451 82.527 82.601 82.672 82.742 82.809 82.874 82.938 82.999 83.058 83.115 83.17 83.222 83.273 83.321 83.366 83.408 83.447 83.482 83.512 83.537 83.557 83.571 83.596 83.613 83.716 83.794 83.912 83.953 84.047 83.771 83.627 83.849 83.938 83.722 83.684 83.713 83.745 83.781 83.821 83.865 83.913 83.964 84.018 84.076 84.136 84.2 84.266 84.335 84.406 84.479 84.554 84.632 84.711 84.791 84.874 84.957 85.042 85.128 85.215 85.303 85.391
81.479 81.575 81.669 81.762 81.853 81.942 82.03 82.115 82.199 82.281 82.362 82.44 82.516 82.59 82.662 82.732 82.8 82.865 82.929 82.991 83.051 83.108 83.164 83.217 83.268 83.317 83.363 83.405 83.442 83.475 83.51 83.521 83.593 83.636 83.684 83.608 83.692 83.886 83.857 83.965 84.027 84.058 83.649 83.754 83.558 83.579 83.604 83.633 83.667 83.705 83.747 83.793 83.843 83.896 83.953 84.013 84.076 84.142 84.211 84.282 84.355 84.431 84.509 84.588 84.67 84.753 84.837 84.923 85.009 85.097 85.186 85.276
