raw_data/humedad_relativa/hora9/rh9jan.txt
ncols         501
nrows         361
xllcorner     109.95
yllcorner     -45.05
cellsize      0.1
NODATA_value  -9999
[rows 256 to 287 of 361, columns 360 to 431 of 501]
53.681 53.707 53.762 53.832 53.922 54.089 54.258 54.404 54.69 54.832 55.101 55.447 56.182 56.428 57.054 57.19 57.611 58.294 59.123 59.054 59.382 60.069 61.329 61.07 61.815 62.375 63.812 64.095 65.405 66.575 67.172 67.611 68.067 70.203 71.506 71.758 72.939 73.933 73.521 73.809 74.295 74.613 76.496 76.967 77.536 77.842 78.462 75.332 75.676 75.327 75.511 75.843 76.184 76.534 76.893 77.255 77.617 77.976 78.327 78.67 79.003 79.326 79.637 79.937 80.227 80.507 80.778 81.039 81.292 81.537 81.774 82.004
53.861 53.904 53.995 54.035 54.147 54.244 54.577 55.314 54.78 55.039 55.368 55.745 56.278 57.134 57.407 57.667 57.647 58.365 59.221 60.23 60.064 59.987 61.266 61.533 61.857 62.155 63.188 64.553 64.923 66.239 67.071 67.152 68.294 69.706 71.492 71.28 72.435 72.665 74.276 73.861 74.689 75.747 76.234 74.959 76.147 77.548 75.495 79.583 77.596 75.609 75.915 76.223 76.538 76.862 77.192 77.527 77.863 78.198 78.527 78.851 79.167 79.474 79.772 80.061 80.341 80.612 80.874 81.129 81.375 81.613 81.845 82.069
54.044 54.079 54.138 54.199 54.321 54.604 54.587 54.766 54.99 55.309 55.629 55.943 56.46 57.08 57.493 57.633 58.116 58.403 58.753 60.929 60.899 60.125 62.047 61.625 61.852 63.086 63.697 64.629 65.839 65.864 67.426 67.597 68.548 69.173 71.326 71.31 72.087 72.672 73.884 74.817 74.746 73.513 73.731 75 75.228 77.425 76.918 75.959 75.718 76.005 76.288 76.575 76.869 77.17 77.477 77.789 78.102 78.415 78.725 79.031 79.331 79.623 79.909 80.186 80.456 80.717 80.971 81.218 81.457 81.689 81.914 82.133
54.232 54.273 54.324 54.395 54.567 54.96 54.833 55.006 55.239 55.446 55.819 56.611 57.202 57.271 58.019 57.738 58.834 59.466 58.897 60.807 62.159 60.525 61.037 61.104 62.527 62.094 65.405 64.547 65.933 66.171 66.814 67.523 69.274 70.733 71.472 71.588 72.336 73.008 74.202 74.757 75.056 76.092 76.298 76.223 75.239 75.641 75.698 75.855 76.089 76.356 76.623 76.895 77.172 77.456 77.745 78.037 78.331 78.626 78.918 79.208 79.492 79.771 80.044 80.31 80.57 80.822 81.068 81.306 81.538 81.764 81.984 82.197
54.417 54.439 54.463 54.543 54.649 54.918 55.117 55.412 55.485 55.717 55.998 56.627 56.984 57.525 57.749 58.323 59.377 59.712 59.211 60.144 62.111 61.243 60.865 61.966 63.841 64.968 63.069 65.368 65.293 66.257 67.487 68.27 68.886 70.134 70.682 71.957 73.522 73.055 74.169 74.041 75.19 75.436 76.364 76.788 76.741 76.428 76.189 76.111 76.39 76.655 76.917 77.18 77.447 77.718 77.993 78.27 78.549 78.827 79.105 79.379 79.65 79.916 80.177 80.433 80.682 80.926 81.163 81.394 81.619 81.838 82.052 82.259
54.589 54.618 54.661 54.725 54.857 55.116 55.243 55.602 56.96 56.046 56.292 56.882 57.064 57.332 57.711 58.099 58.67 58.924 59.36 59.999 60.275 61.064 61.435 63.027 63.938 66.019 66.197 65.425 66.418 66.797 67.581 69.031 68.974 70.102 70.874 72.236 72.719 73.417 73.957 74.401 74.458 75.565 77.058 77.42 76.987 75.611 76.069 76.341 77.097 76.902 77.169 77.432 77.694 77.957 78.222 78.487 78.753 79.019 79.283 79.545 79.803 80.058 80.308 80.553 80.793 81.027 81.256 81.48 81.698 81.911 82.118 82.32
54.768 54.783 54.829 54.904 55.058 55.178 55.531 55.796 56.17 56.416 56.62 57.361 57.476 58.773 59.018 58.595 59.816 59.5 60.51 60.57 62.264 62.63 61.948 64.235 65.663 66.687 66.921 65.383 67.962 67.373 67.617 68.567 69.818 70.647 70.992 71.946 73.43 73.636 74.184 74.36 74.845 76.183 77.825 77.839 76.145 75.836 76.096 76.482 76.813 77.109 77.386 77.653 77.915 78.174 78.432 78.689 78.945 79.199 79.452 79.703 79.95 80.194 80.434 80.669 80.9 81.126 81.348 81.564 81.775 81.981 82.183 82.38
54.968 55.017 55.056 55.125 55.243 55.409 55.689 56.105 56.637 56.777 57.321 57.475 57.931 58.794 60.057 59.144 59.784 60.012 61.422 61.956 61.963 62.603 62.468 63.001 65.282 67.624 68.964 68.179 70.257 67.635 68.532 68.396 69.064 70.956 72.111 73.047 73.143 73.286 74.096 74.784 75.453 76.879 75.925 77.314 76.131 75.767 76.229 76.629 76.977 77.29 77.578 77.851 78.115 78.372 78.625 78.875 79.123 79.369 79.612 79.853 80.09 80.324 80.555 80.782 81.004 81.222 81.436 81.645 81.85 82.05 82.246 82.437
55.245 55.246 55.271 55.365 55.478 55.772 55.977 56.212 56.906 56.944 57.389 58.002 58.917 59.112 60.248 60.314 60.671 61.505 62.083 63.71 63.843 63.25 64.026 64.364 65.822 68.392 70.998 71.158 70.863 72.009 68.71 69.129 70.508 71.754 71.706 73.433 73.797 73.541 74.607 75.234 77.204 76.373 74.943 77.482 75.711 75.913 76.369 76.773 77.132 77.456 77.753 78.032 78.297 78.554 78.804 79.049 79.29 79.528 79.763 79.995 80.224 80.449 80.671 80.889 81.104 81.314 81.521 81.723 81.922 82.116 82.306 82.492
55.509 55.503 55.652 55.594 55.711 55.957 56.398 56.454 57.21 57.703 57.808 58.771 59.068 59.957 61.198 61.426 62.765 61.863 62.294 62.783 65.275 65.489 64.298 67.719 69.089 69.263 70.299 69.04 71.254 70.091 70.727 69.953 72.981 72.015 73.262 74.048 76.067 73.905 74.782 75.52 76.57 76.361 74.583 75.33 75.583 76.071 76.52 76.923 77.286 77.615 77.918 78.2 78.467 78.722 78.97 79.21 79.446 79.677 79.905 80.129 80.35 80.567 80.782 80.992 81.199 81.403 81.602 81.798 81.99 82.179 82.363 82.544
55.8 55.833 55.9 55.795 56.102 56.111 56.354 57.412 57.317 57.761 58.08 58.929 59.712 59.976 61.437 60.62 62.158 62.835 63.139 64.778 65.288 67.001 68.129 64.771 68.593 70.073 71.419 71.663 70.94 70.912 70.408 69.983 72.376 73.004 73.98 75.519 73.981 74.393 73.866 76.198 74.782 74.549 75.205 75.699 75.763 76.243 76.681 77.08 77.442 77.772 78.076 78.36 78.627 78.881 79.125 79.362 79.592 79.817 80.038 80.256 80.469 80.679 80.886 81.09 81.29 81.486 81.68 81.869 82.056 82.239 82.418 82.594
56.179 56.064 56.045 56.096 56.801 56.373 56.643 57.008 57.409 57.863 58.398 59.047 59.418 60.008 60.707 61.354 63.16 63.017 64.232 64.199 66.57 68.659 69.32 66.92 69.247 70.298 72.89 71.258 75.335 75.454 70.827 73.077 71.63 74.874 73.276 76.183 74.095 74.969 73.434 75.891 74.64 74.428 74.925 75.485 75.965 76.429 76.855 77.246 77.603 77.93 78.233 78.515 78.78 79.031 79.272 79.504 79.73 79.949 80.164 80.375 80.582 80.785 80.985 81.182 81.375 81.566 81.753 81.937 82.117 82.295 82.469 82.641
56.681 56.405 56.386 56.334 56.397 56.528 56.929 57.338 57.966 58.789 58.96 60.921 60.662 60.82 62.544 63.104 63.208 62.78 65.343 65.342 64.964 68.251 68.355 69.17 67.222 71.961 71.832 70.828 71.769 72.871 73.842 71.139 72.085 74.233 73.916 76.589 74.884 75.323 73.561 75.482 76.454 75.227 75.36 75.699 76.182 76.629 77.041 77.421 77.77 78.091 78.389 78.667 78.928 79.175 79.412 79.639 79.859 80.073 80.282 80.486 80.687 80.884 81.078 81.268 81.456 81.64 81.821 82 82.175 82.348 82.517 82.684
56.82 56.768 56.696 56.649 56.685 56.702 57.448 58.24 58.666 59.1 59.205 61.102 61.442 63.792 63.077 64.102 65.384 63.373 66.178 66.84 64.97 66.255 67.474 69.258 70.96 71.436 72.112 71.896 70.984 74.32 72.626 71.183 72.847 74.058 74.536 76.517 74.976 75.123 75.549 75.32 74.5 74.934 75.456 75.952 76.414 76.842 77.239 77.604 77.942 78.255 78.545 78.817 79.072 79.314 79.545 79.767 79.982 80.19 80.393 80.591 80.786 80.977 81.164 81.349 81.531 81.709 81.885 82.059 82.229 82.397 82.562 82.724
57.342 57.228 57.119 57.026 56.899 56.96 57.258 57.787 58.51 60.637 59.812 60.126 61.245 64.08 62.052 65.687 63.355 63.705 65.165 64.681 65.639 65.911 66.96 69.178 73.271 73.098 72.367 72.188 71.141 71.267 72.676 71.703 72.085 73.258 74.553 76.373 76.014 75.884 76.284 76.952 75.825 75.239 75.748 76.22 76.66 77.068 77.446 77.796 78.12 78.421 78.701 78.965 79.213 79.448 79.673 79.889 80.097 80.3 80.497 80.689 80.878 81.063 81.245 81.424 81.6 81.774 81.945 82.113 82.279 82.442 82.603 82.761
57.985 57.94 57.645 57.525 57.444 57.316 58.404 58.495 59.331 59.432 60.131 63.024 62.104 63.003 64.143 66.076 65.473 69.539 65.836 67.65 66.001 67.985 71.041 71.659 73.517 73.174 71.311 72.585 72.195 72.426 71.723 71.903 72.494 74.018 74.833 75.452 74.793 74.267 74.796 75.686 75.113 75.618 76.055 76.503 76.919 77.304 77.661 77.993 78.301 78.588 78.857 79.11 79.35 79.577 79.795 80.004 80.207 80.403 80.594 80.781 80.964 81.143 81.32 81.493 81.664 81.833 81.999 82.162 82.324 82.483 82.639 82.794
58.652 58.885 58.39 58.247 58.197 59.311 59.136 60.609 61.447 60.347 60.692 61.633 62.359 62.468 65.565 66.382 66.324 65.285 65.663 66.215 67.537 67.271 70.497 72.89 76.03 74.324 73.773 73.212 72.816 73.011 72.048 72.173 72.727 74.146 76.206 75.209 76.627 74.38 74.708 75.301 76.419 76.274 76.378 76.799 77.188 77.548 77.883 78.194 78.484 78.756 79.012 79.253 79.483 79.702 79.911 80.114 80.309 80.499 80.684 80.866 81.043 81.217 81.388 81.557 81.723 81.887 82.048 82.207 82.364 82.519 82.672 82.823
59.289 59.481 60.281 59.085 59.154 59.578 60.323 61.16 62.033 61.427 64.698 62.471 63.895 65.393 64.004 68.767 66.07 66.776 66.734 67.239 68.01 67.984 70.83 71.939 77.316 72.114 74.621 72.756 71.922 72.395 72.408 72.966 73.476 74.145 75.176 75.99 76.884 74.94 76.714 75.504 77.641 76.459 76.715 77.105 77.465 77.797 78.106 78.395 78.666 78.921 79.163 79.392 79.611 79.82 80.022 80.216 80.405 80.589 80.768 80.944 81.116 81.285 81.451 81.615 81.776 81.935 82.092 82.247 82.401 82.552 82.701 82.848
60.62 61.413 62.034 60.06 60.11 60.324 61.766 63.711 65.071 63.017 64.521 65.794 64.492 64.661 67.451 65.726 68.767 69.394 68.605 69.3 68.512 71.139 69.5 77.934 75.525 72.139 71.739 72.925 72.505 72.233 73.088 73.642 74.203 75.098 76.508 77.512 76.734 76.091 76.127 76.126 76.608 76.669 77.061 77.417 77.744 78.046 78.328 78.594 78.844 79.082 79.309 79.525 79.732 79.932 80.125 80.312 80.494 80.671 80.845 81.015 81.182 81.346 81.507 81.666 81.823 81.978 82.131 82.283 82.432 82.58 82.725 82.869
61.115 61.33 61.238 61.084 61.376 61.882 61.628 62.982 62.891 65.322 65.319 65.821 65.955 65.381 66.275 68.687 68.23 71.297 70.186 71.134 74.435 69.432 74.098 74.607 76.642 73.261 73.34 73.894 72.31 73.264 73.132 73.813 74.819 75.983 76.696 76.445 75.711 76.268 76.424 76.689 76.874 77.059 77.412 77.729 78.02 78.29 78.544 78.786 79.016 79.236 79.447 79.65 79.847 80.037 80.221 80.401 80.576 80.747 80.914 81.079 81.241 81.4 81.557 81.712 81.865 82.016 82.165 82.313 82.459 82.603 82.745 82.886
62.081 63.052 63.092 62.534 62.183 62.654 63.735 63.178 63.452 64.844 64.675 64.679 68.056 69.383 67.239 67.967 67.209 71.237 71.87 72.402 71.559 70.564 70.882 76.549 74.559 74.009 72.886 73.631 73.15 73.935 73.803 74.676 75.567 76.194 76.71 75.801 76.711 76.683 76.422 77.131 77.461 77.454 77.76 78.033 78.285 78.522 78.749 78.966 79.176 79.379 79.576 79.767 79.952 80.133 80.309 80.481 80.649 80.814 80.977 81.136 81.293 81.448 81.601 81.752 81.901 82.048 82.194 82.338 82.481 82.622 82.761 82.899
63.166 63.591 64.452 64.362 64.44 64.588 65.55 65.897 71.302 64.928 66.317 68.494 68.967 74.171 70.961 69.764 68.244 73.165 69.819 71.069 74.022 76.262 72.907 74.558 71.508 72.422 73.19 72.396 74.042 75.024 74.492 74.995 75.335 76.566 77.162 77.445 76.175 76.369 76.771 77.353 77.541 77.84 78.089 78.315 78.528 78.734 78.935 79.131 79.322 79.51 79.693 79.872 80.047 80.219 80.387 80.552 80.715 80.874 81.031 81.186 81.338 81.489 81.638 81.785 81.931 82.075 82.217 82.358 82.498 82.636 82.773 82.908
64.717 65.989 68.203 67.038 65.846 66.31 66.697 66.835 70.695 67.198 68.784 70.482 68.983 72.705 70.947 72.612 70.513 69.475 73.545 72.386 75.915 72.619 74.377 73.266 70.77 73.028 73.842 72.842 72.983 73.663 75.579 75.104 75.822 76.165 77.319 77.243 77.082 77.152 77.487 78.229 77.973 78.19 78.378 78.56 78.74 78.919 79.098 79.275 79.451 79.624 79.796 79.965 80.131 80.295 80.456 80.615 80.771 80.925 81.078 81.228 81.376 81.523 81.668 81.812 81.954 82.095 82.235 82.373 82.51 82.646 82.78 82.913
65.604 70.631 69.193 69.845 66.821 70.571 69.632 66.901 70.474 67.802 71.724 72.302 76.576 75.194 73.266 74.273 71.182 70.924 72.163 72.486 74.36 74.748 74.828 72.242 71.214 74.486 73.938 75.295 74.482 75.589 74.716 75.576 75.899 76.588 77.042 76.981 77.414 78.576 78.117 78.159 78.314 78.453 78.6 78.753 78.91 79.071 79.233 79.396 79.559 79.722 79.883 80.044 80.202 80.359 80.514 80.667 80.819 80.968 81.116 81.262 81.407 81.551 81.692 81.833 81.972 82.111 82.247 82.383 82.518 82.651 82.783 82.914
67.157 67.682 68.341 69.667 72.703 72.479 70.993 68.939 71.022 72.168 72.241 75.244 74.551 74.692 72.563 71.259 70.702 71.727 75.494 73.498 75.558 74.492 74.94 73.737 72.274 73.823 74.314 76.6 75.782 75.93 75.648 75.979 76.655 76.876 78.696 77.649 76.891 78.849 78.474 78.675 78.422 78.589 78.738 78.885 79.034 79.185 79.337 79.491 79.646 79.801 79.955 80.108 80.26 80.412 80.561 80.71 80.857 81.002 81.146 81.289 81.431 81.571 81.71 81.848 81.985 82.12 82.255 82.388 82.52 82.651 82.781 82.91
68.281 69.936 69.831 70.284 71.197 74.136 74.944 74.954 73.65 73.629 73.405 74.823 73.427 74.275 73.123 73.387 71.705 74.57 71.657 74.061 75.188 75.379 75.207 74.238 71.664 72.918 73.481 74.398 75.281 76.91 77.019 76.823 77.251 77.127 79.012 77.756 77.912 77.231 78.592 78.086 78.403 78.624 78.8 78.959 79.111 79.262 79.412 79.561 79.711 79.86 80.009 80.158 80.305 80.452 80.598 80.742 80.885 81.027 81.168 81.308 81.447 81.584 81.721 81.856 81.991 82.124 82.256 82.388 82.518 82.647 82.775 82.903
68.993 70.371 71.741 72.064 71.835 74.175 76.709 76.211 70.624 70.557 74.743 75.187 75.586 73.351 75.607 73.585 72.95 73.021 73.085 76.445 75.203 73.811 74.864 74.153 74.364 73.535 76.905 75.403 76.004 76.646 76.687 77.033 78.179 76.895 77.93 78.678 77.831 79.092 77.846 78.146 78.357 78.608 78.811 78.988 79.15 79.306 79.457 79.607 79.754 79.901 80.047 80.192 80.337 80.48 80.623 80.764 80.904 81.044 81.182 81.319 81.456 81.591 81.725 81.859 81.991 82.122 82.253 82.382 82.511 82.638 82.765 82.891
71.538 73.431 71.698 73.653 75.013 74.348 76.657 77.04 73.602 70.926 74.166 71.694 75.929 71.697 73.258 74.291 72.654 71.827 72.62 73.175 73.503 73.096 74.314 72.712 72.999 75.354 75.101 74.031 75.993 76.634 77.53 77.196 75.736 76.817 77.611 78.764 77.705 78.881 78.159 78.973 78.306 78.57 78.792 78.985 79.159 79.322 79.478 79.63 79.778 79.925 80.069 80.213 80.355 80.497 80.637 80.776 80.914 81.051 81.188 81.323 81.457 81.591 81.723 81.855 81.985 82.115 82.244 82.372 82.499 82.625 82.751 82.875
73.275 73.208 72.98 75.561 75.496 74.485 74.067 78.046 76.799 71.998 74.309 70.699 75.058 72.537 71.44 75.167 72.913 73.138 72.3 72.595 73.974 72.593 72.573 74.298 72.791 73.501 74.023 74.515 77.229 74.738 75.138 76.269 75.65 77.397 77.468 76.786 78.116 77.39 78.577 78.763 78.255 78.524 78.757 78.961 79.146 79.317 79.479 79.634 79.784 79.932 80.077 80.22 80.361 80.502 80.64 80.778 80.915 81.051 81.185 81.319 81.452 81.584 81.715 81.845 81.974 82.103 82.23 82.357 82.483 82.608 82.732 82.855
74.599 73.622 74.459 74.334 75.719 72.208 73.353 75.671 76.623 76.58 76.588 73.946 71.099 72.324 71.303 73.712 73.021 74.289 72.437 74.316 72.759 73.804 72.172 72.307 74.14 73.508 73.74 75.467 75.736 74.598 76.142 76.715 75.982 76.359 76.806 76.956 77.269 77.248 77.72 79.001 78.206 78.474 78.712 78.924 79.117 79.295 79.462 79.622 79.775 79.925 80.071 80.215 80.356 80.496 80.634 80.771 80.907 81.042 81.175 81.308 81.439 81.57 81.7 81.829 81.957 82.085 82.211 82.337 82.462 82.586 82.709 82.831
77.164 77.697 77.919 77.31 78.244 76.872 73.444 76.69 77.604 75.033 73.693 73.163 73.843 72.153 73.66 73.23 73.145 72.444 73.659 72.62 73.011 72.78 74.228 72.67 74.427 74.482 73.616 75.424 74.78 74.51 75.834 75.221 75.64 76.392 76.646 77.13 77.722 77.337 77.543 77.864 78.157 78.423 78.662 78.879 79.077 79.261 79.433 79.596 79.753 79.905 80.053 80.198 80.34 80.48 80.618 80.755 80.89 81.025 81.158 81.29 81.42 81.551 81.68 81.808 81.935 82.062 82.187 82.312 82.436 82.56 82.682 82.804
77.432 77.904 76.955 75.114 76.2 78.879 74.782 74.718 75.021 73.748 72.768 72.716 74.184 72.801 72.255 72.349 72.127 71.914 72.444 72.729 72.593 73.984 72.7 73.086 72.892 73.411 74.268 74.04 74.74 74.755 74.914 75.345 75.929 76.772 76.632 76.616 76.85 77.194 77.521 77.827 78.11 78.37 78.609 78.827 79.029 79.217 79.393 79.56 79.72 79.875 80.025 80.171 80.314 80.455 80.594 80.731 80.866 81 81.133 81.265 81.395 81.525 81.653 81.781 81.908 82.034 82.159 82.283 82.407 82.529 82.651 82.772
