raw_data/humedad_relativa/hora9/rh9jul.txt
ncols         501
nrows         361
xllcorner     109.95
yllcorner     -45.05
cellsize      0.1
NODATA_value  -9999
[rows 96 to 127 of 361, columns 288 to 359 of 501]
46.161 46.362 46.533 46.505 46.599 46.693 46.806 46.943 47.019 47.131 47.242 47.409 47.569 47.715 47.879 48.081 48.273 48.457 48.595 48.662 48.835 49.003 49.157 49.338 49.52 49.68 49.884 50.091 50.315 50.581 50.846 51.143 51.462 51.825 52.223 52.689 53.442 53.916 54.838 56.452 56.684 57.221 57.486 58.193 59.059 59.632 60.482 61.966 62.332 63.962 65.027 65.971 65.483 65.605 66.219 67.486 67.968 68.702 69.255 70.061 70.348 71.069 71.231 71.667 72.834 72.768 73.429 74.836 74.804 75.432 73.743 72.577
46.435 46.621 46.608 46.395 46.42 46.558 46.654 46.755 46.852 46.953 47.043 47.239 47.469 47.586 47.692 47.831 48.084 48.233 48.307 48.463 48.631 48.81 48.94 49.144 49.323 49.493 49.701 49.913 50.149 50.421 50.707 51.019 51.347 51.728 52.139 52.601 53.131 53.951 54.492 55.44 56.316 57.013 57.36 58.177 58.918 59.394 60.745 61.186 62.493 63.969 64.255 65.454 66.091 65.329 65.983 66.471 67.167 67.831 68.915 68.934 69.385 70.492 70.424 71.078 71.766 72.427 73.065 73.684 73.889 75.44 74.839 74.511
46.684 46.721 46.646 46.289 46.324 46.498 46.54 46.581 46.646 46.745 46.862 47.069 47.281 47.388 47.514 47.671 47.848 47.952 48.106 48.279 48.459 48.608 48.751 48.957 49.141 49.337 49.54 49.768 50.026 50.29 50.585 50.918 51.256 51.651 52.044 52.534 53.035 53.632 54.205 55.011 55.886 56.924 57.264 58.259 58.836 59.264 59.748 60.683 61.454 62.559 64.567 65.046 64.663 65.073 65.772 66.521 66.846 67.913 68.445 68.674 68.94 69.201 69.73 70.718 70.809 71.283 71.632 72.369 73.068 73.595 74.956 74.533
46.607 45.919 45.901 46.17 46.403 46.435 46.478 47.049 46.626 46.684 46.695 46.917 47.087 47.233 47.359 47.542 47.691 47.784 47.929 48.11 48.296 48.429 48.618 48.804 48.985 49.189 49.406 49.651 49.863 50.17 50.477 50.795 51.161 51.537 51.957 52.389 52.913 53.443 54.075 54.692 55.559 56.997 57.102 58.308 58.568 59.048 59.802 60.39 61.647 62.336 64.355 64.709 64.554 65.121 65.412 65.934 66.393 67.122 67.57 68.597 68.584 68.691 69.036 70.206 70.293 70.774 70.988 71.611 72.634 72.339 73.908 74.866
46.713 46.554 46.357 46.863 46.317 46.5 46.842 46.618 46.463 46.519 46.614 46.786 46.938 47.062 47.198 47.424 47.558 47.673 47.768 47.948 48.115 48.286 48.486 48.651 48.848 49.066 49.296 49.523 49.802 50.054 50.36 50.689 51.077 51.445 51.874 52.334 52.805 53.313 53.882 54.487 55.189 56.106 56.863 57.618 58.59 59.187 59.594 60.914 61.415 62.369 63.157 64.172 65.851 64.575 66.369 66.829 66.081 66.651 67.13 67.936 68.241 68.705 68.656 69.195 69.296 69.744 70.309 70.629 71.038 71.208 73.607 73.921
46.082 46.26 46.122 46.825 46.882 47.124 46.54 46.746 46.545 46.518 46.546 46.576 46.762 46.931 47.094 47.295 47.439 47.49 47.618 47.794 47.963 48.152 48.355 48.55 48.724 48.942 49.185 49.463 49.696 49.951 50.271 50.617 50.975 51.367 51.791 52.231 52.727 53.207 53.753 54.362 55.016 55.642 56.44 57.236 58.355 59.092 59.543 59.988 61.233 62.103 63.213 64.027 64.534 65.431 66.372 66.569 65.775 66.395 66.792 67.491 68.115 67.687 68.676 69.237 69.363 70.583 69.797 71.131 70.707 70.581 71.259 73.121
46.224 46.537 46.279 46.889 46.422 46.841 46.614 46.801 46.46 46.392 46.493 46.507 46.626 46.828 46.963 47.176 47.216 47.404 47.518 47.656 47.864 48.052 48.233 48.437 48.616 48.833 49.082 49.347 49.587 49.859 50.183 50.513 50.884 51.27 51.687 52.09 52.62 53.119 53.58 54.171 54.803 55.43 56.065 56.819 57.924 58.902 59.706 59.586 60.578 61.246 62.473 63.25 64.545 65.472 64.932 65.885 65.576 66.104 66.483 67.797 67.495 67.403 68.103 68.741 68.635 69.446 69.023 69.266 71.346 70.255 70.334 72.03
46.256 46.519 46.385 47.083 47.039 47.292 47.268 47.229 46.843 46.43 46.389 46.385 46.41 46.737 46.91 47.056 47.127 47.427 47.533 47.589 47.727 47.927 48.127 48.333 48.532 48.729 49.011 49.243 49.501 49.775 50.069 50.42 50.767 51.141 51.548 51.949 52.457 52.955 53.449 53.996 54.574 55.209 55.825 56.458 57.183 58.511 59.398 59.797 60.122 60.873 61.99 62.652 64.095 64.456 65.249 65.679 65.412 65.958 67.385 67.056 66.941 67.416 67.989 68.325 68.14 68.144 68.54 69.388 69.808 69.801 69.725 70.539
45.395 45.702 46.583 46.639 46.943 46.786 46.814 46.377 46.214 46.216 46.288 46.379 46.534 46.655 46.841 47.017 47.039 47.315 47.551 47.565 47.647 47.846 48.049 48.251 48.45 48.664 48.907 49.154 49.421 49.697 49.976 50.313 50.657 51.04 51.444 51.807 52.297 52.792 53.287 53.804 54.341 55.034 55.672 56.328 57.1 58.589 59.678 60.08 60.083 60.953 61.498 62.48 63.685 64.634 65.078 65.546 67.231 67.234 66.582 66.289 66.531 66.672 66.901 66.907 67.516 67.749 68.455 70.104 69.801 69.289 69.242 69.573
46.029 46.188 46.549 46.556 46.995 46.984 46.369 46.313 46.38 46.317 46.33 46.372 46.461 46.644 46.775 46.932 46.978 47.278 47.389 47.558 47.631 47.781 47.975 48.178 48.381 48.608 48.826 49.103 49.355 49.626 49.903 50.203 50.557 50.909 51.31 51.709 52.186 52.664 53.14 53.685 54.205 54.833 55.544 56.264 57.077 57.994 58.975 59.974 60.972 61.57 62.349 63.907 63.838 64.837 65.093 66.066 65.593 65.963 65.251 65.412 65.598 65.827 66.138 67.109 67.051 67.572 68.056 68.521 68.266 68.682 68.628 68.873
46.335 46.24 46.577 46.477 46.814 46.628 46.339 46.955 46.567 46.284 46.224 46.432 46.503 46.348 46.803 46.928 46.965 47.233 47.313 47.41 47.535 47.726 47.923 48.101 48.319 48.539 48.755 49.026 49.3 49.573 49.854 50.136 50.449 50.806 51.213 51.614 52.047 52.493 53.001 53.515 54.056 54.511 55.154 55.994 56.564 57.368 58.406 59.811 60.953 61.729 62.417 63.254 64.488 64.468 65.064 65.452 66.299 65.426 65.107 65.237 65.427 65.852 66.435 66.366 66.887 67.257 67.565 67.742 67.795 67.901 68.02 68.277
46.397 46.308 46.59 46.671 46.798 46.69 46.795 46.632 46.424 46.244 46.274 46.526 46.006 46.49 46.747 46.905 46.947 47.196 47.214 47.318 47.528 47.7 47.863 48.056 48.271 48.492 48.718 48.978 49.247 49.522 49.811 50.095 50.377 50.714 51.097 51.49 51.918 52.343 52.826 53.326 53.79 54.326 54.952 55.498 56.372 57.246 57.732 59.068 60.369 61.447 62.379 62.672 63.129 63.464 64.702 64.663 64.274 65.168 64.614 65.187 65.273 65.624 66.515 66.628 66.394 66.528 66.523 66.749 67.061 67.331 67.594 67.728
46.701 46.603 46.809 46.669 46.58 46.301 46.937 46.91 46.749 46.445 46.853 46.695 46.427 46.525 46.718 46.847 46.887 47.108 47.178 47.289 47.525 47.666 47.848 48.019 48.222 48.454 48.675 48.927 49.198 49.453 49.746 50.052 50.332 50.614 50.981 51.37 51.784 52.213 52.623 53.048 53.602 54.134 54.681 55.312 55.824 56.316 57.732 59.177 60.006 60.687 61.523 61.702 62.052 63.245 64.222 64.445 64.197 65.022 65.132 65.588 65.467 65.942 66.445 66.084 66.549 66.657 66.366 66.433 66.805 66.958 67.113 67.349
46.597 46.614 46.213 46.842 46.89 46.346 47.159 46.991 46.695 46.746 46.766 46.512 46.534 46.506 46.767 46.902 46.89 47.035 47.16 47.301 47.491 47.671 47.815 47.985 48.186 48.415 48.66 48.873 49.136 49.411 49.704 49.988 50.284 50.583 50.894 51.228 51.61 52.012 52.401 52.843 53.304 53.765 54.283 54.898 55.395 55.967 56.915 57.596 58.62 59.909 60.703 60.805 61.794 62.64 63.423 64.376 64.429 65.188 65.263 65.185 65.654 66.002 65.838 66.02 66.011 66.208 66.145 66.28 66.311 66.474 66.695 66.945
46.643 45.919 46.713 46.818 46.908 46.546 46.586 46.794 46.702 46.44 46.403 46.798 46.45 46.514 46.843 46.888 46.893 47.055 47.167 47.338 47.54 47.683 47.837 48.01 48.169 48.389 48.622 48.855 49.097 49.377 49.627 49.885 50.161 50.497 50.771 51.087 51.429 51.81 52.185 52.63 53.033 53.475 53.971 54.505 54.985 55.709 56.3 56.977 57.809 58.123 59.232 60.779 61.015 62.388 63.022 63.872 64.478 64.867 65.639 64.876 65.274 65.4 65.868 66.061 66.041 65.88 65.857 65.901 66.121 66.163 66.354 66.485
45.993 46.756 46.778 46.786 46.753 47.003 46.941 47.158 47.293 46.652 46.599 46.441 46.495 46.567 46.761 46.867 46.965 47.084 47.23 47.392 47.563 47.687 47.867 48.068 48.157 48.37 48.603 48.848 49.087 49.318 49.571 49.809 50.086 50.372 50.712 50.953 51.279 51.611 51.948 52.399 52.749 53.263 53.745 54.131 54.772 55.296 55.853 56.452 56.966 57.682 58.381 58.763 60.653 61.125 62.294 63.306 63.593 63.753 64.813 63.996 64.968 65.06 65.244 65.464 65.315 65.469 65.477 65.559 65.748 66.137 66.091 66.266
46.282 46.607 46.683 46.726 46.86 47.078 46.91 46.966 46.616 46.465 46.908 46.708 46.848 46.627 47.101 46.957 47.041 47.12 47.271 47.432 47.6 47.774 47.901 47.995 48.173 48.388 48.586 48.822 49.073 49.344 49.518 49.755 50.048 50.259 50.544 50.837 51.181 51.46 51.765 52.145 52.509 52.892 52.655 53.876 54.382 54.79 55.392 55.971 56.556 57.175 57.899 58.396 59.411 60.351 61.417 62.41 63.217 63.304 64.177 64.036 64.197 64.458 64.7 64.874 65.328 66.106 65.803 67.808 65.956 65.695 66.013 65.888
46.801 46.726 46.748 46.807 47.402 47.185 47.039 47.086 46.861 46.864 46.805 46.786 46.979 46.812 47.089 47.141 47.088 47.202 47.35 47.491 47.673 47.848 47.946 48.021 48.192 48.41 48.662 48.824 49.048 49.328 49.553 49.722 49.942 50.167 50.418 50.703 51.025 51.389 51.671 51.997 52.331 52.313 52.68 53.532 54.054 54.543 55.072 55.791 56.34 56.76 57.303 58.044 59.084 60.172 61.054 61.62 62.407 62.509 63.508 63.054 63.17 64.705 64.268 65 65.69 66.194 65.735 65.528 64.914 65.283 65.197 65.448
47.123 46.93 46.875 46.871 47.174 47.022 46.981 46.759 47.152 46.598 46.777 47.271 47.19 46.914 47.095 47.014 47.136 47.321 47.439 47.628 47.776 47.891 47.945 48.108 48.237 48.427 48.675 48.858 49.07 49.286 49.56 49.792 49.899 50.159 50.383 50.616 50.888 51.202 51.53 51.823 52.142 52.066 52.604 53.12 53.557 54.09 54.553 55.146 55.775 56.282 56.788 57.591 58.314 59.15 60.039 61.15 61.038 61.931 62.457 62.037 63.849 64.048 64.42 64.22 63.8 63.987 64.527 64.399 64.407 64.644 64.872 65.048
47.16 46.971 46.955 47.136 47.011 47.058 47.634 47.314 47.228 46.922 47.045 47.635 46.933 47.954 47.729 47.146 47.301 47.461 47.541 47.682 47.796 47.925 48.025 48.173 48.307 48.449 48.697 48.902 49.134 49.333 49.599 49.868 49.957 50.079 50.312 50.581 50.77 51.055 51.347 51.626 51.933 51.822 52.458 52.751 53.194 53.701 54.229 54.867 55.345 55.934 56.733 57.312 57.338 58.873 59.354 59.665 59.954 61.126 61.525 62.176 62.983 63.856 63.226 64.081 64.617 65.11 63.769 63.933 64.168 64.31 64.555 64.851
47.201 47.351 47.107 47.355 47.221 46.989 47.178 46.689 47.169 46.846 47.681 47.952 48.073 47.525 47.834 47.6 47.535 47.551 47.707 47.95 47.91 47.985 48.14 48.27 48.422 48.574 48.685 48.916 49.176 49.366 49.606 49.856 50.044 50.133 50.287 50.423 50.607 50.794 51.13 51.371 51.616 51.623 52.118 52.498 53.024 53.44 53.921 54.527 55.261 55.962 56.133 56.41 57.144 58.307 58.672 59.054 59.322 60.501 61.007 61.378 62.038 62.659 62.707 63.306 63.412 63.415 63.698 63.796 63.844 64.008 63.88 64.386
47.401 47.345 47.261 47.225 47.233 47.377 47.141 46.812 46.927 46.935 47.328 48.551 48.158 47.851 47.477 48.073 47.776 47.702 47.925 48.012 48.029 48.156 48.283 48.405 48.596 48.743 48.874 49.082 49.234 49.463 49.644 49.854 50.081 50.214 50.362 50.556 50.756 50.967 51.123 51.254 51.444 51.671 52.069 52.231 52.702 53.205 53.692 54.341 55.055 55.305 55.646 56.18 56.748 57.412 58.255 58.889 59.171 60.067 60.395 60.992 61.393 61.928 62.326 62.899 63.251 63.334 63.23 63.709 63.535 63.803 64.071 64.099
47.583 47.577 47.539 47.531 47.52 47.668 47.733 47.202 47.833 47.681 47.797 48.918 48.051 47.651 48.494 48.664 47.912 47.869 48.542 48.488 48.234 48.316 48.419 48.57 48.708 48.83 48.972 49.145 49.302 49.494 49.707 49.894 50.098 50.287 50.397 50.561 50.74 50.939 51.155 51.362 51.564 51.808 52.094 52.292 52.645 53.139 53.601 54.073 54.469 55.035 55.624 56.227 56.694 57.167 57.743 58.282 59.551 59.885 60.208 60.651 60.981 61.492 62.002 62.272 62.918 62.743 63.219 63.508 63.894 63.79 63.617 63.896
47.845 47.914 47.785 47.789 47.796 48.084 48.629 47.951 48.171 48.787 48.251 48.777 48.13 48.209 48.716 47.973 48.105 48.769 48.399 49.161 48.462 48.564 48.68 48.754 48.844 48.957 49.081 49.241 49.405 49.605 49.745 49.992 50.131 50.327 50.472 50.589 50.746 50.981 51.18 51.413 51.577 51.798 52.07 52.346 52.751 53.211 53.737 54.146 54.549 55.105 55.517 56.063 56.623 57.248 58.006 58.236 59.187 59.437 59.963 60.335 60.668 61.142 61.571 61.87 62.158 62.791 63.074 63.425 63.561 63.459 63.544 63.586
48.106 48.039 48.01 47.963 48.004 47.957 48.212 48.414 48.405 48.344 49.177 48.509 48.209 48.326 48.177 48.21 48.519 48.34 49.005 49.311 48.75 48.74 48.809 48.944 49.021 49.067 49.208 49.358 49.519 49.688 49.843 50.036 50.275 50.441 50.577 50.696 50.789 51.001 51.217 51.473 51.671 51.872 52.148 52.51 52.928 53.254 53.7 54.168 54.575 55.034 55.46 55.917 56.383 57.078 57.5 58.385 58.577 59.245 59.66 60.054 60.381 60.801 61.166 61.548 61.863 62.536 62.595 62.744 63.226 63.158 63.266 63.541
48.386 48.328 48.274 48.256 48.243 48.222 48.412 49.207 48.781 48.579 48.661 48.478 48.191 48.259 48.307 48.376 48.42 48.775 48.954 49.069 48.946 48.914 49.008 49.074 49.13 49.226 49.367 49.523 49.683 49.836 49.981 50.105 50.319 50.558 50.703 50.775 50.85 51.021 51.274 51.561 51.82 51.996 52.295 52.641 53.04 53.445 53.799 54.257 54.636 55.065 55.483 55.921 56.408 56.812 57.366 58.025 58.839 59.028 59.399 59.781 60.123 60.448 60.874 61.237 61.634 62.232 62.609 62.569 62.607 62.869 63.166 63.434
48.683 48.638 48.619 48.565 48.535 48.603 48.769 49.089 49.015 48.841 48.873 48.781 48.709 48.649 48.636 48.693 48.988 49.316 49.516 49.582 49.287 49.168 49.179 49.256 49.329 49.402 49.569 49.697 49.849 50.002 50.14 50.309 50.408 50.648 50.817 50.911 51.009 51.14 51.364 51.631 51.917 52.139 52.456 52.796 53.167 53.567 53.912 54.325 54.791 55.124 55.507 55.931 56.366 56.8 57.267 57.723 58.3 58.903 59.17 59.549 59.859 60.216 60.585 60.962 61.258 61.619 61.923 62.262 62.606 62.949 63.27 63.414
49.02 48.987 48.934 48.835 48.839 48.903 49.047 49.352 49.265 49.044 49.108 49.052 48.947 48.988 48.886 49.025 49.31 49.546 49.918 50.346 49.767 49.467 49.363 49.442 49.475 49.601 49.827 49.888 50.032 50.198 50.34 50.497 50.548 50.773 50.933 51.072 51.162 51.275 51.457 51.68 51.962 52.321 52.589 52.915 53.258 53.618 54.019 54.41 54.913 55.242 55.59 55.949 56.341 56.7 57.115 57.491 57.943 58.587 58.99 59.344 59.647 59.994 60.35 60.728 60.982 61.484 61.78 62.31 62.758 62.764 63.127 63.436
49.366 49.3 49.189 49.148 49.11 49.163 49.253 49.483 49.518 49.416 49.3 49.185 49.144 49.176 49.226 49.388 49.572 49.722 49.943 50.102 50.207 49.741 49.62 49.628 49.681 49.869 50.038 50.139 50.296 50.409 50.539 50.71 50.756 50.957 51.099 51.186 51.286 51.457 51.63 51.815 52.056 52.418 52.758 53.067 53.386 53.697 54.047 54.482 54.988 55.274 55.602 55.884 56.277 56.637 56.961 57.373 57.903 58.484 58.8 59.141 59.462 59.748 60.076 60.439 60.75 61.187 61.749 62.224 62.677 62.665 62.757 63.258
49.669 49.551 49.485 49.453 49.439 49.58 49.721 49.87 49.701 49.47 49.461 49.348 49.334 49.348 49.544 49.713 49.936 50.077 50.346 50.781 50.697 50.013 49.846 49.823 49.979 50.136 50.285 50.444 50.573 50.627 50.804 50.916 50.99 51.209 51.305 51.379 51.461 51.651 51.851 52.014 52.275 52.554 52.873 53.112 53.393 53.728 54.084 54.523 55.016 55.265 55.575 55.842 56.17 56.498 56.887 57.327 57.721 58.366 58.608 58.992 59.286 59.621 59.896 60.206 60.51 60.823 61.344 62.139 62.588 62.58 62.583 62.876
49.9 49.808 49.78 49.772 49.791 49.829 50.007 50.028 49.776 49.642 49.764 49.897 49.676 49.545 49.801 49.901 50.119 50.326 50.528 50.835 50.526 50.287 50.047 50.116 50.283 50.499 50.624 50.682 50.915 50.907 50.913 51.005 51.093 51.209 51.369 51.552 51.668 51.86 52.081 52.255 52.455 52.664 52.88 53.167 53.521 53.967 54.27 54.583 55.111 55.363 55.601 55.931 56.196 56.428 56.8 57.178 57.598 58.196 58.457 58.866 59.166 59.436 59.727 60.019 60.325 60.616 61.028 61.592 61.807 62.104 62.368 62.685
50.181 50.093 50.057 50.048 50.104 50.121 50.249 50.16 49.969 49.883 50.006 49.899 49.854 49.76 49.971 50.086 50.184 50.36 50.713 50.59 50.474 50.624 50.375 50.533 50.532 50.792 50.887 50.894 50.927 51.046 51.23 51.257 51.453 51.492 51.443 51.615 51.829 52.1 52.26 52.406 52.508 52.767 53.111 53.409 53.669 54.021 54.215 54.57 55.004 55.398 55.676 55.967 56.206 56.442 56.727 57.11 57.607 58.04 58.324 58.734 59.054 59.343 59.631 59.892 60.149 60.452 60.796 61.313 61.818 62.459 62.546 62.544
