raw_data/humedad_relativa/hora9/rh9jul.txt
ncols         501
nrows         361
xllcorner     109.95
yllcorner     -45.05
cellsize      0.1
NODATA_value  -9999
[rows 320 to 351 of 361, columns 0 to 71 of 501]
84.381 84.4 84.42 84.441 84.461 84.481 84.502 84.522 84.543 84.564 84.585 84.606 84.627 84.648 84.669 84.69 84.712 84.733 84.755 84.776 84.798 84.819 84.841 84.862 84.884 84.905 84.927 84.948 84.969 84.991 85.012 85.033 85.054 85.074 85.095 85.115 85.135 85.154 85.174 85.193 85.212 85.23 85.248 85.266 85.283 85.3 85.316 85.332 85.347 85.361 85.375 85.389 85.402 85.414 85.425 85.436 85.446 85.455 85.464 85.472 85.479 85.485 85.49 85.494 85.498 85.501 85.503 85.504 85.504 85.503 85.502 85.499
84.426 84.445 84.465 84.485 84.505 84.526 84.546 84.566 84.587 84.608 84.628 84.649 84.67 84.691 84.712 84.733 84.754 84.775 84.797 84.818 84.839 84.861 84.882 84.903 84.924 84.946 84.967 84.988 85.009 85.03 85.05 85.071 85.091 85.112 85.132 85.151 85.171 85.19 85.209 85.228 85.246 85.265 85.282 85.299 85.316 85.333 85.348 85.364 85.379 85.393 85.407 85.42 85.432 85.444 85.455 85.466 85.476 85.485 85.493 85.501 85.508 85.514 85.519 85.523 85.527 85.53 85.532 85.533 85.533 85.533 85.531 85.529
84.47 84.49 84.51 84.53 84.55 84.57 84.59 84.61 84.631 84.651 84.672 84.692 84.713 84.734 84.755 84.775 84.796 84.817 84.838 84.859 84.88 84.901 84.922 84.943 84.964 84.985 85.006 85.027 85.047 85.068 85.088 85.109 85.129 85.149 85.168 85.188 85.207 85.226 85.245 85.263 85.281 85.299 85.316 85.333 85.349 85.365 85.381 85.396 85.41 85.424 85.438 85.451 85.463 85.475 85.486 85.496 85.505 85.514 85.523 85.53 85.537 85.543 85.548 85.552 85.556 85.559 85.561 85.562 85.562 85.562 85.561 85.559
84.514 84.534 84.554 84.573 84.593 84.613 84.633 84.653 84.674 84.694 84.714 84.735 84.755 84.776 84.797 84.817 84.838 84.859 84.88 84.9 84.921 84.942 84.963 84.983 85.004 85.025 85.045 85.065 85.086 85.106 85.126 85.146 85.166 85.185 85.205 85.224 85.243 85.261 85.28 85.298 85.315 85.333 85.35 85.366 85.382 85.398 85.413 85.428 85.442 85.456 85.469 85.482 85.493 85.505 85.516 85.526 85.535 85.544 85.552 85.559 85.566 85.572 85.577 85.581 85.585 85.588 85.59 85.591 85.591 85.591 85.59 85.588
84.558 84.578 84.597 84.617 84.637 84.656 84.676 84.696 84.716 84.737 84.757 84.777 84.797 84.818 84.838 84.859 84.879 84.9 84.92 84.941 84.961 84.982 85.002 85.023 85.043 85.063 85.084 85.104 85.124 85.144 85.163 85.183 85.202 85.222 85.241 85.259 85.278 85.296 85.314 85.332 85.349 85.366 85.383 85.399 85.415 85.43 85.445 85.46 85.474 85.487 85.5 85.512 85.524 85.535 85.546 85.556 85.565 85.573 85.581 85.589 85.595 85.601 85.606 85.61 85.614 85.617 85.619 85.62 85.621 85.62 85.62 85.618
84.601 84.621 84.64 84.66 84.679 84.699 84.719 84.739 84.759 84.779 84.799 84.819 84.839 84.859 84.879 84.9 84.92 84.94 84.961 84.981 85.001 85.021 85.042 85.062 85.082 85.102 85.122 85.142 85.161 85.181 85.2 85.22 85.239 85.258 85.276 85.295 85.313 85.331 85.349 85.366 85.383 85.4 85.416 85.432 85.447 85.462 85.477 85.491 85.505 85.518 85.531 85.543 85.554 85.565 85.576 85.585 85.594 85.603 85.611 85.618 85.624 85.63 85.635 85.639 85.643 85.646 85.648 85.649 85.65 85.65 85.649 85.647
84.644 84.663 84.683 84.702 84.722 84.741 84.761 84.781 84.8 84.82 84.84 84.86 84.88 84.9 84.92 84.94 84.96 84.98 85 85.02 85.04 85.061 85.08 85.1 85.12 85.14 85.16 85.179 85.199 85.218 85.237 85.256 85.275 85.293 85.312 85.33 85.348 85.365 85.383 85.4 85.417 85.433 85.449 85.465 85.48 85.495 85.509 85.523 85.536 85.549 85.561 85.573 85.585 85.595 85.606 85.615 85.624 85.632 85.64 85.647 85.653 85.659 85.664 85.668 85.672 85.675 85.677 85.678 85.679 85.679 85.678 85.677
84.687 84.706 84.725 84.744 84.764 84.783 84.803 84.822 84.842 84.861 84.881 84.901 84.921 84.941 84.96 84.98 85 85.02 85.04 85.06 85.079 85.099 85.119 85.139 85.158 85.178 85.197 85.216 85.235 85.255 85.273 85.292 85.311 85.329 85.347 85.365 85.382 85.4 85.417 85.433 85.45 85.466 85.482 85.497 85.512 85.526 85.54 85.554 85.567 85.58 85.592 85.604 85.615 85.625 85.635 85.645 85.654 85.662 85.669 85.676 85.682 85.688 85.693 85.697 85.701 85.704 85.706 85.708 85.708 85.709 85.708 85.707
84.729 84.748 84.767 84.786 84.805 84.824 84.844 84.863 84.883 84.902 84.922 84.941 84.961 84.981 85 85.02 85.04 85.059 85.079 85.099 85.118 85.138 85.157 85.176 85.196 85.215 85.234 85.253 85.272 85.291 85.309 85.328 85.346 85.364 85.382 85.399 85.417 85.434 85.45 85.467 85.483 85.499 85.514 85.529 85.544 85.558 85.572 85.585 85.598 85.611 85.623 85.634 85.645 85.655 85.665 85.674 85.683 85.691 85.699 85.705 85.712 85.717 85.722 85.726 85.73 85.733 85.735 85.737 85.738 85.738 85.737 85.736
84.77 84.789 84.808 84.827 84.846 84.865 84.885 84.904 84.923 84.943 84.962 84.981 85.001 85.02 85.04 85.059 85.079 85.098 85.118 85.137 85.156 85.176 85.195 85.214 85.233 85.252 85.271 85.29 85.308 85.327 85.345 85.363 85.381 85.399 85.416 85.434 85.451 85.467 85.484 85.5 85.516 85.531 85.546 85.561 85.576 85.59 85.603 85.616 85.629 85.641 85.653 85.664 85.675 85.685 85.695 85.704 85.712 85.72 85.728 85.735 85.741 85.746 85.751 85.755 85.759 85.762 85.764 85.766 85.767 85.767 85.767 85.766
84.811 84.83 84.849 84.868 84.887 84.906 84.925 84.944 84.963 84.982 85.002 85.021 85.04 85.06 85.079 85.098 85.117 85.137 85.156 85.175 85.194 85.213 85.232 85.251 85.27 85.289 85.307 85.326 85.344 85.362 85.38 85.398 85.416 85.433 85.451 85.468 85.484 85.501 85.517 85.533 85.548 85.564 85.579 85.593 85.607 85.621 85.634 85.647 85.66 85.672 85.683 85.694 85.705 85.715 85.724 85.733 85.742 85.75 85.757 85.764 85.77 85.775 85.78 85.784 85.788 85.791 85.793 85.795 85.796 85.796 85.796 85.795
84.852 84.871 84.889 84.908 84.927 84.946 84.965 84.984 85.003 85.022 85.041 85.06 85.079 85.098 85.117 85.137 85.156 85.175 85.194 85.213 85.232 85.25 85.269 85.288 85.306 85.325 85.343 85.362 85.38 85.398 85.415 85.433 85.45 85.468 85.485 85.501 85.518 85.534 85.55 85.566 85.581 85.596 85.61 85.625 85.639 85.652 85.665 85.678 85.69 85.702 85.713 85.724 85.735 85.745 85.754 85.763 85.771 85.779 85.786 85.793 85.799 85.804 85.809 85.813 85.817 85.82 85.822 85.824 85.825 85.826 85.826 85.825
84.892 84.911 84.93 84.948 84.967 84.986 85.005 85.023 85.042 85.061 85.08 85.099 85.118 85.137 85.156 85.175 85.194 85.212 85.231 85.25 85.269 85.287 85.306 85.324 85.343 85.361 85.379 85.397 85.415 85.433 85.45 85.467 85.485 85.502 85.518 85.535 85.551 85.567 85.583 85.598 85.613 85.628 85.642 85.656 85.67 85.683 85.696 85.709 85.721 85.732 85.744 85.754 85.764 85.774 85.783 85.792 85.8 85.808 85.815 85.822 85.828 85.833 85.838 85.842 85.846 85.849 85.851 85.853 85.854 85.855 85.855 85.854
84.932 84.951 84.969 84.988 85.006 85.025 85.044 85.062 85.081 85.1 85.119 85.137 85.156 85.175 85.194 85.212 85.231 85.25 85.268 85.287 85.305 85.324 85.342 85.36 85.378 85.396 85.414 85.432 85.45 85.467 85.484 85.502 85.519 85.535 85.552 85.568 85.584 85.6 85.615 85.63 85.645 85.66 85.674 85.688 85.701 85.714 85.727 85.739 85.751 85.762 85.773 85.784 85.794 85.804 85.813 85.821 85.829 85.837 85.844 85.851 85.856 85.862 85.867 85.871 85.875 85.878 85.88 85.882 85.883 85.884 85.884 85.884
84.972 84.99 85.009 85.027 85.046 85.064 85.083 85.101 85.12 85.138 85.157 85.176 85.194 85.213 85.231 85.25 85.268 85.287 85.305 85.323 85.342 85.36 85.378 85.396 85.414 85.432 85.449 85.467 85.484 85.502 85.519 85.536 85.552 85.569 85.585 85.601 85.617 85.632 85.647 85.662 85.677 85.691 85.705 85.719 85.732 85.745 85.757 85.77 85.781 85.792 85.803 85.814 85.824 85.833 85.842 85.851 85.859 85.866 85.873 85.879 85.885 85.891 85.895 85.9 85.903 85.906 85.909 85.911 85.912 85.913 85.913 85.913
85.011 85.029 85.048 85.066 85.084 85.103 85.121 85.139 85.158 85.176 85.195 85.213 85.232 85.25 85.268 85.287 85.305 85.323 85.342 85.36 85.378 85.396 85.414 85.432 85.449 85.467 85.484 85.502 85.519 85.536 85.553 85.569 85.586 85.602 85.618 85.634 85.649 85.664 85.679 85.694 85.708 85.723 85.736 85.75 85.763 85.775 85.788 85.8 85.811 85.822 85.833 85.843 85.853 85.862 85.871 85.88 85.888 85.895 85.902 85.908 85.914 85.919 85.924 85.928 85.932 85.935 85.938 85.94 85.941 85.942 85.943 85.942
85.05 85.068 85.086 85.104 85.123 85.141 85.159 85.177 85.196 85.214 85.232 85.251 85.269 85.287 85.305 85.323 85.342 85.36 85.378 85.396 85.414 85.431 85.449 85.467 85.484 85.501 85.519 85.536 85.553 85.569 85.586 85.602 85.619 85.635 85.65 85.666 85.681 85.696 85.711 85.726 85.74 85.754 85.767 85.78 85.793 85.806 85.818 85.83 85.841 85.852 85.863 85.873 85.882 85.892 85.9 85.909 85.916 85.924 85.931 85.937 85.943 85.948 85.953 85.957 85.961 85.964 85.967 85.969 85.97 85.971 85.972 85.972
85.088 85.106 85.124 85.142 85.161 85.179 85.197 85.215 85.233 85.251 85.269 85.288 85.306 85.324 85.342 85.36 85.378 85.396 85.413 85.431 85.449 85.466 85.484 85.501 85.519 85.536 85.553 85.57 85.586 85.603 85.619 85.636 85.652 85.667 85.683 85.698 85.713 85.728 85.743 85.757 85.771 85.785 85.798 85.811 85.824 85.836 85.848 85.86 85.871 85.882 85.892 85.902 85.912 85.921 85.929 85.938 85.945 85.952 85.959 85.966 85.971 85.977 85.981 85.986 85.989 85.993 85.995 85.997 85.999 86 86.001 86.001
85.126 85.144 85.162 85.18 85.198 85.216 85.234 85.252 85.27 85.288 85.306 85.324 85.342 85.36 85.378 85.396 85.414 85.431 85.449 85.466 85.484 85.501 85.519 85.536 85.553 85.57 85.587 85.603 85.62 85.636 85.652 85.668 85.684 85.7 85.715 85.73 85.745 85.76 85.774 85.788 85.802 85.815 85.829 85.841 85.854 85.866 85.878 85.889 85.9 85.911 85.921 85.931 85.941 85.95 85.958 85.966 85.974 85.981 85.988 85.994 86 86.005 86.01 86.014 86.018 86.021 86.024 86.026 86.028 86.029 86.03 86.03
85.164 85.182 85.2 85.218 85.236 85.253 85.271 85.289 85.307 85.325 85.343 85.361 85.378 85.396 85.414 85.431 85.449 85.467 85.484 85.501 85.519 85.536 85.553 85.57 85.587 85.604 85.62 85.637 85.653 85.669 85.685 85.701 85.717 85.732 85.747 85.762 85.777 85.791 85.805 85.819 85.833 85.846 85.859 85.872 85.884 85.896 85.908 85.919 85.93 85.94 85.951 85.96 85.97 85.979 85.987 85.995 86.003 86.01 86.016 86.023 86.028 86.033 86.038 86.043 86.046 86.05 86.052 86.055 86.056 86.058 86.059 86.059
85.202 85.219 85.237 85.255 85.272 85.29 85.308 85.326 85.343 85.361 85.379 85.396 85.414 85.432 85.449 85.467 85.484 85.502 85.519 85.536 85.553 85.57 85.587 85.604 85.621 85.637 85.654 85.67 85.686 85.702 85.718 85.733 85.749 85.764 85.779 85.794 85.808 85.822 85.836 85.85 85.863 85.877 85.889 85.902 85.914 85.926 85.937 85.948 85.959 85.97 85.98 85.989 85.998 86.007 86.016 86.024 86.031 86.038 86.045 86.051 86.057 86.062 86.067 86.071 86.075 86.078 86.081 86.083 86.085 86.086 86.087 86.088
85.239 85.256 85.274 85.291 85.309 85.327 85.344 85.362 85.379 85.397 85.415 85.432 85.45 85.467 85.484 85.502 85.519 85.536 85.553 85.57 85.587 85.604 85.621 85.638 85.654 85.67 85.687 85.703 85.719 85.734 85.75 85.765 85.781 85.796 85.81 85.825 85.839 85.853 85.867 85.881 85.894 85.907 85.919 85.932 85.944 85.955 85.967 85.978 85.988 85.999 86.009 86.018 86.027 86.036 86.044 86.052 86.059 86.066 86.073 86.079 86.085 86.09 86.095 86.099 86.103 86.106 86.109 86.112 86.114 86.115 86.116 86.116
85.275 85.293 85.31 85.328 85.345 85.363 85.38 85.398 85.415 85.433 85.45 85.467 85.485 85.502 85.519 85.536 85.554 85.571 85.588 85.604 85.621 85.638 85.654 85.671 85.687 85.703 85.719 85.735 85.751 85.767 85.782 85.797 85.812 85.827 85.842 85.856 85.87 85.884 85.898 85.911 85.924 85.937 85.949 85.962 85.973 85.985 85.996 86.007 86.017 86.028 86.037 86.047 86.056 86.064 86.073 86.08 86.088 86.095 86.101 86.107 86.113 86.118 86.123 86.127 86.131 86.135 86.137 86.14 86.142 86.143 86.145 86.145
85.312 85.329 85.347 85.364 85.381 85.399 85.416 85.433 85.451 85.468 85.485 85.502 85.52 85.537 85.554 85.571 85.588 85.605 85.621 85.638 85.655 85.671 85.688 85.704 85.72 85.736 85.752 85.768 85.783 85.799 85.814 85.829 85.844 85.858 85.873 85.887 85.901 85.915 85.928 85.941 85.954 85.967 85.979 85.991 86.003 86.014 86.025 86.036 86.046 86.056 86.066 86.075 86.084 86.093 86.101 86.109 86.116 86.123 86.129 86.135 86.141 86.146 86.151 86.155 86.159 86.163 86.166 86.168 86.17 86.172 86.173 86.174
85.348 85.365 85.382 85.4 85.417 85.434 85.451 85.469 85.486 85.503 85.52 85.537 85.554 85.571 85.588 85.605 85.622 85.638 85.655 85.672 85.688 85.704 85.721 85.737 85.753 85.769 85.784 85.8 85.815 85.83 85.845 85.86 85.875 85.889 85.904 85.918 85.931 85.945 85.958 85.971 85.984 85.996 86.009 86.021 86.032 86.043 86.054 86.065 86.075 86.085 86.095 86.104 86.113 86.121 86.129 86.137 86.144 86.151 86.157 86.163 86.169 86.174 86.179 86.183 86.187 86.191 86.194 86.196 86.198 86.2 86.201 86.202
85.384 85.401 85.418 85.435 85.452 85.469 85.486 85.504 85.521 85.538 85.555 85.572 85.588 85.605 85.622 85.639 85.655 85.672 85.688 85.705 85.721 85.737 85.753 85.769 85.785 85.801 85.816 85.832 85.847 85.862 85.877 85.891 85.906 85.92 85.934 85.948 85.962 85.975 85.988 86.001 86.014 86.026 86.038 86.05 86.061 86.072 86.083 86.094 86.104 86.114 86.123 86.132 86.141 86.149 86.157 86.165 86.172 86.179 86.185 86.191 86.197 86.202 86.207 86.211 86.215 86.219 86.222 86.224 86.227 86.228 86.23 86.231
85.419 85.436 85.453 85.47 85.487 85.504 85.521 85.538 85.555 85.572 85.589 85.606 85.622 85.639 85.656 85.672 85.689 85.705 85.721 85.738 85.754 85.77 85.786 85.801 85.817 85.833 85.848 85.863 85.878 85.893 85.908 85.922 85.937 85.951 85.965 85.978 85.992 86.005 86.018 86.031 86.043 86.055 86.067 86.079 86.09 86.101 86.112 86.122 86.132 86.142 86.151 86.16 86.169 86.177 86.185 86.193 86.2 86.207 86.213 86.219 86.225 86.23 86.235 86.239 86.243 86.246 86.25 86.252 86.255 86.256 86.258 86.259
85.454 85.471 85.488 85.505 85.522 85.539 85.556 85.573 85.589 85.606 85.623 85.639 85.656 85.673 85.689 85.705 85.722 85.738 85.754 85.77 85.786 85.802 85.818 85.833 85.849 85.864 85.879 85.895 85.909 85.924 85.939 85.953 85.967 85.981 85.995 86.008 86.022 86.035 86.048 86.06 86.072 86.084 86.096 86.108 86.119 86.13 86.14 86.151 86.161 86.17 86.179 86.188 86.197 86.205 86.213 86.221 86.228 86.234 86.241 86.247 86.252 86.258 86.262 86.267 86.271 86.274 86.277 86.28 86.282 86.284 86.286 86.287
85.489 85.506 85.523 85.54 85.556 85.573 85.59 85.607 85.623 85.64 85.656 85.673 85.689 85.706 85.722 85.738 85.755 85.771 85.787 85.803 85.818 85.834 85.85 85.865 85.881 85.896 85.911 85.926 85.94 85.955 85.969 85.983 85.997 86.011 86.025 86.038 86.051 86.064 86.077 86.089 86.102 86.113 86.125 86.136 86.148 86.158 86.169 86.179 86.189 86.198 86.207 86.216 86.225 86.233 86.241 86.248 86.255 86.262 86.268 86.274 86.28 86.285 86.29 86.294 86.298 86.302 86.305 86.308 86.31 86.312 86.314 86.315
85.524 85.54 85.557 85.574 85.591 85.607 85.624 85.64 85.657 85.673 85.69 85.706 85.723 85.739 85.755 85.771 85.787 85.803 85.819 85.835 85.85 85.866 85.881 85.897 85.912 85.927 85.942 85.956 85.971 85.985 86 86.014 86.028 86.041 86.055 86.068 86.081 86.094 86.106 86.119 86.131 86.142 86.154 86.165 86.176 86.187 86.197 86.207 86.217 86.226 86.235 86.244 86.253 86.261 86.268 86.276 86.283 86.29 86.296 86.302 86.307 86.312 86.317 86.322 86.326 86.329 86.333 86.335 86.338 86.34 86.342 86.343
85.558 85.575 85.591 85.608 85.624 85.641 85.657 85.674 85.69 85.707 85.723 85.739 85.755 85.771 85.788 85.804 85.819 85.835 85.851 85.867 85.882 85.897 85.913 85.928 85.943 85.958 85.973 85.987 86.002 86.016 86.03 86.044 86.057 86.071 86.084 86.097 86.11 86.123 86.135 86.147 86.159 86.171 86.182 86.193 86.204 86.215 86.225 86.235 86.245 86.254 86.263 86.272 86.28 86.288 86.296 86.303 86.31 86.317 86.323 86.329 86.335 86.34 86.345 86.349 86.353 86.357 86.36 86.363 86.366 86.368 86.369 86.371
85.592 85.608 85.625 85.641 85.658 85.674 85.691 85.707 85.723 85.74 85.756 85.772 85.788 85.804 85.82 85.836 85.851 85.867 85.883 85.898 85.914 85.929 85.944 85.959 85.974 85.989 86.003 86.018 86.032 86.046 86.06 86.074 86.087 86.101 86.114 86.127 86.139 86.152 86.164 86.176 86.188 86.199 86.211 86.222 86.232 86.243 86.253 86.263 86.273 86.282 86.291 86.299 86.308 86.316 86.323 86.331 86.338 86.344 86.35 86.356 86.362 86.367 86.372 86.376 86.38 86.384 86.387 86.39 86.393 86.395 86.397 86.398
