raw_data/humedad_relativa/hora9/rh9jun.txt
ncols         501
nrows         361
xllcorner     109.95
yllcorner     -45.05
cellsize      0.1
NODATA_value  -9999
[rows 0 to 31 of 361, columns 360 to 431 of 501]
84.762 84.798 84.834 84.869 84.903 84.937 84.97 85.002 85.034 85.064 85.094 85.124 85.152 85.18 85.207 85.233 85.258 85.282 85.306 85.328 85.35 85.371 85.391 85.41 85.428 85.446 85.462 85.478 85.492 85.506 85.519 85.531 85.543 85.553 85.563 85.571 85.579 85.586 85.593 85.598 85.603 85.607 85.61 85.612 85.614 85.615 85.615 85.615 85.614 85.612 85.61 85.607 85.604 85.599 85.595 85.589 85.584 85.577 85.57 85.563 85.555 85.547 85.538 85.529 85.519 85.509 85.499 85.488 85.477 85.465 85.454 85.441
84.732 84.769 84.805 84.841 84.876 84.91 84.944 84.977 85.009 85.041 85.071 85.101 85.13 85.159 85.186 85.213 85.238 85.263 85.287 85.31 85.332 85.354 85.374 85.394 85.412 85.43 85.447 85.463 85.478 85.492 85.505 85.517 85.529 85.539 85.549 85.558 85.566 85.573 85.58 85.585 85.59 85.594 85.597 85.6 85.601 85.602 85.603 85.602 85.601 85.599 85.597 85.594 85.59 85.586 85.581 85.576 85.57 85.563 85.556 85.549 85.541 85.532 85.523 85.514 85.504 85.494 85.484 85.473 85.461 85.45 85.438 85.425
84.7 84.738 84.775 84.811 84.847 84.882 84.917 84.95 84.983 85.015 85.047 85.077 85.107 85.136 85.164 85.191 85.218 85.243 85.268 85.291 85.314 85.336 85.357 85.377 85.396 85.414 85.431 85.447 85.462 85.477 85.49 85.503 85.514 85.525 85.535 85.544 85.552 85.559 85.566 85.572 85.576 85.58 85.584 85.586 85.588 85.589 85.589 85.589 85.588 85.586 85.583 85.58 85.576 85.572 85.567 85.562 85.555 85.549 85.542 85.534 85.526 85.517 85.508 85.499 85.489 85.479 85.468 85.457 85.445 85.433 85.421 85.409
84.667 84.705 84.743 84.78 84.817 84.853 84.888 84.922 84.956 84.989 85.021 85.052 85.083 85.113 85.141 85.169 85.196 85.222 85.247 85.271 85.295 85.317 85.338 85.358 85.378 85.396 85.414 85.43 85.446 85.461 85.474 85.487 85.499 85.51 85.52 85.529 85.538 85.545 85.552 85.557 85.562 85.566 85.57 85.572 85.574 85.575 85.575 85.575 85.573 85.571 85.569 85.566 85.562 85.557 85.552 85.547 85.541 85.534 85.527 85.519 85.51 85.502 85.492 85.483 85.473 85.462 85.451 85.44 85.428 85.416 85.404 85.391
84.631 84.67 84.709 84.747 84.785 84.822 84.858 84.893 84.928 84.961 84.994 85.026 85.057 85.088 85.117 85.146 85.173 85.2 85.226 85.25 85.274 85.297 85.319 85.34 85.359 85.378 85.396 85.413 85.429 85.444 85.458 85.471 85.483 85.494 85.505 85.514 85.522 85.53 85.537 85.542 85.547 85.552 85.555 85.557 85.559 85.56 85.56 85.56 85.558 85.557 85.554 85.551 85.547 85.542 85.537 85.531 85.525 85.518 85.511 85.503 85.494 85.485 85.476 85.466 85.456 85.445 85.434 85.423 85.411 85.399 85.386 85.373
84.594 84.634 84.674 84.713 84.751 84.789 84.826 84.862 84.898 84.932 84.966 84.999 85.031 85.062 85.092 85.121 85.15 85.177 85.203 85.229 85.253 85.276 85.299 85.32 85.34 85.36 85.378 85.395 85.411 85.427 85.441 85.454 85.467 85.478 85.489 85.498 85.507 85.514 85.521 85.527 85.532 85.536 85.539 85.542 85.544 85.545 85.545 85.544 85.543 85.541 85.538 85.535 85.531 85.526 85.521 85.515 85.509 85.502 85.494 85.486 85.477 85.468 85.459 85.449 85.438 85.428 85.416 85.405 85.393 85.38 85.368 85.355
84.554 84.596 84.636 84.677 84.716 84.755 84.793 84.83 84.866 84.902 84.936 84.97 85.003 85.035 85.066 85.096 85.125 85.153 85.18 85.206 85.231 85.255 85.278 85.299 85.32 85.34 85.359 85.376 85.393 85.409 85.423 85.437 85.449 85.461 85.472 85.481 85.49 85.498 85.505 85.511 85.516 85.52 85.523 85.526 85.528 85.529 85.529 85.528 85.527 85.525 85.522 85.519 85.514 85.51 85.504 85.498 85.492 85.485 85.477 85.469 85.46 85.451 85.441 85.431 85.42 85.409 85.398 85.386 85.374 85.361 85.349 85.335
84.513 84.556 84.597 84.639 84.679 84.719 84.758 84.796 84.833 84.87 84.906 84.94 84.974 85.007 85.039 85.069 85.099 85.128 85.155 85.182 85.208 85.232 85.256 85.278 85.299 85.319 85.339 85.357 85.374 85.39 85.405 85.419 85.431 85.443 85.454 85.464 85.473 85.481 85.488 85.494 85.499 85.503 85.507 85.509 85.511 85.512 85.512 85.512 85.51 85.508 85.505 85.502 85.497 85.493 85.487 85.481 85.474 85.467 85.459 85.451 85.442 85.432 85.423 85.412 85.402 85.39 85.379 85.367 85.354 85.342 85.329 85.315
84.47 84.513 84.557 84.599 84.641 84.682 84.722 84.761 84.799 84.837 84.873 84.909 84.944 84.977 85.01 85.042 85.072 85.102 85.13 85.157 85.184 85.209 85.233 85.256 85.278 85.298 85.318 85.336 85.354 85.37 85.385 85.4 85.413 85.425 85.436 85.446 85.455 85.463 85.47 85.477 85.482 85.486 85.49 85.492 85.494 85.495 85.495 85.494 85.493 85.491 85.488 85.484 85.48 85.475 85.469 85.463 85.456 85.449 85.441 85.432 85.423 85.414 85.403 85.393 85.382 85.371 85.359 85.347 85.334 85.321 85.308 85.295
84.424 84.469 84.514 84.557 84.6 84.643 84.684 84.724 84.764 84.802 84.84 84.877 84.912 84.947 84.981 85.013 85.044 85.075 85.104 85.132 85.159 85.185 85.209 85.233 85.255 85.276 85.296 85.315 85.333 85.35 85.366 85.38 85.393 85.406 85.417 85.427 85.437 85.445 85.452 85.458 85.464 85.468 85.472 85.474 85.476 85.477 85.477 85.476 85.475 85.472 85.469 85.466 85.461 85.456 85.45 85.444 85.437 85.43 85.421 85.413 85.404 85.394 85.384 85.373 85.362 85.35 85.338 85.326 85.313 85.3 85.287 85.273
84.377 84.424 84.469 84.514 84.558 84.602 84.644 84.686 84.727 84.767 84.805 84.843 84.88 84.915 84.95 84.983 85.016 85.047 85.077 85.105 85.133 85.16 85.185 85.209 85.232 85.254 85.274 85.294 85.312 85.329 85.345 85.36 85.373 85.386 85.398 85.408 85.417 85.426 85.433 85.44 85.445 85.45 85.453 85.456 85.457 85.458 85.458 85.458 85.456 85.454 85.451 85.447 85.442 85.437 85.431 85.425 85.418 85.41 85.402 85.393 85.383 85.374 85.363 85.352 85.341 85.329 85.317 85.305 85.292 85.279 85.265 85.251
84.328 84.376 84.423 84.469 84.515 84.56 84.604 84.646 84.688 84.729 84.769 84.808 84.846 84.883 84.918 84.953 84.986 85.018 85.049 85.078 85.107 85.134 85.16 85.184 85.208 85.23 85.251 85.271 85.29 85.307 85.324 85.339 85.353 85.366 85.377 85.388 85.398 85.406 85.414 85.42 85.426 85.43 85.434 85.437 85.438 85.439 85.439 85.438 85.437 85.434 85.431 85.427 85.423 85.417 85.411 85.405 85.397 85.389 85.381 85.372 85.363 85.353 85.342 85.331 85.32 85.308 85.295 85.283 85.27 85.256 85.242 85.228
84.277 84.326 84.375 84.423 84.47 84.516 84.561 84.605 84.649 84.691 84.732 84.772 84.811 84.849 84.885 84.921 84.955 84.988 85.02 85.05 85.079 85.107 85.134 85.159 85.183 85.206 85.228 85.248 85.267 85.285 85.302 85.317 85.331 85.345 85.357 85.368 85.377 85.386 85.394 85.4 85.406 85.41 85.414 85.417 85.418 85.419 85.419 85.418 85.417 85.414 85.411 85.407 85.402 85.397 85.391 85.384 85.376 85.368 85.36 85.351 85.341 85.331 85.32 85.309 85.297 85.285 85.273 85.26 85.247 85.233 85.219 85.205
84.223 84.274 84.325 84.374 84.423 84.47 84.517 84.563 84.608 84.651 84.694 84.735 84.775 84.814 84.852 84.888 84.923 84.957 84.99 85.021 85.051 85.08 85.107 85.133 85.158 85.181 85.203 85.224 85.244 85.262 85.279 85.295 85.31 85.323 85.335 85.346 85.356 85.365 85.373 85.38 85.385 85.39 85.393 85.396 85.398 85.399 85.399 85.398 85.396 85.393 85.39 85.386 85.381 85.375 85.369 85.362 85.355 85.347 85.338 85.329 85.319 85.308 85.297 85.286 85.274 85.262 85.249 85.236 85.223 85.209 85.195 85.181
84.168 84.221 84.273 84.324 84.374 84.423 84.472 84.519 84.565 84.61 84.654 84.696 84.738 84.778 84.817 84.854 84.89 84.925 84.959 84.991 85.022 85.051 85.079 85.106 85.131 85.155 85.178 85.2 85.22 85.238 85.256 85.272 85.287 85.301 85.313 85.324 85.335 85.344 85.351 85.358 85.364 85.369 85.372 85.375 85.377 85.378 85.377 85.376 85.375 85.372 85.368 85.364 85.359 85.354 85.347 85.34 85.332 85.324 85.315 85.306 85.296 85.285 85.274 85.263 85.251 85.238 85.225 85.212 85.199 85.185 85.17 85.156
84.11 84.165 84.219 84.272 84.324 84.375 84.425 84.474 84.521 84.568 84.613 84.657 84.699 84.741 84.781 84.82 84.857 84.893 84.927 84.96 84.992 85.022 85.051 85.078 85.105 85.129 85.152 85.174 85.195 85.214 85.232 85.248 85.264 85.278 85.29 85.302 85.312 85.321 85.329 85.336 85.342 85.347 85.351 85.353 85.355 85.356 85.356 85.354 85.353 85.35 85.346 85.342 85.337 85.331 85.324 85.317 85.309 85.301 85.292 85.282 85.272 85.261 85.25 85.238 85.226 85.214 85.201 85.187 85.173 85.159 85.145 85.13
84.051 84.108 84.163 84.218 84.272 84.325 84.376 84.427 84.476 84.524 84.571 84.616 84.66 84.703 84.744 84.784 84.822 84.859 84.895 84.929 84.961 84.992 85.022 85.05 85.077 85.102 85.126 85.148 85.169 85.189 85.207 85.224 85.24 85.254 85.267 85.279 85.289 85.299 85.307 85.314 85.32 85.324 85.328 85.331 85.332 85.333 85.333 85.332 85.33 85.327 85.323 85.319 85.314 85.308 85.301 85.294 85.286 85.277 85.268 85.258 85.248 85.237 85.225 85.213 85.201 85.188 85.175 85.161 85.147 85.133 85.118 85.103
83.99 84.048 84.106 84.163 84.219 84.273 84.327 84.379 84.43 84.479 84.527 84.574 84.62 84.664 84.706 84.747 84.787 84.825 84.861 84.896 84.93 84.962 84.992 85.021 85.049 85.075 85.099 85.122 85.143 85.163 85.182 85.199 85.215 85.23 85.243 85.255 85.266 85.275 85.283 85.29 85.296 85.301 85.305 85.308 85.309 85.31 85.31 85.309 85.306 85.304 85.3 85.295 85.29 85.284 85.277 85.269 85.261 85.252 85.243 85.233 85.222 85.211 85.2 85.188 85.175 85.162 85.149 85.135 85.121 85.106 85.091 85.076
83.926 83.987 84.047 84.106 84.164 84.22 84.275 84.329 84.382 84.433 84.483 84.531 84.578 84.624 84.668 84.71 84.751 84.79 84.827 84.863 84.898 84.931 84.962 84.992 85.02 85.046 85.071 85.095 85.117 85.137 85.156 85.174 85.19 85.205 85.218 85.231 85.241 85.251 85.259 85.267 85.273 85.277 85.281 85.284 85.286 85.286 85.286 85.285 85.282 85.279 85.275 85.271 85.265 85.259 85.252 85.244 85.236 85.227 85.217 85.207 85.196 85.185 85.173 85.161 85.148 85.135 85.121 85.107 85.093 85.078 85.063 85.048
83.861 83.924 83.986 84.047 84.107 84.165 84.223 84.279 84.333 84.386 84.437 84.487 84.536 84.583 84.628 84.672 84.714 84.754 84.793 84.83 84.865 84.899 84.931 84.961 84.99 85.017 85.043 85.067 85.09 85.11 85.13 85.148 85.164 85.18 85.193 85.206 85.217 85.226 85.235 85.242 85.248 85.253 85.257 85.259 85.261 85.262 85.261 85.26 85.258 85.254 85.25 85.246 85.24 85.233 85.226 85.218 85.21 85.201 85.191 85.181 85.17 85.158 85.146 85.134 85.121 85.107 85.094 85.079 85.065 85.05 85.035 85.019
83.794 83.859 83.924 83.987 84.049 84.109 84.169 84.226 84.283 84.338 84.391 84.442 84.492 84.541 84.588 84.632 84.676 84.717 84.757 84.795 84.832 84.866 84.899 84.93 84.96 84.988 85.014 85.039 85.062 85.083 85.103 85.121 85.138 85.154 85.168 85.18 85.191 85.201 85.21 85.217 85.223 85.228 85.232 85.234 85.236 85.236 85.236 85.235 85.232 85.229 85.225 85.22 85.214 85.207 85.2 85.192 85.183 85.174 85.164 85.153 85.142 85.13 85.118 85.106 85.092 85.079 85.065 85.05 85.036 85.021 85.005 84.99
83.725 83.793 83.86 83.925 83.989 84.052 84.113 84.173 84.232 84.288 84.343 84.397 84.448 84.498 84.546 84.593 84.637 84.68 84.721 84.76 84.798 84.833 84.867 84.899 84.929 84.958 84.985 85.01 85.033 85.055 85.075 85.094 85.111 85.127 85.141 85.154 85.165 85.175 85.184 85.191 85.197 85.202 85.206 85.209 85.21 85.211 85.21 85.208 85.206 85.202 85.198 85.193 85.187 85.18 85.173 85.164 85.156 85.146 85.136 85.125 85.114 85.102 85.089 85.077 85.063 85.05 85.035 85.021 85.006 84.991 84.975 84.959
83.654 83.724 83.794 83.862 83.928 83.993 84.057 84.119 84.179 84.238 84.295 84.35 84.403 84.455 84.504 84.552 84.598 84.642 84.684 84.724 84.763 84.799 84.834 84.867 84.898 84.927 84.955 84.98 85.004 85.027 85.047 85.066 85.084 85.1 85.114 85.127 85.139 85.149 85.158 85.165 85.171 85.176 85.18 85.182 85.184 85.184 85.183 85.182 85.179 85.175 85.171 85.166 85.159 85.152 85.145 85.136 85.127 85.118 85.107 85.096 85.085 85.073 85.06 85.047 85.033 85.019 85.005 84.99 84.975 84.96 84.944 84.928
83.581 83.654 83.726 83.797 83.866 83.933 83.999 84.063 84.126 84.186 84.245 84.302 84.357 84.41 84.461 84.511 84.558 84.603 84.647 84.688 84.728 84.765 84.801 84.834 84.866 84.896 84.924 84.95 84.975 84.998 85.019 85.038 85.056 85.072 85.087 85.1 85.111 85.122 85.131 85.138 85.144 85.149 85.153 85.155 85.157 85.157 85.156 85.154 85.151 85.148 85.143 85.137 85.131 85.124 85.116 85.107 85.098 85.088 85.078 85.066 85.055 85.042 85.03 85.016 85.003 84.988 84.974 84.959 84.944 84.928 84.912 84.896
83.507 83.583 83.657 83.731 83.802 83.872 83.94 84.007 84.071 84.134 84.195 84.254 84.31 84.365 84.418 84.469 84.517 84.564 84.609 84.651 84.692 84.73 84.767 84.801 84.834 84.864 84.893 84.92 84.945 84.968 84.99 85.009 85.027 85.044 85.059 85.072 85.084 85.094 85.103 85.11 85.117 85.121 85.125 85.127 85.129 85.129 85.128 85.126 85.123 85.119 85.114 85.109 85.102 85.095 85.087 85.078 85.068 85.058 85.047 85.036 85.024 85.011 84.998 84.985 84.971 84.957 84.942 84.927 84.911 84.895 84.879 84.863
83.43 83.509 83.587 83.663 83.737 83.81 83.88 83.949 84.016 84.081 84.144 84.204 84.263 84.319 84.374 84.426 84.476 84.524 84.57 84.614 84.655 84.695 84.732 84.768 84.801 84.832 84.862 84.889 84.915 84.938 84.96 84.98 84.998 85.015 85.03 85.043 85.055 85.066 85.075 85.082 85.088 85.093 85.097 85.099 85.1 85.1 85.099 85.097 85.094 85.09 85.085 85.079 85.072 85.065 85.056 85.047 85.037 85.027 85.016 85.004 84.992 84.98 84.966 84.953 84.938 84.924 84.909 84.893 84.878 84.862 84.845 84.829
83.353 83.435 83.515 83.594 83.671 83.746 83.819 83.89 83.96 84.027 84.092 84.154 84.215 84.273 84.329 84.383 84.435 84.484 84.531 84.576 84.619 84.659 84.698 84.734 84.768 84.8 84.83 84.858 84.884 84.908 84.93 84.95 84.969 84.986 85.001 85.014 85.026 85.037 85.046 85.053 85.059 85.064 85.068 85.07 85.071 85.071 85.069 85.067 85.064 85.06 85.054 85.048 85.041 85.034 85.025 85.016 85.006 84.995 84.984 84.972 84.96 84.947 84.933 84.919 84.905 84.89 84.875 84.859 84.844 84.827 84.811 84.794
83.273 83.359 83.442 83.524 83.604 83.682 83.757 83.831 83.903 83.972 84.039 84.104 84.166 84.226 84.284 84.34 84.393 84.443 84.492 84.538 84.582 84.623 84.662 84.699 84.734 84.767 84.797 84.826 84.852 84.877 84.899 84.92 84.939 84.956 84.971 84.985 84.997 85.007 85.016 85.024 85.03 85.034 85.038 85.04 85.041 85.041 85.039 85.037 85.033 85.029 85.023 85.017 85.01 85.002 84.993 84.984 84.973 84.963 84.951 84.939 84.926 84.913 84.9 84.885 84.871 84.856 84.84 84.825 84.808 84.792 84.775 84.758
83.192 83.281 83.368 83.453 83.535 83.616 83.694 83.771 83.845 83.916 83.986 84.052 84.117 84.179 84.238 84.296 84.35 84.402 84.452 84.499 84.544 84.587 84.627 84.665 84.7 84.733 84.765 84.794 84.82 84.845 84.868 84.889 84.908 84.925 84.941 84.955 84.967 84.977 84.986 84.994 85 85.004 85.007 85.009 85.01 85.01 85.008 85.005 85.002 84.997 84.991 84.985 84.978 84.969 84.96 84.951 84.94 84.929 84.917 84.905 84.892 84.879 84.865 84.85 84.836 84.82 84.805 84.789 84.772 84.756 84.739 84.722
83.11 83.202 83.292 83.38 83.466 83.55 83.631 83.71 83.786 83.86 83.932 84.001 84.067 84.131 84.192 84.251 84.307 84.361 84.412 84.46 84.506 84.55 84.591 84.629 84.666 84.7 84.731 84.761 84.788 84.814 84.837 84.858 84.877 84.895 84.91 84.924 84.936 84.947 84.955 84.963 84.969 84.973 84.976 84.978 84.979 84.978 84.976 84.973 84.97 84.965 84.959 84.952 84.944 84.936 84.927 84.917 84.906 84.895 84.883 84.87 84.857 84.843 84.829 84.815 84.799 84.784 84.768 84.752 84.735 84.719 84.702 84.684
83.027 83.122 83.216 83.307 83.396 83.482 83.566 83.648 83.727 83.804 83.877 83.949 84.017 84.083 84.146 84.206 84.264 84.319 84.371 84.421 84.468 84.513 84.555 84.594 84.631 84.666 84.698 84.728 84.756 84.781 84.805 84.826 84.846 84.863 84.879 84.893 84.905 84.915 84.924 84.931 84.937 84.941 84.944 84.946 84.946 84.946 84.944 84.941 84.936 84.931 84.925 84.918 84.91 84.902 84.892 84.882 84.871 84.859 84.847 84.834 84.821 84.807 84.793 84.778 84.762 84.747 84.731 84.714 84.698 84.681 84.663 84.646
82.942 83.041 83.138 83.232 83.325 83.414 83.501 83.586 83.668 83.747 83.823 83.896 83.967 84.035 84.099 84.161 84.221 84.277 84.331 84.382 84.43 84.475 84.518 84.558 84.596 84.631 84.664 84.695 84.723 84.749 84.772 84.794 84.814 84.831 84.847 84.861 84.873 84.883 84.892 84.899 84.905 84.909 84.912 84.913 84.913 84.912 84.91 84.907 84.903 84.897 84.891 84.883 84.875 84.866 84.857 84.846 84.835 84.823 84.81 84.797 84.784 84.77 84.755 84.74 84.724 84.708 84.692 84.676 84.659 84.641 84.624 84.606
