raw_data/humedad_relativa/hora9/rh9jul.txt
ncols         501
nrows         361
xllcorner     109.95
yllcorner     -45.05
cellsize      0.1
NODATA_value  -9999
[rows 288 to 319 of 361, columns 72 to 143 of 501]
84.676 84.656 84.633 84.607 84.578 84.548 84.515 84.479 84.442 84.404 84.363 84.321 84.277 84.232 84.186 84.139 84.09 84.04 83.99 83.938 83.886 83.833 83.779 83.724 83.669 83.613 83.556 83.499 83.442 83.384 83.326 83.267 83.208 83.149 83.09 83.031 82.971 82.912 82.852 82.793 82.734 82.675 82.616 82.558 82.5 82.442 82.385 82.328 82.272 82.216 82.161 82.107 82.053 82 81.948 81.897 81.847 81.798 81.75 81.703 81.657 81.612 81.569 81.526 81.485 81.445 81.406 81.369 81.333 81.299 81.266 81.234
84.693 84.674 84.652 84.627 84.6 84.571 84.54 84.506 84.471 84.434 84.395 84.354 84.312 84.269 84.225 84.179 84.132 84.084 84.035 83.985 83.934 83.883 83.831 83.778 83.724 83.67 83.615 83.559 83.503 83.447 83.391 83.334 83.276 83.219 83.161 83.104 83.046 82.988 82.93 82.872 82.815 82.757 82.7 82.643 82.586 82.53 82.474 82.419 82.364 82.31 82.257 82.204 82.151 82.1 82.049 82 81.951 81.903 81.856 81.81 81.765 81.721 81.679 81.637 81.597 81.558 81.52 81.484 81.449 81.415 81.383 81.352
84.711 84.693 84.672 84.649 84.623 84.595 84.565 84.533 84.499 84.464 84.427 84.388 84.347 84.306 84.263 84.219 84.173 84.127 84.08 84.032 83.982 83.932 83.882 83.83 83.778 83.725 83.672 83.618 83.564 83.509 83.454 83.399 83.343 83.287 83.231 83.175 83.119 83.063 83.006 82.95 82.894 82.838 82.782 82.727 82.672 82.617 82.563 82.509 82.456 82.403 82.351 82.299 82.248 82.198 82.149 82.1 82.053 82.006 81.96 81.915 81.872 81.829 81.787 81.747 81.708 81.669 81.633 81.597 81.563 81.53 81.498 81.468
84.73 84.712 84.693 84.671 84.646 84.62 84.591 84.561 84.528 84.494 84.459 84.421 84.383 84.342 84.301 84.258 84.215 84.17 84.124 84.078 84.03 83.982 83.932 83.882 83.832 83.781 83.729 83.677 83.624 83.571 83.517 83.464 83.41 83.355 83.301 83.246 83.191 83.136 83.082 83.027 82.972 82.918 82.864 82.81 82.756 82.703 82.65 82.597 82.545 82.494 82.443 82.393 82.343 82.294 82.246 82.199 82.153 82.107 82.062 82.019 81.976 81.934 81.894 81.854 81.816 81.779 81.743 81.708 81.675 81.642 81.611 81.582
84.749 84.733 84.714 84.693 84.67 84.645 84.618 84.588 84.557 84.525 84.491 84.455 84.418 84.379 84.339 84.298 84.256 84.213 84.168 84.123 84.077 84.03 83.983 83.934 83.885 83.835 83.785 83.735 83.683 83.632 83.58 83.527 83.475 83.422 83.369 83.316 83.263 83.209 83.156 83.103 83.05 82.997 82.944 82.891 82.839 82.787 82.736 82.685 82.634 82.584 82.534 82.485 82.437 82.389 82.342 82.296 82.251 82.207 82.163 82.12 82.079 82.038 81.999 81.96 81.923 81.886 81.851 81.817 81.784 81.753 81.723 81.694
84.77 84.754 84.737 84.717 84.695 84.67 84.644 84.617 84.587 84.556 84.523 84.488 84.452 84.415 84.377 84.337 84.297 84.255 84.212 84.168 84.124 84.078 84.032 83.985 83.938 83.89 83.841 83.792 83.742 83.692 83.641 83.59 83.539 83.488 83.436 83.385 83.333 83.281 83.229 83.177 83.126 83.074 83.023 82.972 82.921 82.87 82.82 82.77 82.721 82.672 82.624 82.576 82.529 82.483 82.437 82.392 82.348 82.305 82.262 82.22 82.18 82.14 82.102 82.064 82.027 81.992 81.957 81.924 81.892 81.861 81.832 81.803
84.791 84.776 84.759 84.74 84.719 84.696 84.672 84.645 84.617 84.587 84.555 84.522 84.487 84.452 84.415 84.377 84.337 84.297 84.255 84.213 84.17 84.126 84.081 84.036 83.99 83.943 83.896 83.848 83.8 83.751 83.702 83.653 83.603 83.553 83.503 83.453 83.402 83.352 83.301 83.251 83.201 83.15 83.1 83.051 83.001 82.952 82.903 82.855 82.807 82.759 82.712 82.666 82.62 82.574 82.53 82.486 82.443 82.401 82.359 82.319 82.279 82.24 82.203 82.166 82.13 82.096 82.062 82.03 81.998 81.968 81.939 81.911
84.813 84.799 84.783 84.765 84.745 84.723 84.699 84.674 84.646 84.618 84.587 84.556 84.522 84.488 84.452 84.416 84.378 84.339 84.299 84.258 84.216 84.173 84.13 84.086 84.041 83.996 83.95 83.904 83.857 83.81 83.762 83.714 83.666 83.617 83.568 83.52 83.471 83.422 83.373 83.323 83.275 83.226 83.177 83.129 83.08 83.032 82.985 82.938 82.891 82.845 82.799 82.754 82.709 82.665 82.621 82.579 82.537 82.495 82.455 82.416 82.377 82.339 82.302 82.266 82.232 82.198 82.165 82.133 82.103 82.073 82.045 82.018
84.836 84.822 84.807 84.79 84.771 84.75 84.727 84.703 84.677 84.649 84.62 84.589 84.557 84.524 84.49 84.454 84.418 84.38 84.341 84.302 84.262 84.22 84.178 84.136 84.092 84.048 84.004 83.959 83.913 83.867 83.821 83.775 83.728 83.681 83.633 83.586 83.538 83.49 83.443 83.395 83.347 83.3 83.253 83.205 83.158 83.112 83.065 83.02 82.974 82.929 82.884 82.84 82.797 82.754 82.711 82.67 82.629 82.589 82.549 82.511 82.473 82.436 82.4 82.365 82.331 82.298 82.266 82.235 82.205 82.176 82.148 82.122
84.859 84.846 84.832 84.815 84.797 84.777 84.755 84.732 84.707 84.68 84.652 84.623 84.592 84.56 84.527 84.493 84.458 84.421 84.384 84.346 84.307 84.267 84.226 84.185 84.143 84.1 84.057 84.013 83.969 83.925 83.88 83.834 83.789 83.743 83.697 83.651 83.605 83.558 83.512 83.465 83.419 83.373 83.327 83.281 83.235 83.19 83.145 83.1 83.056 83.012 82.968 82.925 82.883 82.841 82.8 82.759 82.719 82.68 82.642 82.604 82.567 82.531 82.496 82.462 82.429 82.397 82.365 82.335 82.306 82.278 82.25 82.224
84.883 84.871 84.857 84.841 84.824 84.805 84.784 84.761 84.737 84.712 84.685 84.657 84.627 84.597 84.565 84.532 84.498 84.462 84.426 84.389 84.352 84.313 84.274 84.234 84.193 84.152 84.11 84.067 84.025 83.981 83.938 83.894 83.849 83.805 83.76 83.715 83.67 83.625 83.58 83.535 83.49 83.445 83.4 83.355 83.311 83.267 83.223 83.179 83.136 83.093 83.051 83.009 82.968 82.927 82.887 82.847 82.808 82.77 82.733 82.696 82.66 82.625 82.591 82.557 82.525 82.493 82.463 82.433 82.405 82.377 82.351 82.325
84.908 84.896 84.883 84.868 84.851 84.833 84.813 84.791 84.768 84.744 84.718 84.691 84.662 84.633 84.602 84.57 84.537 84.503 84.468 84.433 84.396 84.359 84.321 84.282 84.242 84.202 84.162 84.121 84.079 84.037 83.995 83.952 83.909 83.866 83.822 83.779 83.735 83.691 83.647 83.604 83.56 83.516 83.472 83.429 83.386 83.343 83.3 83.257 83.215 83.174 83.133 83.092 83.051 83.012 82.973 82.934 82.896 82.859 82.822 82.787 82.752 82.717 82.684 82.651 82.62 82.589 82.559 82.53 82.502 82.475 82.449 82.424
84.933 84.922 84.909 84.895 84.879 84.861 84.842 84.821 84.799 84.776 84.751 84.725 84.697 84.669 84.639 84.608 84.577 84.544 84.51 84.476 84.44 84.404 84.367 84.33 84.292 84.253 84.213 84.173 84.133 84.092 84.051 84.01 83.968 83.926 83.884 83.842 83.799 83.756 83.714 83.671 83.629 83.586 83.544 83.501 83.459 83.417 83.376 83.334 83.293 83.253 83.213 83.173 83.134 83.095 83.057 83.019 82.982 82.946 82.91 82.876 82.841 82.808 82.775 82.744 82.713 82.683 82.653 82.625 82.598 82.571 82.546 82.522
84.958 84.948 84.935 84.922 84.906 84.89 84.871 84.852 84.83 84.808 84.784 84.759 84.732 84.705 84.676 84.647 84.616 84.584 84.552 84.518 84.484 84.449 84.414 84.377 84.34 84.303 84.264 84.226 84.187 84.147 84.107 84.067 84.026 83.986 83.945 83.903 83.862 83.821 83.779 83.738 83.696 83.655 83.614 83.573 83.532 83.491 83.45 83.41 83.37 83.331 83.292 83.253 83.215 83.177 83.14 83.103 83.067 83.032 82.997 82.963 82.93 82.897 82.865 82.834 82.804 82.775 82.746 82.719 82.692 82.666 82.641 82.617
84.984 84.974 84.962 84.949 84.935 84.919 84.901 84.882 84.862 84.84 84.817 84.793 84.767 84.741 84.713 84.685 84.655 84.625 84.593 84.561 84.528 84.494 84.459 84.424 84.388 84.352 84.315 84.277 84.239 84.201 84.162 84.123 84.084 84.044 84.005 83.965 83.924 83.884 83.844 83.804 83.763 83.723 83.683 83.643 83.603 83.563 83.524 83.485 83.446 83.408 83.369 83.332 83.295 83.258 83.222 83.186 83.151 83.116 83.082 83.049 83.017 82.985 82.954 82.923 82.894 82.865 82.837 82.81 82.784 82.759 82.735 82.711
85.01 85.001 84.99 84.977 84.963 84.948 84.931 84.913 84.893 84.872 84.85 84.827 84.802 84.777 84.75 84.723 84.694 84.665 84.634 84.603 84.571 84.538 84.505 84.471 84.436 84.401 84.365 84.329 84.292 84.255 84.217 84.179 84.141 84.102 84.064 84.025 83.986 83.947 83.908 83.868 83.829 83.79 83.751 83.712 83.673 83.635 83.596 83.558 83.521 83.483 83.446 83.409 83.373 83.337 83.302 83.267 83.233 83.199 83.166 83.134 83.102 83.071 83.041 83.011 82.982 82.954 82.927 82.901 82.875 82.851 82.827 82.804
85.037 85.028 85.017 85.005 84.992 84.977 84.961 84.943 84.925 84.905 84.883 84.861 84.838 84.813 84.787 84.761 84.733 84.705 84.675 84.645 84.614 84.582 84.55 84.517 84.483 84.449 84.414 84.379 84.344 84.307 84.271 84.234 84.197 84.16 84.122 84.084 84.047 84.009 83.97 83.932 83.894 83.856 83.818 83.78 83.743 83.705 83.668 83.631 83.594 83.558 83.521 83.486 83.45 83.416 83.381 83.347 83.314 83.281 83.249 83.217 83.186 83.156 83.126 83.098 83.069 83.042 83.015 82.99 82.965 82.941 82.917 82.895
85.064 85.055 85.045 85.034 85.021 85.007 84.991 84.974 84.956 84.937 84.917 84.895 84.873 84.849 84.824 84.798 84.772 84.744 84.716 84.687 84.657 84.626 84.595 84.563 84.53 84.497 84.463 84.429 84.395 84.36 84.324 84.289 84.253 84.216 84.18 84.143 84.106 84.07 84.033 83.996 83.958 83.921 83.885 83.848 83.811 83.775 83.738 83.702 83.666 83.631 83.596 83.561 83.526 83.493 83.459 83.426 83.393 83.361 83.33 83.299 83.269 83.24 83.211 83.182 83.155 83.128 83.102 83.077 83.053 83.029 83.006 82.984
85.091 85.083 85.074 85.063 85.05 85.037 85.022 85.006 84.988 84.97 84.95 84.929 84.908 84.885 84.861 84.836 84.81 84.784 84.756 84.728 84.699 84.67 84.639 84.608 84.577 84.545 84.512 84.479 84.445 84.411 84.377 84.343 84.308 84.272 84.237 84.201 84.166 84.13 84.094 84.058 84.022 83.986 83.95 83.914 83.878 83.843 83.808 83.772 83.738 83.703 83.669 83.635 83.601 83.568 83.536 83.504 83.472 83.441 83.41 83.38 83.351 83.322 83.294 83.266 83.239 83.213 83.188 83.163 83.139 83.116 83.094 83.072
85.119 85.111 85.102 85.091 85.08 85.067 85.052 85.037 85.02 85.002 84.983 84.964 84.942 84.92 84.897 84.874 84.849 84.823 84.797 84.769 84.741 84.713 84.683 84.653 84.623 84.592 84.56 84.528 84.496 84.463 84.429 84.396 84.362 84.328 84.293 84.259 84.224 84.189 84.154 84.119 84.084 84.049 84.014 83.98 83.945 83.91 83.876 83.842 83.808 83.774 83.741 83.708 83.675 83.643 83.611 83.58 83.549 83.519 83.489 83.459 83.431 83.403 83.375 83.348 83.322 83.296 83.272 83.248 83.224 83.202 83.18 83.159
85.147 85.14 85.131 85.121 85.109 85.097 85.083 85.068 85.052 85.035 85.017 84.998 84.977 84.956 84.934 84.911 84.887 84.862 84.837 84.81 84.783 84.756 84.727 84.698 84.669 84.638 84.608 84.577 84.545 84.513 84.481 84.448 84.416 84.382 84.349 84.315 84.282 84.248 84.214 84.18 84.146 84.112 84.078 84.044 84.01 83.977 83.943 83.91 83.877 83.844 83.812 83.78 83.748 83.717 83.686 83.655 83.625 83.595 83.566 83.538 83.51 83.482 83.455 83.429 83.403 83.379 83.354 83.331 83.308 83.286 83.265 83.244
85.175 85.168 85.16 85.15 85.139 85.127 85.114 85.1 85.084 85.068 85.05 85.032 85.012 84.992 84.971 84.948 84.925 84.901 84.877 84.851 84.825 84.798 84.771 84.743 84.714 84.685 84.655 84.625 84.594 84.563 84.532 84.501 84.469 84.436 84.404 84.371 84.339 84.306 84.273 84.24 84.207 84.174 84.141 84.108 84.075 84.042 84.01 83.977 83.945 83.913 83.882 83.85 83.82 83.789 83.759 83.729 83.7 83.671 83.642 83.615 83.587 83.56 83.534 83.509 83.484 83.459 83.436 83.413 83.39 83.369 83.348 83.328
85.204 85.197 85.189 85.18 85.169 85.158 85.145 85.131 85.117 85.101 85.084 85.066 85.047 85.027 85.007 84.985 84.963 84.94 84.916 84.892 84.866 84.84 84.814 84.787 84.759 84.731 84.702 84.673 84.643 84.613 84.583 84.552 84.521 84.49 84.458 84.427 84.395 84.363 84.331 84.299 84.267 84.235 84.203 84.171 84.139 84.107 84.075 84.044 84.012 83.981 83.951 83.92 83.89 83.86 83.831 83.802 83.773 83.745 83.717 83.69 83.664 83.637 83.612 83.587 83.563 83.539 83.516 83.493 83.471 83.45 83.43 83.41
85.232 85.226 85.218 85.209 85.199 85.188 85.176 85.163 85.149 85.134 85.117 85.1 85.082 85.063 85.043 85.022 85.001 84.979 84.956 84.932 84.907 84.882 84.857 84.83 84.803 84.776 84.748 84.72 84.691 84.662 84.633 84.603 84.573 84.543 84.512 84.481 84.45 84.419 84.388 84.357 84.326 84.295 84.264 84.232 84.201 84.17 84.14 84.109 84.079 84.048 84.019 83.989 83.96 83.931 83.902 83.874 83.846 83.818 83.791 83.765 83.739 83.713 83.688 83.664 83.64 83.617 83.594 83.572 83.551 83.53 83.51 83.491
85.261 85.255 85.248 85.239 85.23 85.219 85.207 85.195 85.181 85.166 85.151 85.134 85.117 85.099 85.079 85.059 85.039 85.017 84.995 84.972 84.948 84.924 84.899 84.874 84.848 84.821 84.794 84.767 84.739 84.711 84.682 84.653 84.624 84.595 84.565 84.535 84.505 84.475 84.445 84.415 84.384 84.354 84.324 84.294 84.263 84.233 84.203 84.174 84.144 84.115 84.085 84.057 84.028 84 83.972 83.944 83.917 83.89 83.864 83.838 83.813 83.788 83.764 83.74 83.717 83.694 83.672 83.65 83.63 83.609 83.59 83.571
85.29 85.284 85.277 85.269 85.26 85.25 85.239 85.227 85.213 85.199 85.184 85.168 85.152 85.134 85.115 85.096 85.076 85.055 85.034 85.012 84.989 84.965 84.941 84.917 84.891 84.866 84.84 84.813 84.786 84.759 84.731 84.703 84.675 84.646 84.618 84.589 84.56 84.53 84.501 84.472 84.442 84.413 84.383 84.354 84.324 84.295 84.266 84.237 84.208 84.18 84.151 84.123 84.095 84.068 84.041 84.014 83.987 83.961 83.936 83.91 83.886 83.861 83.838 83.814 83.792 83.77 83.748 83.727 83.707 83.687 83.668 83.649
85.319 85.314 85.307 85.299 85.29 85.281 85.27 85.258 85.246 85.232 85.218 85.202 85.186 85.169 85.151 85.133 85.113 85.093 85.073 85.051 85.029 85.006 84.983 84.959 84.935 84.91 84.885 84.859 84.833 84.807 84.78 84.753 84.725 84.697 84.67 84.641 84.613 84.585 84.556 84.528 84.499 84.47 84.442 84.413 84.385 84.356 84.328 84.3 84.272 84.244 84.216 84.189 84.162 84.135 84.109 84.082 84.057 84.031 84.006 83.982 83.958 83.934 83.911 83.888 83.866 83.844 83.823 83.803 83.783 83.763 83.745 83.727
85.348 85.343 85.337 85.329 85.321 85.312 85.301 85.29 85.278 85.265 85.251 85.236 85.221 85.204 85.187 85.169 85.151 85.131 85.111 85.09 85.069 85.047 85.025 85.002 84.978 84.954 84.93 84.905 84.879 84.854 84.828 84.801 84.775 84.748 84.721 84.694 84.666 84.639 84.611 84.583 84.555 84.528 84.5 84.472 84.444 84.416 84.389 84.362 84.334 84.307 84.28 84.254 84.227 84.201 84.175 84.15 84.125 84.1 84.076 84.052 84.028 84.005 83.982 83.96 83.939 83.918 83.897 83.877 83.857 83.839 83.82 83.803
85.378 85.373 85.367 85.36 85.352 85.343 85.333 85.322 85.31 85.298 85.285 85.27 85.255 85.24 85.223 85.206 85.188 85.169 85.15 85.13 85.109 85.088 85.066 85.044 85.021 84.998 84.974 84.95 84.925 84.9 84.875 84.85 84.824 84.798 84.772 84.745 84.718 84.692 84.665 84.638 84.611 84.584 84.557 84.53 84.503 84.476 84.449 84.422 84.396 84.37 84.343 84.317 84.292 84.266 84.241 84.216 84.192 84.168 84.144 84.121 84.098 84.075 84.053 84.032 84.01 83.99 83.97 83.95 83.931 83.913 83.895 83.877
85.407 85.402 85.397 85.39 85.382 85.374 85.364 85.354 85.343 85.331 85.318 85.304 85.29 85.275 85.259 85.242 85.225 85.206 85.188 85.168 85.149 85.128 85.107 85.085 85.063 85.041 85.018 84.994 84.971 84.947 84.922 84.897 84.872 84.847 84.822 84.796 84.77 84.744 84.718 84.692 84.666 84.639 84.613 84.587 84.561 84.535 84.508 84.483 84.457 84.431 84.406 84.38 84.355 84.331 84.306 84.282 84.258 84.235 84.211 84.189 84.166 84.144 84.123 84.102 84.081 84.061 84.041 84.022 84.003 83.985 83.968 83.951
85.437 85.432 85.427 85.42 85.413 85.405 85.396 85.386 85.375 85.364 85.351 85.338 85.324 85.31 85.294 85.278 85.261 85.244 85.226 85.207 85.188 85.168 85.148 85.127 85.105 85.084 85.061 85.039 85.016 84.992 84.969 84.945 84.921 84.896 84.871 84.846 84.821 84.796 84.771 84.745 84.72 84.694 84.669 84.643 84.618 84.592 84.567 84.542 84.517 84.492 84.467 84.442 84.418 84.394 84.37 84.347 84.323 84.3 84.278 84.256 84.234 84.212 84.191 84.171 84.151 84.131 84.112 84.093 84.075 84.057 84.04 84.023
85.467 85.462 85.457 85.451 85.444 85.436 85.427 85.418 85.408 85.396 85.384 85.372 85.358 85.344 85.329 85.314 85.298 85.281 85.264 85.245 85.227 85.208 85.188 85.168 85.147 85.126 85.105 85.083 85.06 85.038 85.015 84.992 84.968 84.944 84.92 84.896 84.872 84.847 84.823 84.798 84.773 84.749 84.724 84.699 84.674 84.649 84.625 84.6 84.576 84.552 84.527 84.504 84.48 84.456 84.433 84.41 84.388 84.365 84.343 84.322 84.3 84.279 84.259 84.239 84.219 84.2 84.181 84.163 84.145 84.128 84.111 84.095
