raw_data/humedad_relativa/hora9/rh9mar.txt
ncols         501
nrows         361
xllcorner     109.95
yllcorner     -45.05
cellsize      0.1
NODATA_value  -9999
[rows 288 to 319 of 361, columns 288 to 359 of 501]
76.921 76.814 76.708 76.601 76.495 76.39 76.286 76.183 76.083 75.985 75.89 75.798 75.708 75.622 75.54 75.461 75.783 75.497 75.512 75.682 75.534 75.563 75.519 75.472 75.251 75.235 75.567 75.886 75.984 75.958 75.835 76.045 76.118 76.214 76.216 76.337 76.614 76.525 76.237 76.048 76.506 76.367 76.8 76.246 76.735 76.59 76.801 76.742 76.602 77.373 77.606 76.916 77.725 77.017 76.486 75.486 74.175 73.971 73.139 72.597 72.123 71.634 71.728 73.043 74.235 75.407 77.076 76.924 77.745 81.3 83.732 83.601
77.147 77.047 76.946 76.845 76.744 76.644 76.545 76.448 76.353 76.26 76.169 76.081 75.996 75.914 75.836 75.76 75.688 75.836 75.695 75.691 75.824 75.684 75.687 75.736 75.63 75.514 75.784 75.877 75.934 75.97 75.759 75.98 76.591 76.591 76.651 76.962 76.685 76.623 76.33 76.213 76.365 76.536 76.588 76.589 76.844 76.704 76.925 76.716 76.487 76.405 76.824 76.767 77.459 76.88 76.972 75.559 74.826 73.96 73.29 72.936 72.481 72.345 72.601 73.814 74.764 76.346 79.418 78.224 80.561 83.041 82.894 81.309
77.369 77.273 77.177 77.082 76.986 76.891 76.798 76.705 76.615 76.527 76.44 76.357 76.276 76.198 76.124 76.052 75.984 75.919 75.947 75.911 75.893 75.953 75.865 75.783 75.876 75.839 76.451 75.982 76.281 76.421 76.051 76.173 76.312 76.782 76.815 76.774 76.66 76.51 76.379 76.403 76.58 76.73 76.646 76.781 76.861 76.666 76.752 76.761 76.54 76.599 76.602 76.683 76.469 76.372 75.888 75.224 74.296 74.07 73.655 73.459 73.329 73.334 73.581 74.141 74.896 76.044 78.311 79.873 79.843 80.145 79.787 81.277
77.584 77.494 77.403 77.312 77.222 77.132 77.043 76.956 76.87 76.786 76.704 76.625 76.549 76.475 76.404 76.336 76.272 76.21 76.152 76.098 76.047 75.999 75.955 75.966 76.217 76.221 76.613 76.393 76.334 76.217 76.132 76.305 76.255 76.655 76.743 76.576 76.914 76.703 76.792 76.758 76.912 76.989 76.987 77.097 77.096 76.98 76.935 76.924 76.852 76.856 76.742 76.578 76.227 75.898 75.846 75.364 74.709 74.516 74.344 74.219 74.175 74.262 74.528 74.981 75.985 76.726 77.16 77.887 78.891 79.607 80.987 82.203
77.795 77.709 77.623 77.537 77.451 77.366 77.282 77.199 77.118 77.039 76.961 76.886 76.814 76.744 76.677 76.613 76.552 76.494 76.44 76.389 76.341 76.297 76.257 76.22 76.187 77.111 76.982 76.776 76.304 77.054 76.229 76.357 76.4 76.508 76.639 76.609 76.829 76.816 76.948 77.057 77.449 77.346 77.362 77.619 77.563 77.479 77.348 77.574 77.306 77.253 77.304 76.942 76.634 77.097 77.003 75.783 75.273 75.237 75.894 74.951 74.965 75.098 75.371 76.69 76.835 76.99 77.679 78.425 79.288 80.88 81.618 82.493
78 77.919 77.838 77.756 77.675 77.595 77.515 77.437 77.36 77.284 77.211 77.14 77.072 77.006 76.942 76.882 76.825 76.771 76.72 76.672 76.628 76.587 76.55 76.517 76.487 76.461 76.745 77.03 76.7 76.394 76.388 76.385 76.386 76.546 76.599 76.678 76.901 76.681 77.072 77.318 77.382 77.662 77.774 77.812 77.744 78.187 77.822 77.896 77.796 77.753 77.583 77.383 77.416 77.549 76.758 76.372 75.806 76.02 75.835 75.676 75.678 75.837 76.8 77.615 77.055 77.568 78.185 78.854 79.808 81.552 82.527 83.764
78.201 78.124 78.047 77.97 77.893 77.817 77.741 77.667 77.595 77.524 77.454 77.387 77.323 77.26 77.201 77.144 77.09 77.039 76.992 76.948 76.907 76.869 76.835 76.805 76.778 76.756 77.801 76.721 76.979 76.703 76.7 76.701 76.706 76.716 76.73 76.747 76.769 76.795 76.925 77.342 77.567 77.944 78.147 78.276 78.389 78.353 78.367 78.617 79.453 78.978 78.194 78.247 80.128 78.093 76.539 76.398 76.305 76.235 76.202 76.222 76.307 76.764 78.609 77.298 77.735 78.06 78.629 79.234 80.598 82.399 83.367 83.074
78.397 78.324 78.251 78.178 78.105 78.033 77.962 77.892 77.823 77.756 77.691 77.628 77.567 77.508 77.452 77.399 77.348 77.301 77.256 77.215 77.177 77.143 77.112 77.085 77.061 77.041 77.025 77.013 77.005 77.001 77.001 77.006 77.014 77.027 77.044 77.065 77.091 77.12 77.153 77.294 77.711 77.454 78.359 78.29 78.545 78.64 78.889 78.046 79.009 78.69 79.939 80.886 77.094 77.005 76.915 76.833 76.765 76.723 76.716 76.759 76.863 77.037 77.288 77.615 78.409 78.528 78.974 80.529 81.63 82.394 81.52 81.719
78.588 78.519 78.45 78.381 78.312 78.244 78.177 78.111 78.046 77.983 77.921 77.861 77.804 77.749 77.696 77.646 77.599 77.554 77.513 77.475 77.44 77.409 77.381 77.356 77.335 77.318 77.305 77.296 77.29 77.289 77.291 77.298 77.31 77.325 77.345 77.368 77.396 77.428 77.463 77.501 77.541 77.62 77.831 78.213 79.553 77.943 79.214 81.674 81.131 80.714 79.948 78.365 77.447 77.37 77.296 77.231 77.183 77.161 77.174 77.23 77.34 77.51 77.743 78.038 78.391 78.792 79.229 79.683 80.543 80.788 81.368 82.13
78.775 78.71 78.644 78.579 78.514 78.45 78.386 78.324 78.263 78.203 78.145 78.089 78.035 77.983 77.933 77.886 77.842 77.801 77.763 77.727 77.695 77.666 77.641 77.619 77.601 77.586 77.575 77.568 77.565 77.566 77.571 77.579 77.593 77.61 77.631 77.657 77.686 77.719 77.755 77.793 77.834 77.875 77.915 77.951 78.075 80.08 81.434 81.798 81.747 79.189 77.939 77.834 77.769 77.703 77.642 77.592 77.559 77.551 77.575 77.638 77.747 77.907 78.118 78.381 78.689 79.036 79.408 79.79 80.163 80.504 80.786 81.06
78.957 78.895 78.834 78.772 78.711 78.65 78.59 78.531 78.473 78.417 78.362 78.31 78.259 78.21 78.164 78.12 78.079 78.04 78.004 77.972 77.942 77.916 77.893 77.873 77.857 77.845 77.836 77.831 77.829 77.832 77.838 77.849 77.863 77.882 77.904 77.93 77.96 77.993 78.029 78.067 78.106 78.146 78.184 78.217 78.243 78.258 78.259 78.256 78.231 78.205 78.165 78.115 78.059 78.004 77.954 77.915 77.893 77.894 77.924 77.988 78.091 78.236 78.424 78.653 78.918 79.213 79.525 79.843 80.148 80.424 80.65 80.965
79.135 79.077 79.018 78.96 78.902 78.845 78.788 78.733 78.678 78.625 78.574 78.524 78.477 78.431 78.387 78.346 78.308 78.272 78.239 78.209 78.181 78.157 78.137 78.119 78.105 78.094 78.087 78.084 78.084 78.088 78.095 78.107 78.122 78.141 78.164 78.19 78.219 78.251 78.286 78.322 78.36 78.397 78.431 78.461 78.483 78.495 78.493 78.48 78.466 78.445 78.411 78.368 78.321 78.274 78.233 78.202 78.187 78.192 78.223 78.283 78.377 78.505 78.668 78.864 79.088 79.334 79.593 79.852 80.1 80.32 80.5 80.813
79.309 79.254 79.198 79.143 79.089 79.035 78.981 78.929 78.878 78.828 78.78 78.733 78.688 78.645 78.605 78.566 78.53 78.497 78.466 78.438 78.413 78.391 78.372 78.356 78.344 78.335 78.329 78.327 78.328 78.333 78.341 78.353 78.369 78.388 78.41 78.435 78.464 78.494 78.527 78.561 78.595 78.629 78.659 78.685 78.704 78.713 78.711 78.701 78.686 78.665 78.634 78.596 78.555 78.515 78.48 78.454 78.442 78.449 78.477 78.531 78.611 78.721 78.858 79.022 79.207 79.409 79.619 79.828 80.025 80.199 80.34 80.439
79.478 79.426 79.374 79.322 79.271 79.22 79.17 79.12 79.072 79.025 78.98 78.936 78.894 78.853 78.815 78.779 78.746 78.715 78.686 78.66 78.637 78.617 78.6 78.586 78.575 78.567 78.562 78.561 78.563 78.568 78.577 78.589 78.604 78.623 78.644 78.668 78.695 78.723 78.753 78.784 78.815 78.844 78.87 78.892 78.907 78.914 78.913 78.903 78.888 78.865 78.836 78.801 78.765 78.728 78.697 78.674 78.663 78.668 78.691 78.735 78.801 78.891 79.003 79.135 79.285 79.446 79.612 79.776 79.929 80.064 80.171 80.245
79.644 79.595 79.546 79.497 79.448 79.4 79.353 79.306 79.261 79.217 79.174 79.133 79.093 79.055 79.02 78.986 78.955 78.926 78.899 78.875 78.854 78.835 78.82 78.807 78.797 78.79 78.787 78.786 78.788 78.794 78.803 78.814 78.829 78.846 78.866 78.889 78.913 78.939 78.966 78.993 79.02 79.045 79.066 79.084 79.095 79.1 79.097 79.087 79.07 79.047 79.019 78.986 78.951 78.918 78.888 78.865 78.853 78.853 78.868 78.901 78.952 79.021 79.108 79.211 79.327 79.451 79.578 79.702 79.817 79.916 79.994 80.045
79.806 79.759 79.713 79.666 79.621 79.575 79.531 79.487 79.444 79.403 79.363 79.324 79.287 79.251 79.218 79.187 79.157 79.13 79.106 79.083 79.064 79.046 79.032 79.02 79.012 79.006 79.002 79.002 79.005 79.01 79.018 79.029 79.043 79.059 79.077 79.098 79.119 79.142 79.166 79.189 79.212 79.232 79.249 79.262 79.27 79.272 79.267 79.255 79.237 79.213 79.185 79.152 79.118 79.085 79.055 79.03 79.014 79.008 79.014 79.034 79.069 79.117 79.18 79.255 79.339 79.429 79.521 79.61 79.69 79.759 79.81 79.84
79.963 79.919 79.875 79.832 79.789 79.746 79.704 79.663 79.623 79.584 79.546 79.509 79.475 79.442 79.41 79.381 79.353 79.328 79.305 79.284 79.266 79.25 79.237 79.226 79.218 79.213 79.21 79.21 79.212 79.217 79.225 79.235 79.247 79.262 79.278 79.296 79.315 79.335 79.354 79.374 79.392 79.408 79.421 79.429 79.433 79.431 79.424 79.41 79.39 79.365 79.335 79.302 79.267 79.233 79.201 79.173 79.151 79.137 79.133 79.139 79.157 79.185 79.224 79.272 79.326 79.385 79.444 79.501 79.552 79.592 79.619 79.63
80.117 80.076 80.034 79.993 79.952 79.912 79.873 79.834 79.796 79.759 79.724 79.69 79.657 79.626 79.597 79.569 79.543 79.52 79.498 79.479 79.462 79.447 79.435 79.425 79.417 79.412 79.409 79.409 79.411 79.416 79.423 79.431 79.442 79.455 79.469 79.484 79.5 79.517 79.533 79.548 79.562 79.573 79.582 79.586 79.586 79.581 79.57 79.553 79.531 79.503 79.472 79.437 79.401 79.364 79.328 79.295 79.266 79.244 79.228 79.22 79.22 79.229 79.244 79.266 79.293 79.323 79.353 79.38 79.402 79.417 79.421 79.415
80.267 80.228 80.189 80.15 80.112 80.074 80.037 80 79.965 79.93 79.897 79.865 79.834 79.805 79.777 79.751 79.727 79.705 79.685 79.667 79.651 79.637 79.625 79.616 79.609 79.604 79.601 79.601 79.602 79.606 79.612 79.619 79.629 79.639 79.651 79.663 79.676 79.689 79.702 79.713 79.723 79.73 79.734 79.734 79.73 79.721 79.706 79.686 79.661 79.631 79.597 79.56 79.52 79.48 79.439 79.4 79.364 79.331 79.303 79.281 79.264 79.252 79.246 79.243 79.244 79.246 79.248 79.247 79.243 79.234 79.218 79.194
80.413 80.377 80.34 80.303 80.267 80.231 80.196 80.162 80.129 80.096 80.065 80.034 80.006 79.978 79.952 79.928 79.905 79.885 79.866 79.849 79.833 79.82 79.809 79.8 79.793 79.789 79.786 79.785 79.786 79.789 79.793 79.799 79.807 79.815 79.824 79.834 79.844 79.854 79.863 79.87 79.876 79.878 79.878 79.874 79.866 79.853 79.835 79.811 79.783 79.75 79.713 79.672 80.017 79.611 79.537 79.491 79.446 79.403 79.363 79.326 79.291 79.26 79.232 79.206 79.181 79.157 79.132 79.106 79.077 79.045 79.009 78.968
80.556 80.521 80.487 80.452 80.418 80.385 80.352 80.319 80.288 80.257 80.228 80.199 80.172 80.146 80.122 80.099 80.078 80.058 80.04 80.024 80.01 79.997 79.987 79.978 79.971 79.966 79.963 79.962 79.962 79.964 79.967 79.971 79.977 79.983 79.99 79.997 80.004 80.011 80.016 80.019 80.021 80.02 80.015 80.007 79.995 79.978 79.956 79.929 79.898 79.861 79.82 80.256 80.196 79.755 79.625 79.571 79.517 79.463 79.41 79.358 79.306 79.256 79.207 79.158 79.109 79.059 79.009 78.958 78.905 78.85 78.795 78.738
80.695 80.663 80.63 80.597 80.565 80.534 80.503 80.472 80.442 80.414 80.386 80.359 80.334 80.309 80.286 80.265 80.245 80.226 80.209 80.194 80.18 80.168 80.158 80.149 80.143 80.137 80.134 80.132 80.131 80.132 80.134 80.137 80.14 80.145 80.149 80.153 80.157 80.16 80.162 80.162 80.16 80.155 80.147 80.134 80.118 80.097 80.072 80.041 80.006 79.966 79.921 80.676 80.615 80.157 79.703 79.642 79.578 79.513 79.447 79.38 79.312 79.243 79.173 79.102 79.029 78.955 78.88 78.804 78.727 78.651 78.576 78.502
80.831 80.8 80.769 80.739 80.709 80.679 80.649 80.621 80.593 80.566 80.539 80.514 80.49 80.467 80.445 80.425 80.406 80.388 80.372 80.358 80.345 80.333 80.323 80.315 80.308 80.302 80.298 80.296 80.294 80.294 80.294 80.295 80.297 80.299 80.301 80.303 80.304 80.304 80.302 80.299 80.293 80.284 80.272 80.257 80.237 80.212 80.183 80.149 80.109 80.065 80.016 80.077 81.295 80.213 79.776 79.706 79.633 79.557 79.478 79.397 79.312 79.225 79.134 79.041 78.945 78.847 78.747 78.646 78.546 78.447 78.353 78.263
80.963 80.934 80.905 80.876 80.848 80.82 80.792 80.765 80.739 80.713 80.688 80.665 80.642 80.62 80.6 80.58 80.562 80.546 80.53 80.516 80.504 80.492 80.483 80.474 80.467 80.461 80.457 80.453 80.451 80.449 80.448 80.448 80.448 80.448 80.447 80.446 80.445 80.442 80.437 80.43 80.421 80.409 80.393 80.374 80.35 80.322 80.289 80.252 80.209 80.16 80.107 80.048 79.985 79.917 79.843 79.766 79.683 79.597 79.505 79.41 79.309 79.204 79.094 78.979 78.861 78.738 78.613 78.488 78.363 78.241 78.126 78.018
81.092 81.065 81.038 81.01 80.984 80.957 80.931 80.905 80.881 80.857 80.833 80.811 80.789 80.769 80.749 80.731 80.714 80.698 80.683 80.67 80.657 80.646 80.637 80.628 80.621 80.614 80.609 80.605 80.602 80.599 80.596 80.594 80.593 80.59 80.588 80.585 80.58 80.575 80.567 80.557 80.545 80.529 80.511 80.488 80.461 80.429 80.393 80.351 80.305 80.253 80.195 80.132 80.063 79.989 79.909 79.823 79.732 79.635 79.532 79.422 79.306 79.184 79.055 78.92 78.778 78.632 78.481 78.33 78.179 78.033 77.896 77.77
81.218 81.192 81.166 81.141 81.115 81.09 81.066 81.042 81.018 80.996 80.974 80.952 80.932 80.912 80.894 80.877 80.86 80.845 80.831 80.818 80.806 80.795 80.785 80.777 80.769 80.762 80.756 80.751 80.747 80.743 80.739 80.736 80.732 80.728 80.723 80.718 80.711 80.703 80.693 80.68 80.665 80.646 80.624 80.598 80.568 80.533 80.494 80.449 80.399 80.343 80.281 80.213 80.14 80.06 79.973 79.88 79.781 79.674 79.559 79.437 79.307 79.168 79.021 78.865 78.701 78.53 78.354 78.175 77.998 77.826 77.664 77.519
81.341 81.316 81.292 81.268 81.244 81.22 81.197 81.174 81.152 81.131 81.11 81.09 81.07 81.052 81.034 81.018 81.002 80.987 80.974 80.961 80.949 80.939 80.929 80.92 80.912 80.905 80.898 80.893 80.887 80.882 80.877 80.872 80.867 80.861 80.854 80.847 80.838 80.827 80.814 80.799 80.781 80.76 80.735 80.706 80.673 80.635 80.593 80.545 80.491 80.432 80.366 80.295 80.216 80.131 80.039 79.939 79.831 79.715 79.59 79.457 79.322 79.192 78.994 78.819 78.633 78.438 78.235 78.028 77.821 77.619 77.431 77.263
81.46 81.437 81.414 81.391 81.369 81.346 81.325 81.303 81.282 81.262 81.242 81.223 81.205 81.187 81.17 81.154 81.139 81.125 81.112 81.1 81.088 81.077 81.068 81.059 81.05 81.043 81.036 81.029 81.023 81.016 81.01 81.004 80.997 80.989 80.981 80.971 80.96 80.947 80.932 80.915 80.894 80.87 80.843 80.812 80.776 80.736 80.69 80.64 80.583 80.521 80.452 80.376 80.294 80.204 80.106 80 79.886 79.762 79.628 79.712 79.387 79.159 78.979 78.785 78.579 78.359 78.129 77.892 77.652 77.418 77.199 77.005
81.576 81.555 81.533 81.511 81.49 81.469 81.449 81.428 81.408 81.389 81.37 81.352 81.335 81.318 81.302 81.287 81.272 81.259 81.246 81.234 81.222 81.212 81.202 81.193 81.184 81.176 81.168 81.161 81.153 81.146 81.139 81.131 81.123 81.114 81.104 81.092 81.079 81.064 81.047 81.027 81.005 80.979 80.949 80.916 80.878 80.835 80.787 80.734 80.675 80.61 80.538 80.459 80.373 80.279 80.177 80.066 79.945 79.815 79.673 79.519 79.353 79.173 78.978 78.768 78.541 78.299 78.042 77.772 77.497 77.225 76.969 76.745
81.69 81.669 81.649 81.628 81.608 81.589 81.569 81.55 81.531 81.513 81.495 81.478 81.461 81.445 81.43 81.415 81.401 81.388 81.375 81.363 81.352 81.342 81.332 81.322 81.313 81.304 81.296 81.288 81.28 81.272 81.263 81.254 81.245 81.234 81.222 81.209 81.195 81.178 81.159 81.137 81.113 81.085 81.053 81.018 80.978 80.933 80.884 80.828 80.767 80.7 80.625 80.544 80.455 80.358 80.252 80.137 80.012 79.875 79.727 79.956 79.399 79.209 78.995 78.77 78.526 78.263 77.979 77.677 77.363 77.046 76.745 76.483
81.8 81.781 81.761 81.742 81.723 81.705 81.686 81.668 81.65 81.633 81.616 81.599 81.584 81.568 81.553 81.539 81.526 81.513 81.501 81.489 81.478 81.467 81.457 81.447 81.438 81.429 81.42 81.411 81.402 81.393 81.384 81.374 81.363 81.351 81.338 81.324 81.307 81.289 81.268 81.245 81.219 81.189 81.156 81.119 81.078 81.031 80.98 80.923 80.86 80.791 80.715 80.632 80.541 80.441 80.333 80.215 80.086 79.945 79.793 79.626 79.585 79.408 79.156 78.812 78.537 78.307 77.949 77.616 77.26 76.891 76.532 76.221
81.907 81.889 81.871 81.853 81.835 81.817 81.8 81.783 81.766 81.749 81.733 81.717 81.702 81.688 81.673 81.66 81.647 81.634 81.622 81.61 81.599 81.589 81.579 81.569 81.559 81.549 81.54 81.531 81.521 81.511 81.501 81.49 81.478 81.465 81.45 81.435 81.417 81.397 81.375 81.351 81.323 81.292 81.258 81.219 81.177 81.129 81.077 81.018 80.955 80.884 80.807 80.723 80.63 80.529 80.419 80.299 80.168 80.025 79.869 80.135 79.763 79.475 79.838 78.952 80.043 78.574 78.679 78.754 77.205 76.78 76.348 75.963
