raw_data/humedad_relativa/hora9/rh9mar.txt
ncols         501
nrows         361
xllcorner     109.95
yllcorner     -45.05
cellsize      0.1
NODATA_value  -9999
[rows 32 to 63 of 361, columns 0 to 71 of 501]
74.991 74.997 75.004 75.01 75.017 75.023 75.03 75.037 75.044 75.051 75.058 75.066 75.073 75.081 75.089 75.097 75.105 75.113 75.121 75.13 75.138 75.147 75.156 75.165 75.175 75.184 75.194 75.204 75.214 75.224 75.234 75.245 75.256 75.267 75.279 75.29 75.302 75.314 75.327 75.34 75.353 75.366 75.38 75.394 75.408 75.422 75.437 75.453 75.468 75.484 75.501 75.518 75.535 75.553 75.571 75.589 75.608 75.627 75.647 75.668 75.688 75.71 75.731 75.753 75.776 75.799 75.823 75.847 75.871 75.896 75.922 75.948
74.89 74.896 74.901 74.907 74.913 74.919 74.925 74.932 74.938 74.944 74.951 74.958 74.965 74.972 74.979 74.986 74.993 75.001 75.009 75.016 75.024 75.033 75.041 75.049 75.058 75.067 75.076 75.085 75.094 75.104 75.114 75.124 75.134 75.145 75.155 75.166 75.177 75.189 75.201 75.213 75.225 75.237 75.25 75.264 75.277 75.291 75.305 75.32 75.335 75.35 75.366 75.382 75.399 75.416 75.433 75.451 75.469 75.488 75.507 75.527 75.547 75.568 75.589 75.61 75.633 75.655 75.678 75.702 75.726 75.751 75.776 75.801
74.788 74.793 74.798 74.804 74.809 74.814 74.82 74.826 74.831 74.837 74.843 74.849 74.856 74.862 74.868 74.875 74.882 74.889 74.896 74.903 74.91 74.918 74.925 74.933 74.941 74.949 74.957 74.966 74.974 74.983 74.992 75.002 75.011 75.021 75.031 75.041 75.052 75.062 75.073 75.085 75.096 75.108 75.12 75.133 75.146 75.159 75.172 75.186 75.2 75.215 75.23 75.246 75.261 75.278 75.294 75.312 75.329 75.347 75.366 75.385 75.405 75.425 75.445 75.466 75.488 75.51 75.532 75.556 75.579 75.603 75.628 75.653
74.686 74.691 74.695 74.7 74.704 74.709 74.714 74.719 74.724 74.73 74.735 74.74 74.746 74.752 74.757 74.763 74.769 74.776 74.782 74.788 74.795 74.802 74.809 74.816 74.823 74.83 74.838 74.846 74.854 74.862 74.87 74.879 74.888 74.897 74.906 74.915 74.925 74.935 74.945 74.956 74.967 74.978 74.989 75.001 75.013 75.025 75.038 75.051 75.065 75.079 75.093 75.108 75.123 75.138 75.154 75.171 75.188 75.205 75.223 75.242 75.261 75.28 75.3 75.32 75.341 75.363 75.385 75.408 75.431 75.455 75.479 75.504
74.584 74.587 74.591 74.595 74.599 74.604 74.608 74.612 74.617 74.621 74.626 74.631 74.636 74.641 74.646 74.651 74.657 74.662 74.668 74.674 74.679 74.686 74.692 74.698 74.705 74.711 74.718 74.725 74.732 74.74 74.747 74.755 74.763 74.771 74.78 74.789 74.798 74.807 74.816 74.826 74.836 74.846 74.857 74.868 74.879 74.891 74.903 74.915 74.928 74.941 74.955 74.969 74.983 74.998 75.013 75.029 75.045 75.062 75.079 75.097 75.115 75.134 75.153 75.173 75.194 75.215 75.236 75.258 75.281 75.304 75.328 75.352
74.481 74.484 74.487 74.491 74.494 74.498 74.501 74.505 74.509 74.513 74.517 74.521 74.525 74.529 74.534 74.538 74.543 74.548 74.553 74.558 74.563 74.569 74.574 74.58 74.585 74.591 74.598 74.604 74.61 74.617 74.624 74.631 74.638 74.645 74.653 74.661 74.669 74.678 74.686 74.695 74.704 74.714 74.724 74.734 74.744 74.755 74.767 74.778 74.79 74.802 74.815 74.828 74.842 74.856 74.871 74.886 74.901 74.917 74.934 74.951 74.968 74.987 75.005 75.025 75.044 75.065 75.086 75.107 75.129 75.152 75.176 75.199
74.377 74.38 74.383 74.385 74.388 74.391 74.394 74.397 74.4 74.403 74.407 74.41 74.414 74.418 74.421 74.425 74.429 74.433 74.438 74.442 74.446 74.451 74.456 74.461 74.466 74.471 74.476 74.482 74.487 74.493 74.499 74.506 74.512 74.519 74.526 74.533 74.54 74.548 74.555 74.564 74.572 74.581 74.59 74.599 74.609 74.619 74.629 74.64 74.651 74.662 74.674 74.687 74.7 74.713 74.727 74.741 74.756 74.771 74.787 74.803 74.82 74.838 74.856 74.874 74.893 74.913 74.934 74.955 74.976 74.999 75.021 75.045
74.274 74.276 74.278 74.28 74.282 74.284 74.286 74.289 74.291 74.294 74.297 74.299 74.302 74.305 74.308 74.311 74.315 74.318 74.322 74.325 74.329 74.333 74.337 74.341 74.345 74.35 74.354 74.359 74.364 74.369 74.374 74.38 74.385 74.391 74.397 74.403 74.41 74.417 74.424 74.431 74.439 74.446 74.455 74.463 74.472 74.481 74.491 74.5 74.511 74.521 74.533 74.544 74.556 74.569 74.582 74.595 74.609 74.624 74.639 74.654 74.67 74.687 74.705 74.722 74.741 74.76 74.78 74.8 74.822 74.843 74.866 74.889
74.17 74.171 74.172 74.174 74.175 74.177 74.178 74.18 74.182 74.184 74.186 74.188 74.19 74.192 74.195 74.197 74.2 74.202 74.205 74.208 74.211 74.214 74.217 74.221 74.224 74.228 74.231 74.235 74.239 74.244 74.248 74.253 74.258 74.263 74.268 74.273 74.279 74.285 74.291 74.297 74.304 74.311 74.318 74.326 74.334 74.342 74.351 74.36 74.369 74.379 74.389 74.4 74.411 74.423 74.435 74.448 74.461 74.475 74.489 74.504 74.519 74.535 74.552 74.569 74.587 74.605 74.625 74.645 74.665 74.686 74.708 74.73
74.065 74.066 74.066 74.067 74.068 74.069 74.07 74.071 74.072 74.073 74.074 74.076 74.077 74.079 74.08 74.082 74.084 74.086 74.088 74.09 74.092 74.094 74.097 74.1 74.102 74.105 74.108 74.111 74.114 74.118 74.121 74.125 74.129 74.133 74.138 74.142 74.147 74.152 74.157 74.163 74.169 74.175 74.181 74.188 74.195 74.202 74.21 74.218 74.227 74.236 74.245 74.255 74.265 74.276 74.287 74.299 74.311 74.324 74.338 74.352 74.366 74.382 74.397 74.414 74.431 74.449 74.468 74.487 74.507 74.527 74.549 74.571
73.96 73.96 73.96 73.96 73.96 73.96 73.961 73.961 73.961 73.962 73.963 73.963 73.964 73.965 73.966 73.967 73.968 73.969 73.97 73.971 73.973 73.974 73.976 73.978 73.98 73.982 73.984 73.986 73.989 73.991 73.994 73.997 74 74.003 74.007 74.01 74.014 74.018 74.023 74.027 74.032 74.037 74.043 74.049 74.055 74.061 74.068 74.075 74.083 74.091 74.099 74.108 74.118 74.127 74.138 74.149 74.16 74.172 74.185 74.198 74.212 74.226 74.242 74.257 74.274 74.291 74.309 74.327 74.347 74.367 74.387 74.409
73.855 73.854 73.853 73.853 73.852 73.852 73.851 73.851 73.851 73.85 73.85 73.85 73.85 73.85 73.85 73.851 73.851 73.851 73.852 73.852 73.853 73.854 73.855 73.855 73.857 73.858 73.859 73.861 73.862 73.864 73.866 73.868 73.87 73.872 73.875 73.878 73.881 73.884 73.887 73.891 73.895 73.899 73.904 73.908 73.914 73.919 73.925 73.931 73.938 73.945 73.952 73.96 73.969 73.978 73.987 73.997 74.008 74.019 74.031 74.043 74.056 74.07 74.084 74.099 74.115 74.131 74.148 74.166 74.185 74.204 74.224 74.245
73.749 73.747 73.746 73.745 73.744 73.742 73.741 73.74 73.739 73.738 73.737 73.737 73.736 73.735 73.734 73.734 73.733 73.733 73.733 73.733 73.732 73.732 73.732 73.732 73.733 73.733 73.734 73.734 73.735 73.736 73.737 73.738 73.739 73.741 73.742 73.744 73.746 73.748 73.751 73.753 73.756 73.76 73.763 73.767 73.771 73.776 73.781 73.786 73.792 73.798 73.804 73.811 73.819 73.827 73.835 73.844 73.854 73.864 73.875 73.886 73.898 73.911 73.925 73.939 73.954 73.969 73.986 74.003 74.021 74.04 74.059 74.079
73.643 73.641 73.639 73.637 73.635 73.633 73.631 73.629 73.627 73.626 73.624 73.622 73.621 73.62 73.618 73.617 73.616 73.614 73.613 73.612 73.611 73.61 73.61 73.609 73.608 73.608 73.607 73.607 73.607 73.607 73.607 73.607 73.607 73.608 73.609 73.61 73.611 73.612 73.613 73.615 73.617 73.619 73.622 73.625 73.628 73.631 73.635 73.639 73.644 73.649 73.655 73.66 73.667 73.674 73.681 73.689 73.698 73.707 73.717 73.728 73.739 73.751 73.763 73.777 73.791 73.806 73.821 73.838 73.855 73.873 73.892 73.912
73.536 73.533 73.531 73.528 73.525 73.523 73.52 73.518 73.515 73.513 73.51 73.508 73.506 73.503 73.501 73.499 73.497 73.495 73.493 73.491 73.489 73.488 73.486 73.485 73.483 73.482 73.48 73.479 73.478 73.477 73.476 73.476 73.475 73.475 73.474 73.474 73.474 73.474 73.475 73.476 73.477 73.478 73.479 73.481 73.483 73.486 73.488 73.492 73.495 73.499 73.504 73.509 73.514 73.52 73.526 73.533 73.541 73.549 73.558 73.568 73.578 73.589 73.601 73.613 73.626 73.64 73.655 73.671 73.687 73.705 73.723 73.742
73.429 73.426 73.422 73.419 73.415 73.412 73.409 73.405 73.402 73.399 73.396 73.393 73.39 73.387 73.384 73.381 73.378 73.375 73.372 73.37 73.367 73.365 73.362 73.36 73.357 73.355 73.353 73.351 73.349 73.347 73.345 73.343 73.342 73.34 73.339 73.338 73.337 73.336 73.336 73.335 73.335 73.335 73.336 73.337 73.338 73.339 73.341 73.343 73.345 73.348 73.351 73.355 73.36 73.364 73.37 73.376 73.382 73.389 73.397 73.406 73.415 73.425 73.436 73.447 73.46 73.473 73.487 73.502 73.517 73.534 73.552 73.57
73.322 73.318 73.313 73.309 73.305 73.301 73.297 73.293 73.289 73.285 73.281 73.277 73.273 73.27 73.266 73.262 73.258 73.255 73.251 73.248 73.244 73.241 73.237 73.234 73.231 73.228 73.224 73.221 73.218 73.216 73.213 73.21 73.208 73.205 73.203 73.201 73.199 73.197 73.195 73.194 73.193 73.192 73.191 73.191 73.191 73.191 73.192 73.192 73.194 73.196 73.198 73.2 73.204 73.207 73.212 73.216 73.222 73.228 73.235 73.242 73.25 73.259 73.269 73.28 73.291 73.303 73.317 73.331 73.346 73.361 73.378 73.396
73.214 73.209 73.204 73.199 73.195 73.19 73.185 73.18 73.175 73.171 73.166 73.161 73.157 73.152 73.147 73.143 73.138 73.134 73.129 73.125 73.121 73.116 73.112 73.108 73.104 73.099 73.095 73.091 73.088 73.084 73.08 73.076 73.073 73.069 73.066 73.063 73.06 73.057 73.054 73.052 73.049 73.047 73.046 73.044 73.043 73.042 73.041 73.041 73.041 73.042 73.043 73.044 73.046 73.049 73.052 73.056 73.06 73.065 73.071 73.077 73.084 73.092 73.101 73.11 73.121 73.132 73.144 73.157 73.171 73.187 73.203 73.22
73.106 73.1 73.095 73.089 73.083 73.078 73.072 73.067 73.061 73.056 73.05 73.045 73.039 73.034 73.028 73.023 73.018 73.012 73.007 73.002 72.996 72.991 72.986 72.981 72.976 72.971 72.966 72.961 72.956 72.951 72.946 72.942 72.937 72.932 72.928 72.924 72.92 72.916 72.912 72.908 72.905 72.902 72.899 72.896 72.894 72.891 72.89 72.888 72.887 72.887 72.886 72.887 72.888 72.889 72.891 72.893 72.896 72.9 72.905 72.91 72.916 72.923 72.93 72.939 72.948 72.958 72.97 72.982 72.995 73.009 73.025 73.041
72.998 72.991 72.985 72.978 72.972 72.966 72.959 72.953 72.947 72.94 72.934 72.928 72.921 72.915 72.909 72.903 72.896 72.89 72.884 72.878 72.872 72.866 72.86 72.853 72.847 72.841 72.835 72.829 72.823 72.818 72.812 72.806 72.8 72.795 72.789 72.784 72.779 72.774 72.769 72.764 72.759 72.755 72.751 72.747 72.743 72.74 72.737 72.734 72.732 72.73 72.729 72.728 72.727 72.727 72.728 72.729 72.731 72.734 72.737 72.741 72.746 72.751 72.758 72.765 72.774 72.783 72.793 72.804 72.817 72.83 72.844 72.86
72.889 72.881 72.874 72.867 72.86 72.853 72.846 72.839 72.831 72.824 72.817 72.81 72.803 72.796 72.789 72.782 72.775 72.768 72.761 72.753 72.746 72.739 72.732 72.725 72.718 72.711 72.704 72.697 72.69 72.684 72.677 72.67 72.663 72.657 72.65 72.643 72.637 72.631 72.625 72.619 72.613 72.607 72.602 72.597 72.592 72.587 72.583 72.579 72.575 72.572 72.569 72.567 72.565 72.564 72.564 72.563 72.564 72.565 72.567 72.57 72.574 72.578 72.583 72.59 72.597 72.605 72.614 72.624 72.636 72.648 72.662 72.676
72.779 72.771 72.763 72.756 72.748 72.74 72.732 72.724 72.716 72.708 72.7 72.692 72.684 72.676 72.668 72.66 72.652 72.644 72.636 72.628 72.62 72.612 72.604 72.596 72.589 72.581 72.573 72.565 72.557 72.549 72.541 72.533 72.525 72.517 72.51 72.502 72.494 72.487 72.48 72.472 72.465 72.459 72.452 72.445 72.439 72.433 72.428 72.422 72.418 72.413 72.409 72.405 72.402 72.399 72.397 72.396 72.395 72.395 72.396 72.397 72.4 72.403 72.407 72.412 72.418 72.425 72.433 72.442 72.452 72.464 72.476 72.49
72.67 72.661 72.652 72.644 72.635 72.626 72.617 72.609 72.6 72.591 72.582 72.574 72.565 72.556 72.547 72.538 72.529 72.521 72.512 72.503 72.494 72.485 72.476 72.467 72.458 72.449 72.44 72.431 72.422 72.413 72.404 72.395 72.386 72.377 72.368 72.36 72.351 72.342 72.334 72.325 72.317 72.309 72.301 72.293 72.285 72.278 72.271 72.265 72.258 72.252 72.247 72.242 72.237 72.233 72.23 72.227 72.225 72.223 72.223 72.223 72.224 72.226 72.228 72.232 72.237 72.243 72.249 72.257 72.267 72.277 72.289 72.302
72.56 72.55 72.541 72.531 72.522 72.512 72.503 72.493 72.483 72.474 72.464 72.455 72.445 72.435 72.426 72.416 72.406 72.396 72.387 72.377 72.367 72.357 72.347 72.337 72.327 72.317 72.307 72.297 72.287 72.277 72.267 72.257 72.247 72.236 72.226 72.216 72.206 72.196 72.187 72.177 72.167 72.158 72.149 72.139 72.131 72.122 72.114 72.105 72.098 72.09 72.083 72.077 72.071 72.065 72.06 72.056 72.053 72.05 72.048 72.046 72.046 72.046 72.048 72.05 72.053 72.058 72.064 72.07 72.078 72.088 72.098 72.11
72.449 72.439 72.429 72.418 72.408 72.398 72.387 72.377 72.366 72.356 72.346 72.335 72.325 72.314 72.303 72.293 72.282 72.271 72.261 72.25 72.239 72.228 72.217 72.206 72.195 72.184 72.173 72.162 72.151 72.14 72.129 72.117 72.106 72.095 72.084 72.072 72.061 72.05 72.039 72.028 72.017 72.006 71.995 71.985 71.974 71.964 71.955 71.945 71.936 71.927 71.918 71.91 71.903 71.896 71.889 71.884 71.878 71.874 71.87 71.868 71.866 71.865 71.865 71.866 71.868 71.871 71.875 71.881 71.888 71.896 71.905 71.916
72.338 72.327 72.316 72.305 72.294 72.283 72.272 72.26 72.249 72.238 72.226 72.215 72.204 72.192 72.181 72.169 72.158 72.146 72.134 72.123 72.111 72.099 72.087 72.075 72.063 72.051 72.039 72.027 72.014 72.002 71.99 71.977 71.965 71.952 71.94 71.927 71.915 71.902 71.89 71.878 71.865 71.853 71.841 71.829 71.817 71.806 71.794 71.783 71.772 71.762 71.752 71.742 71.733 71.725 71.717 71.709 71.703 71.697 71.691 71.687 71.684 71.681 71.679 71.679 71.68 71.681 71.684 71.689 71.694 71.701 71.709 71.719
72.227 72.215 72.203 72.191 72.179 72.167 72.155 72.143 72.131 72.119 72.107 72.095 72.082 72.07 72.058 72.045 72.033 72.02 72.008 71.995 71.982 71.969 71.956 71.943 71.93 71.917 71.904 71.89 71.877 71.864 71.85 71.836 71.823 71.809 71.795 71.782 71.768 71.754 71.74 71.726 71.713 71.699 71.685 71.672 71.659 71.646 71.633 71.62 71.608 71.596 71.584 71.573 71.562 71.552 71.542 71.533 71.525 71.517 71.51 71.504 71.499 71.495 71.492 71.49 71.489 71.489 71.491 71.494 71.498 71.503 71.511 71.519
72.116 72.103 72.09 72.077 72.065 72.052 72.039 72.026 72.013 72 71.987 71.974 71.961 71.947 71.934 71.921 71.907 71.894 71.88 71.866 71.853 71.839 71.825 71.811 71.797 71.782 71.768 71.754 71.739 71.724 71.71 71.695 71.68 71.665 71.65 71.635 71.62 71.605 71.589 71.574 71.559 71.544 71.529 71.514 71.499 71.485 71.47 71.456 71.442 71.428 71.415 71.402 71.389 71.378 71.366 71.355 71.345 71.336 71.327 71.32 71.313 71.307 71.302 71.298 71.296 71.295 71.295 71.296 71.299 71.303 71.309 71.316
72.004 71.99 71.977 71.963 71.949 71.936 71.922 71.908 71.894 71.88 71.866 71.852 71.838 71.824 71.81 71.796 71.781 71.767 71.752 71.737 71.723 71.708 71.693 71.678 71.662 71.647 71.632 71.616 71.6 71.585 71.569 71.553 71.537 71.52 71.504 71.488 71.471 71.454 71.438 71.421 71.405 71.388 71.371 71.355 71.339 71.322 71.306 71.29 71.274 71.259 71.244 71.229 71.215 71.201 71.188 71.176 71.164 71.153 71.142 71.133 71.124 71.117 71.11 71.105 71.1 71.097 71.096 71.096 71.097 71.1 71.104 71.11
71.891 71.877 71.863 71.848 71.834 71.819 71.805 71.79 71.775 71.76 71.745 71.731 71.716 71.7 71.685 71.67 71.655 71.639 71.624 71.608 71.592 71.576 71.56 71.544 71.528 71.511 71.495 71.478 71.461 71.444 71.427 71.41 71.392 71.375 71.357 71.339 71.321 71.303 71.285 71.267 71.249 71.231 71.213 71.195 71.177 71.159 71.141 71.123 71.106 71.089 71.072 71.055 71.039 71.024 71.009 70.994 70.98 70.967 70.955 70.944 70.933 70.924 70.915 70.908 70.902 70.898 70.894 70.893 70.892 70.894 70.896 70.901
71.779 71.764 71.748 71.733 71.718 71.702 71.687 71.671 71.656 71.64 71.624 71.608 71.592 71.576 71.56 71.544 71.528 71.511 71.495 71.478 71.461 71.444 71.427 71.41 71.392 71.375 71.357 71.339 71.321 71.303 71.285 71.266 71.247 71.228 71.209 71.19 71.171 71.152 71.132 71.112 71.093 71.073 71.053 71.033 71.014 70.994 70.974 70.955 70.936 70.917 70.898 70.88 70.862 70.844 70.827 70.811 70.795 70.78 70.766 70.752 70.74 70.729 70.718 70.709 70.702 70.695 70.69 70.686 70.684 70.684 70.685 70.689
71.666 71.65 71.634 71.617 71.601 71.585 71.568 71.552 71.535 71.519 71.502 71.485 71.469 71.452 71.434 71.417 71.4 71.383 71.365 71.347 71.329 71.311 71.293 71.275 71.256 71.238 71.219 71.2 71.18 71.161 71.141 71.122 71.102 71.081 71.061 71.04 71.02 70.999 70.978 70.957 70.935 70.914 70.892 70.871 70.85 70.828 70.807 70.785 70.764 70.743 70.723 70.702 70.683 70.663 70.644 70.626 70.608 70.591 70.574 70.559 70.545 70.531 70.519 70.508 70.498 70.49 70.483 70.477 70.474 70.472 70.471 70.473
