raw_data/humedad_relativa/hora9/rh9may.txt
ncols         501
nrows         361
xllcorner     109.95
yllcorner     -45.05
cellsize      0.1
NODATA_value  -9999
[rows 32 to 63 of 361, columns 216 to 287 of 501]
66.868 67.241 67.614 67.987 68.357 68.726 69.09 69.449 69.799 70.204 70.608 70.841 71.081 71.505 71.507 71.93 72.094 72.21 72.321 72.653 72.714 72.296 72.609 72.663 72.446 72.444 72.531 72.751 72.696 72.677 72.71 72.791 72.807 72.85 72.896 72.947 72.999 73.077 73.133 73.299 73.234 73.276 73.336 73.673 73.465 73.875 73.68 73.719 73.78 74.103 73.915 74.057 74.214 74.08 74.07 74.056 74.045 74.037 74.033 74.034 74.039 74.048 74.062 74.081 74.104 74.133 74.166 74.203 74.246 74.293 74.344 74.401
66.656 67.039 67.416 67.809 68.163 68.538 69.162 69.428 69.865 70.044 70.513 70.819 71.01 71.238 71.397 71.601 72.192 72.087 73.02 72.437 72.238 73.245 72.79 72.395 72.277 72.292 72.309 72.694 72.48 72.683 72.659 72.61 72.667 72.785 72.676 72.8 72.761 72.855 73.026 73.075 73.197 73.022 73.314 73.394 73.336 73.268 73.337 73.408 73.538 74.277 74.059 73.724 73.868 73.808 73.789 73.772 73.757 73.747 73.742 73.74 73.744 73.752 73.765 73.783 73.806 73.833 73.866 73.903 73.945 73.992 74.043 74.1
66.425 66.808 67.264 67.619 68.018 68.669 68.741 69.134 69.5 70.016 70.49 70.744 70.908 71.192 71.316 72.121 72.957 72.991 72.95 73.038 72.464 73.106 73.545 72.543 72.524 72.07 72.143 72.188 72.291 72.391 72.47 72.334 72.585 72.711 72.427 72.572 72.599 72.619 72.745 72.851 72.989 72.894 72.905 72.887 72.928 72.99 73.054 73.122 73.242 73.683 73.683 73.426 73.733 73.48 73.474 73.461 73.449 73.439 73.434 73.433 73.436 73.444 73.456 73.474 73.496 73.524 73.556 73.593 73.635 73.682 73.734 73.79
66.241 66.563 66.99 67.591 67.889 68.454 68.51 69.069 69.33 69.799 70.168 70.769 70.947 71.743 71.932 71.367 72.578 72.557 73.043 72.855 72.563 72.761 73.012 72.05 71.961 72.046 72.254 72.097 72.148 72.376 72.264 72.14 72.741 72.505 72.178 72.306 72.602 72.647 72.668 72.733 72.726 72.634 72.938 72.647 72.639 72.698 72.756 72.83 72.937 73.15 73.342 73.429 73.218 73.129 73.133 73.128 73.121 73.114 73.111 73.111 73.115 73.123 73.136 73.154 73.176 73.204 73.237 73.274 73.316 73.364 73.416 73.473
66.003 66.311 66.802 67.324 67.567 68.054 68.399 68.694 69.147 69.522 69.979 70.452 70.77 71.03 72.294 72.37 71.793 72.746 72.679 72.598 72.658 73.02 72.133 71.556 72.067 71.733 72.257 72.14 71.995 71.966 71.926 71.947 71.968 72.357 71.949 71.959 72.228 72.372 72.337 72.446 72.691 72.52 72.544 72.415 72.471 72.47 72.447 72.513 72.734 72.735 72.664 73.04 72.745 72.767 72.777 72.778 72.776 72.774 72.773 72.775 72.781 72.79 72.804 72.823 72.846 72.875 72.908 72.946 72.989 73.037 73.09 73.148
65.743 66.113 66.68 67.153 67.475 67.784 68.17 68.512 68.995 69.275 69.628 70.18 70.488 70.906 71.077 71.853 71.92 71.428 72.278 72.52 72.869 72.754 71.636 72.238 72.624 71.743 72.338 71.753 71.926 71.92 71.768 71.733 71.854 71.731 71.744 71.69 71.78 71.883 72.032 72.333 72.363 72.321 72.345 72.322 72.426 72.235 72.177 72.27 72.371 72.302 72.308 72.733 72.377 72.398 72.41 72.416 72.419 72.42 72.423 72.427 72.435 72.446 72.462 72.482 72.506 72.535 72.569 72.608 72.652 72.702 72.756 72.814
65.341 65.888 66.517 66.882 67.111 67.646 67.906 68.283 68.654 68.963 69.485 69.7 70.44 71.294 70.641 71.624 72.164 72.295 72.016 72.404 72.389 72.644 72.068 72.404 71.737 71.856 72.148 72.187 72.083 71.865 71.593 71.555 71.631 71.643 71.482 71.533 71.662 71.926 71.926 71.86 72.611 72.018 72.007 71.961 72.035 71.894 71.96 72.177 72.087 71.905 71.943 71.975 72.002 72.022 72.036 72.045 72.051 72.056 72.061 72.068 72.078 72.091 72.109 72.13 72.156 72.186 72.222 72.262 72.307 72.358 72.413 72.473
65.282 65.764 66.165 66.529 66.767 67.414 67.758 68.112 68.404 68.614 69.22 69.47 69.69 70.25 71.326 71.729 71.838 72.057 71.518 71.479 72.329 72.187 72.325 71.692 72.085 72.118 71.948 72.161 71.59 71.472 71.378 71.36 71.483 71.549 71.37 71.402 71.774 71.604 72.246 71.74 71.866 71.523 71.491 71.599 71.623 71.542 71.602 71.556 71.58 71.937 71.569 71.597 71.621 71.639 71.654 71.664 71.673 71.681 71.689 71.699 71.711 71.726 71.746 71.769 71.796 71.828 71.865 71.907 71.954 72.006 72.063 72.124
65.128 65.205 65.799 66.158 66.541 67.54 67.681 68.136 68.151 68.393 68.665 69.581 69.29 70.928 71.281 71.424 71.555 71.601 71.65 71.483 71.982 72.078 71.978 71.886 71.747 72.089 72.078 72.044 71.645 71.282 71.097 71.052 71.079 71.058 70.925 71.095 71.266 71.406 71.481 71.86 71.397 71.065 71.08 71.097 71.087 71.312 71.105 71.132 71.474 71.162 71.311 71.212 71.233 71.25 71.264 71.276 71.287 71.297 71.307 71.32 71.334 71.352 71.373 71.398 71.427 71.461 71.5 71.544 71.592 71.646 71.704 71.768
64.591 64.896 65.322 66.182 66.305 66.578 66.86 67.221 67.749 69.074 68.574 68.604 69.038 69.833 70.078 70.462 70.863 70.936 70.993 71.689 71.706 71.83 71.641 71.301 71.38 71.596 71.533 71.559 71.403 71.049 70.823 70.725 70.757 70.676 70.748 70.777 70.922 71.067 71.273 71.301 70.88 70.636 70.738 70.664 70.667 70.702 70.736 70.729 70.938 70.778 70.8 70.82 70.838 70.854 70.868 70.881 70.893 70.904 70.917 70.931 70.948 70.968 70.991 71.018 71.05 71.086 71.126 71.172 71.222 71.278 71.338 71.404
64.646 64.62 65.363 65.428 66.071 66.501 66.556 66.934 67.318 68.307 68.42 68.223 69.949 70.24 70.467 70.598 70.721 70.661 71.01 71.263 71.248 71.122 71.134 71.371 71.4 71.391 70.998 71.213 71.09 70.706 70.53 70.494 70.451 70.559 70.453 70.684 70.547 71.137 71.604 71.539 70.755 70.381 70.449 70.274 70.289 70.317 70.327 70.347 70.393 70.386 70.404 70.421 70.437 70.452 70.466 70.478 70.491 70.504 70.519 70.535 70.554 70.576 70.601 70.63 70.664 70.702 70.744 70.792 70.844 70.902 70.964 71.032
64.196 64.982 65.346 65.337 65.998 65.996 66.582 66.624 67.042 67.899 69.121 69.022 68.443 69.747 69.983 70.494 70.557 70.987 70.769 70.949 70.958 70.874 70.915 70.894 70.69 70.605 70.389 70.608 70.681 70.254 70.252 70.186 70.132 70.088 70.069 70.263 70.332 70.792 71.537 70.707 70.341 70.209 69.987 69.899 69.913 70.078 69.941 69.956 69.972 69.987 70.002 70.016 70.03 70.043 70.056 70.069 70.082 70.097 70.113 70.131 70.151 70.175 70.203 70.234 70.269 70.31 70.354 70.404 70.459 70.518 70.583 70.653
64.039 64.212 65.223 65.313 65.275 66.179 66.338 66.803 67.195 68.165 68.604 69.03 68.979 69.006 69.662 70.166 70.263 70.548 70.697 70.501 70.473 70.548 70.667 70.331 70.075 69.923 70.201 69.872 70.073 69.998 69.994 69.906 69.864 69.927 69.786 69.962 70.618 70.693 70.178 70.144 69.907 69.656 69.76 69.524 69.528 69.537 69.547 69.558 69.569 69.58 69.592 69.604 69.616 69.628 69.64 69.653 69.666 69.682 69.699 69.719 69.741 69.767 69.796 69.829 69.867 69.909 69.956 70.008 70.065 70.127 70.195 70.267
63.559 64.736 64.868 64.983 64.954 65.828 66.21 66.666 67.075 66.619 67.482 68.912 68.415 68.688 69.637 69.886 69.727 70.018 70.197 70.292 70.069 69.994 70.097 69.994 69.642 69.563 69.618 69.468 69.685 69.859 69.765 69.726 69.764 69.818 69.497 69.759 70.694 69.91 69.623 69.7 69.575 69.358 69.371 69.13 69.134 69.139 69.145 69.151 69.159 69.167 69.175 69.185 69.195 69.205 69.217 69.23 69.244 69.26 69.278 69.299 69.323 69.351 69.382 69.417 69.457 69.502 69.551 69.605 69.665 69.729 69.799 69.874
63.888 64.038 64.621 65.168 65.113 65.04 65.426 66.913 67.002 67.771 67.671 67.329 67.498 68.743 68.49 69.344 69.393 69.451 69.439 69.906 69.633 69.629 69.483 69.438 69.365 69.307 69.209 69.128 69.471 69.275 69.329 69.434 69.439 69.198 69.206 69.225 70.114 69.466 69.188 68.978 68.958 68.893 68.751 68.733 68.732 68.733 68.734 68.737 68.741 68.746 68.752 68.759 68.767 68.776 68.787 68.8 68.814 68.831 68.85 68.872 68.898 68.927 68.961 68.998 69.04 69.087 69.138 69.195 69.257 69.324 69.397 69.474
63.175 63.607 64.389 64.293 64.467 65.101 65.196 65.678 66.316 67.049 67.214 67.063 67.586 67.581 68.04 68.964 68.529 68.949 69.38 69.19 69.172 69.034 69.107 69.27 69.083 69.106 69.082 69.164 68.666 68.761 69.081 68.995 68.931 68.971 68.907 68.808 68.952 68.985 68.965 68.747 68.661 68.777 68.381 68.327 68.322 68.318 68.546 68.331 68.386 68.318 68.347 68.492 68.333 68.341 68.351 68.363 68.378 68.395 68.415 68.439 68.466 68.497 68.532 68.571 68.615 68.664 68.718 68.778 68.842 68.912 68.987 69.068
62.765 63.651 63.769 64.229 64.403 64.588 65.105 65.295 65.765 66.568 67.184 67.124 67.279 67.531 68.085 68.115 68.637 68.793 68.592 68.804 68.567 68.487 68.504 68.674 68.612 68.822 68.969 68.285 68.48 68.302 68.406 68.51 68.557 68.624 68.543 68.384 68.507 68.53 68.456 68.31 68.446 68.085 67.959 67.952 67.903 67.896 67.89 67.885 67.883 67.882 67.883 67.886 67.891 68.017 67.908 67.92 67.935 67.953 67.974 67.998 68.027 68.059 68.096 68.138 68.184 68.235 68.292 68.353 68.42 68.493 68.571 68.655
62.105 63 63.312 63.507 63.809 64.098 64.922 64.99 65.633 66.156 66.362 66.361 66.534 67.007 67.526 68.072 68.238 67.932 67.966 68.22 68.139 68.259 68.079 68.052 68.141 67.953 68.169 68.043 67.787 68.003 68.154 68.376 68.106 68.739 68.334 68.009 67.933 67.912 67.887 68.015 67.823 67.743 67.641 67.68 67.476 67.465 67.455 67.448 67.443 67.731 67.662 67.572 67.664 67.45 67.458 67.47 67.485 67.503 67.525 67.551 67.581 67.615 67.654 67.697 67.745 67.799 67.858 67.922 67.992 68.067 68.148 68.235
61.579 62.831 62.924 63.009 63.307 63.641 64.463 64.67 65.44 65.798 66.269 65.741 66.072 66.709 66.728 67.621 67.787 67.654 67.554 67.78 67.592 67.836 67.651 68.093 67.539 67.483 67.524 67.516 67.466 67.68 68.122 68.379 67.798 67.643 67.662 67.741 67.511 67.391 67.415 67.359 67.43 67.365 67.295 67.057 67.04 67.026 67.013 67.003 66.995 67.532 67.365 67.355 66.989 66.994 67.002 67.014 67.029 67.048 67.07 67.097 67.128 67.164 67.204 67.25 67.3 67.356 67.417 67.484 67.557 67.635 67.719 67.809
61.309 61.889 62.322 62.313 62.863 63.638 63.862 64.411 64.677 65.277 65.73 65.387 65.659 65.804 66.227 66.685 66.925 66.803 67.343 67.634 67.33 66.966 66.963 67.084 67.024 67.031 67.641 67.288 67.201 67.248 67.344 67.264 67.516 67.349 67.252 67.41 67.084 67.124 66.898 66.849 66.84 66.758 66.783 66.616 66.596 66.578 66.563 66.55 66.54 66.965 66.961 67.068 66.527 66.532 66.539 66.551 66.566 66.585 66.609 66.637 66.669 66.706 66.748 66.796 66.849 66.907 66.971 67.04 67.116 67.197 67.284 67.377
60.846 61.219 61.663 61.81 62.282 62.757 63.89 64.412 63.955 64.974 65.258 64.769 65.11 65.504 66.158 66.477 66.11 66.735 66.444 66.775 66.351 66.786 66.521 66.897 66.893 66.52 67.26 67.172 67.066 66.684 67.388 66.88 67.005 67.144 66.932 66.596 66.665 66.645 66.495 66.391 66.331 66.3 66.2 66.214 66.144 66.123 66.105 66.09 66.084 66.071 66.38 66.368 66.33 66.258 66.07 66.082 66.097 66.117 66.141 66.17 66.203 66.242 66.286 66.336 66.39 66.451 66.517 66.59 66.668 66.752 66.842 66.939
60.267 60.691 61.19 61.42 61.968 62.704 63.28 63.11 63.572 63.958 64.365 64.905 65.28 65.251 65.409 65.364 65.549 65.849 65.925 66.077 65.676 65.735 65.979 66.073 66.052 66.064 66.501 66.663 66.325 66.978 66.748 66.812 66.711 66.76 66.195 66.27 66.081 66.065 65.992 65.954 65.846 65.768 65.737 65.708 65.683 65.659 65.639 65.621 65.607 65.596 65.588 65.584 65.584 65.587 65.594 65.606 65.622 65.642 65.667 65.697 65.732 65.772 65.818 65.869 65.926 65.989 66.058 66.133 66.214 66.301 66.395 66.494
59.646 60.066 60.571 61.161 61.797 62.247 62.237 62.509 62.959 63.755 64.147 64.238 64.613 64.658 64.634 64.848 65.039 65.36 65.307 65.01 65.124 65.33 65.312 65.642 65.931 65.611 65.821 66.3 66.106 66.184 65.841 66.17 66.232 66.018 65.831 65.759 65.575 65.509 65.545 65.659 65.36 65.306 65.272 65.241 65.213 65.187 65.165 65.146 65.13 65.117 65.109 65.104 65.102 65.105 65.112 65.124 65.14 65.161 65.187 65.218 65.254 65.296 65.343 65.396 65.456 65.521 65.593 65.67 65.754 65.845 65.941 66.045
59.391 59.703 60.137 60.823 61.601 61.431 61.736 62.088 62.543 62.956 63.359 63.746 63.962 64.206 64.073 64.315 64.575 64.552 64.644 64.644 64.873 64.725 64.977 64.89 64.95 65.43 65.108 65.326 65.466 65.765 65.435 65.735 65.629 65.65 65.329 65.503 65.06 65.023 65.045 64.967 64.877 64.835 64.799 64.765 64.735 64.708 64.683 64.663 64.646 64.632 64.622 64.616 64.615 64.617 64.624 64.636 64.652 64.674 64.7 64.732 64.77 64.813 64.863 64.918 64.979 65.047 65.121 65.202 65.289 65.382 65.482 65.589
59.18 59.177 60.064 60.499 60.455 60.956 61.569 62.286 62.213 62.597 62.77 63.062 63.144 63.415 63.75 63.573 63.749 64.025 64.191 64.041 64.249 64.436 64.701 64.437 64.704 64.571 64.693 64.749 65.192 64.986 64.963 65.071 64.996 64.895 64.804 64.677 64.771 64.961 64.796 64.649 64.394 64.353 64.315 64.28 64.248 64.22 64.194 64.172 64.154 64.14 64.129 64.123 64.121 64.123 64.13 64.142 64.159 64.181 64.208 64.241 64.28 64.325 64.376 64.434 64.497 64.567 64.644 64.728 64.818 64.914 65.018 65.128
58.598 58.87 59.112 59.531 59.888 60.434 61.117 61.58 62.054 62.055 62.251 62.567 62.568 62.869 63.013 63.055 63.355 63.243 63.8 63.551 63.943 64.094 63.832 63.994 64.017 64.078 64.196 64.537 64.589 64.501 65.048 64.434 65.059 64.778 64.626 64.381 64.128 64.048 63.996 63.949 63.904 63.862 63.823 63.787 63.754 63.724 63.698 63.675 63.656 63.641 63.63 63.623 63.621 63.623 63.63 63.642 63.659 63.682 63.71 63.745 63.785 63.831 63.884 63.944 64.01 64.082 64.162 64.248 64.341 64.441 64.548 64.662
58.361 58.625 58.862 59.238 60.064 60.046 60.279 60.948 61.47 61.363 61.924 62.255 62.352 62.255 62.404 62.509 62.753 62.8 63.479 62.921 63.08 63.237 63.318 63.582 63.626 63.884 63.795 64.273 64.515 64.05 64.085 64.287 63.87 63.829 63.715 63.679 63.627 63.665 63.496 63.449 63.404 63.361 63.322 63.285 63.251 63.221 63.194 63.171 63.151 63.136 63.124 63.117 63.115 63.117 63.124 63.137 63.155 63.178 63.207 63.243 63.284 63.332 63.387 63.448 63.517 63.592 63.674 63.763 63.859 63.963 64.073 64.19
57.916 58.638 58.713 59 59.395 60.098 59.945 60.33 60.448 60.795 61.18 61.5 61.805 62.054 61.894 61.976 62.424 62.349 62.322 62.69 62.693 63.118 62.904 62.977 63.034 63.317 63.68 63.601 63.348 63.398 63.485 63.451 63.594 63.432 63.459 63.877 63.132 63.109 62.989 62.938 62.894 62.991 62.812 62.775 62.741 62.711 62.684 62.66 62.641 62.625 62.613 62.606 62.604 62.606 62.613 62.626 62.645 62.669 62.699 62.735 62.778 62.828 62.884 62.948 63.018 63.096 63.181 63.273 63.372 63.479 63.593 63.714
57.396 58 58.519 58.511 59.351 59.693 60.044 60.165 60.046 60.439 60.806 60.955 61.211 61.448 61.583 61.512 61.655 61.76 62.007 62.066 62.067 62.158 62.373 62.494 62.676 62.884 62.719 62.924 63.031 62.893 62.984 62.932 63.092 62.983 62.903 62.727 62.606 62.536 62.478 62.417 62.374 62.333 62.294 62.258 62.225 62.194 62.167 62.144 62.124 62.108 62.097 62.09 62.087 62.09 62.097 62.111 62.13 62.154 62.186 62.223 62.267 62.318 62.377 62.442 62.515 62.595 62.683 62.778 62.881 62.991 63.108 63.233
57.024 57.555 57.813 58.324 58.867 59.101 59.39 59.561 59.528 59.804 60.09 60.381 60.615 60.835 60.925 60.99 61.125 61.349 61.529 61.504 61.756 61.829 62.157 62.409 62.394 62.401 62.098 62.384 62.21 62.427 62.605 62.419 62.971 62.358 62.286 62.147 62.058 62.044 61.982 61.926 61.86 61.817 61.769 61.734 61.701 61.672 61.645 61.622 61.602 61.587 61.575 61.568 61.566 61.569 61.577 61.591 61.61 61.635 61.667 61.706 61.752 61.804 61.864 61.932 62.007 62.09 62.18 62.278 62.384 62.498 62.619 62.747
57.152 57.313 57.418 57.814 58.127 58.526 58.716 58.807 59.202 59.457 59.668 59.875 60.064 60.197 60.316 60.636 60.865 60.903 61.126 61.115 61.517 61.357 61.828 61.682 61.561 61.45 61.821 61.88 61.901 62.1 62.046 61.886 61.903 61.979 61.712 61.626 61.638 61.546 61.551 61.402 61.311 61.287 61.27 61.204 61.172 61.144 61.118 61.095 61.076 61.061 61.05 61.043 61.041 61.044 61.052 61.066 61.086 61.112 61.145 61.185 61.231 61.286 61.347 61.417 61.494 61.58 61.673 61.774 61.883 62 62.125 62.258
56.589 56.725 57.114 57.349 57.627 57.838 58.057 58.45 58.71 58.934 59.272 59.434 59.619 59.708 59.83 60.103 60.305 60.46 60.509 60.6 60.706 61.069 61.239 60.903 60.999 60.918 61.077 61.692 61.295 61.752 61.736 61.54 61.277 61.268 61.342 61.055 61.176 60.978 60.985 60.877 61.13 61.003 60.806 60.76 60.638 60.611 60.586 60.564 60.545 60.531 60.52 60.513 60.512 60.515 60.523 60.538 60.558 60.585 60.618 60.659 60.707 60.763 60.826 60.898 60.977 61.065 61.162 61.266 61.379 61.499 61.628 61.764
