raw_data/humedad_relativa/hora9/rh9may.txt
ncols         501
nrows         361
xllcorner     109.95
yllcorner     -45.05
cellsize      0.1
NODATA_value  -9999
[rows 32 to 63 of 361, columns 288 to 359 of 501]
74.461 74.527 74.597 74.671 74.749 74.832 74.918 75.009 75.103 75.202 75.303 75.408 75.517 75.628 75.743 75.86 75.98 76.102 76.226 76.353 76.481 76.61 76.742 76.874 77.008 77.143 77.279 77.416 77.556 77.698 77.881 78.007 78.285 78.504 78.781 78.847 79.097 79.439 79.804 79.945 79.701 79.735 79.845 79.95 80.114 80.279 80.444 80.61 80.775 80.942 81.108 81.276 81.443 81.611 81.78 81.948 82.117 82.285 82.454 82.622 82.79 82.957 83.124 83.289 83.454 83.617 83.779 83.94 84.098 84.255 84.41 84.563
74.16 74.226 74.296 74.37 74.449 74.532 74.619 74.711 74.806 74.904 75.007 75.112 75.221 75.333 75.448 75.566 75.686 75.809 75.933 76.06 76.188 76.317 76.448 76.58 76.713 76.847 76.982 77.118 77.256 77.397 77.567 77.72 77.918 78.056 78.514 78.618 78.799 79.05 79.338 79.583 79.8 80.542 79.841 79.703 79.873 80.043 80.214 80.385 80.556 80.728 80.901 81.073 81.247 81.42 81.594 81.769 81.943 82.117 82.291 82.465 82.638 82.811 82.983 83.153 83.323 83.492 83.658 83.824 83.987 84.149 84.308 84.465
73.852 73.918 73.988 74.063 74.142 74.226 74.314 74.406 74.502 74.601 74.704 74.811 74.921 75.033 75.149 75.267 75.388 75.511 75.637 75.764 75.892 76.022 76.153 76.285 76.417 76.551 76.685 76.82 76.956 77.104 77.315 77.501 77.862 77.918 77.962 78.131 78.387 78.678 78.861 79.445 79.864 80.404 79.632 79.816 81.219 79.806 79.982 80.158 80.335 80.512 80.69 80.869 81.048 81.227 81.407 81.587 81.767 81.947 82.127 82.306 82.485 82.663 82.84 83.017 83.192 83.365 83.537 83.707 83.876 84.042 84.206 84.367
73.535 73.602 73.673 73.749 73.829 73.913 74.002 74.095 74.192 74.292 74.396 74.504 74.615 74.729 74.845 74.965 75.087 75.211 75.337 75.464 75.594 75.724 75.856 75.988 76.121 76.254 76.388 76.521 76.656 76.791 77.068 77.142 77.393 77.578 77.731 78.079 78.079 78.298 78.553 78.801 79.084 79.672 79.472 79.75 80.337 79.566 79.747 79.929 80.111 80.294 80.478 80.662 80.847 81.032 81.218 81.404 81.59 81.775 81.961 82.146 82.33 82.514 82.697 82.879 83.059 83.238 83.415 83.59 83.764 83.934 84.103 84.269
73.21 73.278 73.35 73.427 73.508 73.594 73.684 73.778 73.876 73.978 74.083 74.192 74.304 74.419 74.537 74.658 74.781 74.907 75.034 75.163 75.293 75.425 75.557 75.69 75.824 75.958 76.091 76.225 76.359 76.492 76.626 76.786 76.936 77.22 77.488 77.744 77.892 78.073 78.392 78.492 78.967 79.735 80.373 79.215 81.175 80.127 79.511 79.698 79.886 80.075 80.264 80.454 80.644 80.835 81.027 81.218 81.41 81.602 81.793 81.984 82.174 82.364 82.553 82.74 82.926 83.11 83.292 83.473 83.651 83.827 84 84.171
72.878 72.947 73.02 73.098 73.181 73.268 73.359 73.455 73.554 73.658 73.765 73.875 73.989 74.106 74.225 74.348 74.472 74.599 74.728 74.859 74.99 75.124 75.257 75.392 75.527 75.662 75.797 75.932 76.067 76.201 76.334 76.523 76.8 77.013 77.377 77.351 77.612 77.924 78.617 78.575 78.46 79.25 79.009 79.658 80.742 79.365 79.687 79.466 79.659 79.853 80.048 80.243 80.44 80.637 80.834 81.031 81.229 81.427 81.624 81.821 82.017 82.213 82.407 82.6 82.792 82.982 83.17 83.355 83.539 83.72 83.898 84.073
72.538 72.608 72.683 72.763 72.847 72.936 73.028 73.126 73.227 73.332 73.441 73.553 73.669 73.787 73.909 74.033 74.16 74.289 74.42 74.552 74.686 74.821 74.957 75.094 75.231 75.368 75.506 75.643 75.781 75.919 76.108 76.209 76.657 76.76 76.872 77.185 77.377 77.682 78.083 78.252 78.228 78.484 78.714 79.632 79.936 78.872 79.034 79.231 79.43 79.629 79.829 80.031 80.233 80.436 80.639 80.843 81.047 81.25 81.454 81.657 81.859 82.061 82.261 82.46 82.657 82.853 83.046 83.238 83.426 83.612 83.795 83.976
72.191 72.263 72.339 72.42 72.506 72.597 72.692 72.791 72.894 73.001 73.112 73.226 73.344 73.465 73.589 73.715 73.844 73.975 74.108 74.243 74.38 74.517 74.655 74.795 74.935 75.075 75.216 75.357 75.499 75.681 76.085 75.949 76.117 76.51 76.618 76.95 77.218 77.449 78.246 77.885 78.374 78.311 78.595 80.276 79.584 78.899 78.793 78.995 79.199 79.403 79.609 79.817 80.025 80.233 80.443 80.653 80.862 81.072 81.282 81.491 81.7 81.907 82.114 82.319 82.522 82.724 82.923 83.12 83.314 83.505 83.693 83.878
71.836 71.91 71.988 72.071 72.159 72.252 72.349 72.45 72.555 72.665 72.778 72.894 73.015 73.138 73.264 73.393 73.525 73.659 73.795 73.932 74.071 74.212 74.353 74.495 74.639 74.782 74.927 75.073 75.245 75.418 75.833 76.089 76.034 76.456 76.415 76.696 77.002 77.382 77.542 77.76 78.112 78.289 78.544 79.347 79.371 79.698 78.575 78.757 78.966 79.176 79.388 79.601 79.815 80.029 80.245 80.461 80.677 80.893 81.109 81.325 81.539 81.753 81.966 82.177 82.387 82.594 82.799 83.002 83.202 83.398 83.592 83.782
71.474 71.55 71.63 71.715 71.805 71.9 71.999 72.103 72.211 72.323 72.439 72.558 72.681 72.807 72.936 73.068 73.203 73.339 73.478 73.619 73.761 73.905 74.05 74.196 74.342 74.49 74.639 74.789 74.942 75.119 75.498 75.779 75.761 75.921 76.179 76.388 76.668 76.978 77.37 77.514 77.888 78.044 78.791 78.779 79.15 81.311 78.373 78.517 78.731 78.947 79.164 79.383 79.603 79.824 80.045 80.267 80.49 80.712 80.935 81.157 81.378 81.598 81.818 82.035 82.251 82.464 82.676 82.884 83.09 83.292 83.491 83.686
71.105 71.182 71.265 71.353 71.445 71.543 71.644 71.751 71.861 71.976 72.094 72.217 72.343 72.472 72.604 72.739 72.877 73.017 73.159 73.303 73.449 73.596 73.745 73.895 74.046 74.198 74.351 74.506 74.663 74.837 75.086 75.277 75.41 75.697 75.945 76.183 76.62 76.764 76.877 77.132 77.517 78.003 78.172 79.369 78.984 79.607 78.297 79.532 78.495 78.716 78.939 79.164 79.389 79.616 79.844 80.073 80.301 80.531 80.759 80.988 81.216 81.443 81.669 81.893 82.115 82.335 82.552 82.767 82.978 83.186 83.391 83.591
70.728 70.808 70.894 70.984 71.079 71.179 71.283 71.393 71.506 71.624 71.745 71.871 72 72.132 72.268 72.407 72.548 72.691 72.837 72.985 73.135 73.286 73.439 73.593 73.748 73.904 74.062 74.222 74.383 74.549 74.764 74.941 75.524 75.543 75.753 76.078 76.311 76.484 76.568 76.995 77.261 77.68 78.039 78.878 78.23 79.519 78.304 79.156 78.257 78.484 78.712 78.942 79.174 79.407 79.641 79.876 80.112 80.347 80.583 80.818 81.053 81.287 81.519 81.75 81.979 82.205 82.429 82.65 82.867 83.081 83.292 83.497
70.345 70.428 70.515 70.608 70.706 70.809 70.917 71.029 71.145 71.266 71.391 71.52 71.653 71.789 71.928 72.07 72.215 72.363 72.513 72.665 72.819 72.974 73.131 73.289 73.449 73.61 73.772 73.936 74.102 74.274 74.496 74.669 74.941 75.255 75.442 75.589 75.795 76.031 76.273 76.528 76.833 77.068 77.422 77.722 77.853 78.239 77.87 80.575 78.208 78.249 78.484 78.72 78.958 79.197 79.437 79.678 79.92 80.163 80.405 80.647 80.889 81.13 81.369 81.607 81.842 82.076 82.306 82.534 82.757 82.977 83.193 83.405
69.954 70.04 70.131 70.227 70.328 70.433 70.544 70.66 70.779 70.904 71.032 71.165 71.301 71.441 71.584 71.73 71.88 72.031 72.186 72.342 72.5 72.66 72.822 72.985 73.149 73.314 73.481 73.649 73.849 74.028 74.273 74.562 74.924 75.085 75.123 75.298 75.541 75.929 76.188 76.319 76.563 77.305 77.091 78.701 77.683 78.987 77.929 78.478 77.776 78.014 78.254 78.496 78.739 78.985 79.231 79.479 79.728 79.977 80.226 80.476 80.724 80.972 81.219 81.464 81.706 81.947 82.184 82.418 82.648 82.874 83.096 83.313
69.557 69.646 69.74 69.839 69.943 70.052 70.166 70.285 70.408 70.536 70.668 70.805 70.945 71.089 71.236 71.387 71.54 71.697 71.855 72.016 72.179 72.344 72.51 72.678 72.847 73.017 73.189 73.361 73.571 73.757 74.033 74.292 74.607 74.693 74.796 75.091 75.488 75.606 75.788 76.055 76.325 76.821 77.264 77.481 78.046 78.948 78.551 78.421 77.534 77.777 78.022 78.27 78.519 78.771 79.024 79.278 79.533 79.79 80.046 80.303 80.559 80.814 81.068 81.32 81.57 81.818 82.062 82.303 82.54 82.772 83 83.224
69.154 69.245 69.342 69.444 69.552 69.664 69.782 69.904 70.031 70.163 70.299 70.44 70.584 70.732 70.884 71.039 71.197 71.358 71.522 71.688 71.856 72.026 72.197 72.37 72.543 72.718 72.895 73.088 73.303 73.515 73.692 73.918 74.101 74.311 74.558 74.866 75.181 75.623 75.519 75.87 76.146 76.598 77.036 76.898 77.298 79.658 78.814 77.341 77.291 77.539 77.789 78.042 78.298 78.555 78.814 79.075 79.338 79.601 79.865 80.129 80.392 80.655 80.917 81.177 81.434 81.689 81.941 82.189 82.432 82.672 82.906 83.135
68.744 68.838 68.938 69.044 69.155 69.271 69.392 69.518 69.65 69.785 69.926 70.07 70.219 70.372 70.528 70.688 70.851 71.017 71.186 71.357 71.53 71.705 71.881 72.059 72.238 72.418 72.599 72.788 73.005 73.247 73.456 73.628 73.905 74.154 74.485 74.699 74.883 75.197 75.371 75.767 75.856 76.284 76.985 76.82 78.82 79.976 79.479 77.41 77.048 77.3 77.555 77.813 78.074 78.337 78.603 78.871 79.14 79.41 79.682 79.953 80.225 80.496 80.765 81.033 81.298 81.561 81.82 82.076 82.327 82.573 82.814 83.049
68.327 68.425 68.529 68.638 68.752 68.872 68.997 69.127 69.262 69.402 69.547 69.696 69.849 70.007 70.168 70.333 70.501 70.672 70.846 71.022 71.201 71.381 71.563 71.747 71.931 72.116 72.302 72.525 72.703 72.909 73.173 73.433 73.705 73.967 74.379 74.629 75.16 75.497 75.3 75.493 75.718 75.891 76.268 77.189 76.901 77.186 76.759 76.71 76.803 77.059 77.318 77.582 77.848 78.117 78.389 78.664 78.94 79.218 79.497 79.777 80.057 80.336 80.613 80.889 81.163 81.434 81.701 81.964 82.222 82.475 82.723 82.965
67.905 68.006 68.113 68.225 68.344 68.467 68.596 68.731 68.87 69.014 69.163 69.317 69.475 69.637 69.804 69.973 70.147 70.323 70.503 70.685 70.869 71.055 71.243 71.432 71.622 71.812 72.003 72.194 72.418 72.666 72.882 73.14 73.337 73.594 73.946 74.32 74.603 74.885 75.062 75.197 75.491 75.906 76.029 77.069 77.191 77.706 76.623 76.416 76.583 76.816 77.08 77.348 77.619 77.895 78.173 78.455 78.739 79.024 79.311 79.599 79.887 80.175 80.461 80.746 81.028 81.307 81.582 81.853 82.119 82.38 82.634 82.882
67.476 67.58 67.691 67.807 67.929 68.057 68.19 68.329 68.472 68.621 68.775 68.933 69.096 69.263 69.435 69.61 69.789 69.971 70.156 70.344 70.535 70.727 70.92 71.115 71.311 71.507 71.703 71.898 72.094 72.339 72.53 72.832 72.986 73.323 73.551 73.879 74.225 74.594 74.883 74.954 75.253 75.824 76.121 76.314 77.003 76.573 76.205 76.199 76.374 76.57 76.838 77.111 77.388 77.669 77.955 78.243 78.534 78.828 79.123 79.42 79.717 80.013 80.309 80.602 80.893 81.181 81.465 81.744 82.018 82.286 82.548 82.803
67.041 67.149 67.263 67.384 67.51 67.641 67.778 67.921 68.069 68.223 68.381 68.544 68.712 68.885 69.062 69.242 69.427 69.615 69.806 70 70.197 70.395 70.595 70.796 70.998 71.2 71.401 71.602 71.802 72.016 72.259 72.461 72.7 72.982 73.223 73.476 73.894 74.304 74.393 74.713 75.034 75.678 76.31 75.917 76.082 76.646 76.257 76.158 76.381 76.321 76.593 76.871 77.153 77.441 77.733 78.028 78.328 80.939 78.934 79.239 79.545 79.851 80.156 80.459 80.759 81.056 81.348 81.636 81.919 82.195 82.464 82.726
66.6 66.712 66.83 66.954 67.084 67.22 67.362 67.509 67.661 67.819 67.982 68.151 68.324 68.502 68.684 68.87 69.061 69.255 69.452 69.652 69.855 70.06 70.267 70.474 70.683 70.89 71.098 71.304 71.516 71.756 71.989 72.228 72.448 72.744 72.989 73.303 73.546 73.933 73.979 74.458 74.703 74.869 75.959 75.442 76.248 76.351 76.849 76.096 76.473 76.222 76.344 76.626 76.914 77.208 77.507 77.81 80.608 81.505 78.742 79.056 79.372 79.688 80.002 80.315 80.625 80.932 81.234 81.531 81.821 82.106 82.383 82.652
66.154 66.27 66.391 66.519 66.653 66.793 66.939 67.091 67.248 67.411 67.579 67.752 67.93 68.114 68.301 68.494 68.69 68.89 69.094 69.301 69.51 69.722 69.936 70.15 70.365 70.58 70.793 71.005 71.225 71.479 71.724 71.961 72.218 72.5 72.812 72.97 73.254 73.444 73.722 74.023 74.253 74.921 75.788 75.71 75.784 76.957 76.111 76.093 76.051 76.09 76.09 76.377 76.671 76.971 77.612 78.388 78.958 79.274 78.589 78.872 79.198 79.524 79.849 80.172 80.492 80.809 81.121 81.427 81.727 82.019 82.304 82.581
65.702 65.821 65.947 66.079 66.217 66.361 66.512 66.668 66.83 66.997 67.17 67.349 67.532 67.721 67.914 68.112 68.315 68.521 68.731 68.945 69.161 69.38 69.601 69.823 70.045 70.266 70.487 70.705 70.929 71.195 71.455 71.726 71.931 72.195 72.448 72.668 72.985 73.269 73.544 73.811 74.058 75.025 75.241 75.238 75.196 76.283 76.081 76.351 75.993 75.659 75.844 76.145 76.423 77.31 77.059 77.469 78.387 80.918 79.456 78.685 79.022 79.359 79.695 80.029 80.36 80.687 81.009 81.325 81.635 81.936 82.229 82.514
65.245 65.368 65.497 65.634 65.776 65.924 66.079 66.24 66.406 66.579 66.757 66.94 67.129 67.323 67.522 67.726 67.934 68.147 68.364 68.584 68.808 69.034 69.263 69.492 69.722 69.951 70.179 70.403 70.648 70.898 71.164 71.407 71.669 71.902 72.124 72.347 72.626 72.9 73.205 73.535 73.886 74.123 75.214 74.587 74.964 75.603 75.76 76.498 75.467 75.431 75.654 75.904 76.183 76.501 76.985 77.188 77.686 79.566 80.477 78.689 78.844 79.193 79.541 79.886 80.229 80.567 80.9 81.226 81.545 81.856 82.158 82.45
64.782 64.909 65.043 65.183 65.329 65.482 65.642 65.807 65.978 66.155 66.338 66.527 66.721 66.92 67.125 67.334 67.549 67.768 67.991 68.219 68.45 68.684 68.92 69.158 69.396 69.633 69.869 70.1 70.348 70.61 70.847 71.097 71.361 71.587 71.836 72.081 72.309 72.578 72.877 73.17 73.438 74.026 74.004 74.306 74.628 75.142 75.566 74.912 75.066 75.178 75.408 75.713 75.94 76.261 76.612 77.369 77.611 77.921 78.845 78.643 80.354 79.08 79.386 79.744 80.099 80.449 80.793 81.13 81.459 81.78 82.09 82.39
64.314 64.445 64.583 64.727 64.878 65.036 65.199 65.369 65.545 65.727 65.915 66.108 66.307 66.512 66.722 66.938 67.158 67.384 67.614 67.848 68.086 68.328 68.572 68.819 69.066 69.312 69.556 69.796 70.039 70.298 70.553 70.811 71.058 71.311 71.553 71.803 72.06 72.277 72.53 72.823 73.175 73.495 73.78 73.993 74.559 74.715 74.645 74.638 74.751 74.9 75.169 75.444 75.715 76.031 76.386 76.973 77.257 77.751 78.072 78.688 79.32 80.297 80.269 79.603 79.97 80.332 80.688 81.037 81.377 81.707 82.027 82.335
63.842 63.977 64.119 64.267 64.422 64.584 64.752 64.926 65.107 65.293 65.486 65.685 65.889 66.099 66.314 66.535 66.762 66.993 67.23 67.471 67.717 67.966 68.219 68.474 68.731 68.987 69.241 69.49 69.752 69.997 70.27 70.521 70.746 70.975 71.23 71.479 71.73 71.98 72.258 72.582 72.73 73 73.284 73.834 73.96 74.87 74.697 75.161 74.437 74.839 74.944 75.208 75.518 75.788 76.159 76.575 77.005 77.395 77.909 78.96 79.752 81.463 81.68 81.094 79.897 80.218 80.586 80.947 81.298 81.638 81.968 82.285
63.365 63.504 63.65 63.802 63.962 64.128 64.3 64.479 64.664 64.856 65.053 65.256 65.465 65.68 65.901 66.127 66.359 66.597 66.84 67.088 67.34 67.598 67.859 68.123 68.389 68.656 68.921 69.181 69.433 69.691 69.954 70.204 70.416 70.702 70.924 71.166 71.406 71.725 72.028 72.216 72.495 72.836 73.022 73.526 73.802 74.179 74.498 74.492 74.283 74.501 74.706 74.986 75.324 75.57 75.942 76.334 76.733 77.291 77.704 78.164 79.719 81.869 81.248 81.416 80.11 80.106 80.488 80.86 81.223 81.574 81.914 82.24
62.883 63.026 63.176 63.333 63.497 63.668 63.844 64.028 64.217 64.413 64.615 64.823 65.037 65.257 65.482 65.714 65.951 66.194 66.443 66.697 66.956 67.221 67.49 67.764 68.04 68.318 68.596 68.869 69.132 69.399 69.649 69.888 70.107 70.37 70.589 70.857 71.069 71.289 71.582 71.806 72.111 72.313 72.575 72.883 73.248 73.758 73.856 73.918 74.038 74.687 74.518 74.768 75.118 75.387 75.758 76.114 76.544 77.235 77.815 78.022 78.683 79.788 80.08 79.917 79.674 79.997 80.392 80.778 81.153 81.515 81.865 82.2
62.398 62.545 62.699 62.86 63.028 63.203 63.385 63.572 63.766 63.966 64.173 64.385 64.603 64.828 65.058 65.294 65.536 65.784 66.038 66.298 66.564 66.835 67.112 67.394 67.681 67.97 68.261 68.549 68.828 69.094 69.361 69.574 69.793 70.039 70.256 70.478 70.693 70.921 71.261 71.474 71.698 71.965 72.224 72.608 72.954 73.297 73.49 73.531 74.081 74.226 74.269 74.574 74.848 75.179 75.526 75.883 76.309 76.821 77.197 77.715 78.351 79.61 80.343 80.021 79.931 79.891 80.301 80.7 81.087 81.461 81.821 82.166
61.908 62.06 62.218 62.384 62.556 62.735 62.921 63.113 63.311 63.516 63.726 63.943 64.165 64.394 64.628 64.869 65.115 65.368 65.627 65.892 66.163 66.44 66.723 67.013 67.308 67.608 67.912 68.218 68.524 68.817 69.057 69.237 69.46 69.674 69.892 70.161 70.401 70.599 70.875 71.111 71.291 71.548 71.887 72.242 72.476 72.846 73.093 73.345 73.969 74.027 74.15 74.52 74.564 75.003 75.316 75.715 76.107 76.542 77.181 77.828 78.038 78.979 79.538 80.375 79.524 79.788 80.213 80.626 81.026 81.413 81.783 82.138
