raw_data/humedad_relativa/hora9/rh9may.txt
ncols         501
nrows         361
xllcorner     109.95
yllcorner     -45.05
cellsize      0.1
NODATA_value  -9999
[rows 320 to 351 of 361, columns 144 to 215 of 501]
83.008 82.996 82.984 82.972 82.962 82.951 82.942 82.933 82.925 82.917 82.91 82.904 82.898 82.893 82.888 82.885 82.881 82.879 82.877 82.875 82.874 82.874 82.874 82.875 82.877 82.879 82.882 82.885 82.888 82.893 82.897 82.903 82.908 82.915 82.922 82.929 82.937 82.945 82.953 82.962 82.972 82.982 82.992 83.003 83.014 83.025 83.037 83.049 83.061 83.074 83.087 83.1 83.114 83.127 83.141 83.156 83.17 83.185 83.2 83.215 83.23 83.245 83.261 83.277 83.292 83.308 83.324 83.34 83.356 83.373 83.389 83.405
83.088 83.076 83.064 83.053 83.042 83.032 83.023 83.014 83.006 82.999 82.992 82.985 82.98 82.975 82.97 82.966 82.963 82.96 82.958 82.957 82.956 82.956 82.956 82.957 82.958 82.96 82.963 82.966 82.969 82.973 82.978 82.983 82.989 82.995 83.001 83.008 83.016 83.024 83.032 83.041 83.05 83.059 83.069 83.08 83.09 83.102 83.113 83.125 83.137 83.149 83.162 83.175 83.188 83.201 83.215 83.229 83.243 83.257 83.272 83.286 83.301 83.316 83.331 83.347 83.362 83.378 83.393 83.409 83.425 83.441 83.457 83.473
83.166 83.154 83.143 83.132 83.121 83.112 83.103 83.094 83.086 83.079 83.072 83.066 83.06 83.055 83.051 83.047 83.044 83.041 83.039 83.037 83.036 83.036 83.036 83.037 83.038 83.04 83.043 83.045 83.049 83.053 83.057 83.062 83.067 83.073 83.08 83.086 83.094 83.101 83.109 83.118 83.127 83.136 83.146 83.156 83.166 83.177 83.188 83.199 83.211 83.223 83.235 83.248 83.261 83.274 83.287 83.301 83.315 83.329 83.343 83.357 83.372 83.386 83.401 83.416 83.431 83.446 83.462 83.477 83.492 83.508 83.524 83.539
83.243 83.231 83.22 83.209 83.199 83.19 83.181 83.172 83.165 83.157 83.151 83.145 83.139 83.134 83.13 83.126 83.123 83.12 83.118 83.117 83.116 83.115 83.115 83.116 83.117 83.119 83.121 83.124 83.127 83.131 83.135 83.14 83.145 83.151 83.157 83.163 83.17 83.178 83.186 83.194 83.203 83.212 83.221 83.231 83.241 83.251 83.262 83.273 83.285 83.296 83.308 83.32 83.333 83.346 83.359 83.372 83.385 83.399 83.413 83.427 83.441 83.455 83.47 83.484 83.499 83.514 83.529 83.544 83.559 83.574 83.59 83.605
83.319 83.307 83.296 83.286 83.276 83.267 83.258 83.25 83.242 83.235 83.228 83.222 83.217 83.212 83.208 83.204 83.201 83.198 83.196 83.195 83.194 83.193 83.193 83.194 83.195 83.196 83.199 83.201 83.204 83.208 83.212 83.217 83.222 83.227 83.233 83.239 83.246 83.253 83.261 83.269 83.277 83.286 83.295 83.305 83.314 83.325 83.335 83.346 83.357 83.368 83.38 83.392 83.404 83.416 83.429 83.442 83.455 83.468 83.482 83.495 83.509 83.523 83.537 83.552 83.566 83.581 83.595 83.61 83.625 83.64 83.655 83.67
83.393 83.382 83.371 83.361 83.351 83.342 83.333 83.325 83.318 83.311 83.304 83.299 83.293 83.289 83.284 83.281 83.277 83.275 83.273 83.271 83.27 83.27 83.27 83.27 83.271 83.273 83.275 83.277 83.28 83.284 83.288 83.292 83.297 83.302 83.308 83.314 83.321 83.327 83.335 83.343 83.351 83.359 83.368 83.377 83.387 83.397 83.407 83.417 83.428 83.439 83.451 83.462 83.474 83.486 83.498 83.511 83.524 83.537 83.55 83.563 83.577 83.59 83.604 83.618 83.632 83.646 83.661 83.675 83.689 83.704 83.719 83.733
83.466 83.455 83.445 83.435 83.425 83.416 83.408 83.4 83.393 83.386 83.379 83.374 83.368 83.364 83.36 83.356 83.353 83.35 83.348 83.347 83.346 83.345 83.345 83.345 83.346 83.348 83.35 83.352 83.355 83.358 83.362 83.366 83.371 83.376 83.382 83.388 83.394 83.401 83.408 83.415 83.423 83.431 83.44 83.449 83.458 83.468 83.478 83.488 83.498 83.509 83.52 83.531 83.543 83.555 83.567 83.579 83.591 83.604 83.617 83.63 83.643 83.656 83.67 83.684 83.697 83.711 83.725 83.739 83.753 83.768 83.782 83.796
83.538 83.527 83.517 83.507 83.498 83.489 83.481 83.473 83.466 83.459 83.453 83.448 83.442 83.438 83.434 83.43 83.427 83.424 83.422 83.421 83.42 83.419 83.419 83.419 83.42 83.422 83.424 83.426 83.429 83.432 83.435 83.439 83.444 83.449 83.454 83.46 83.466 83.473 83.48 83.487 83.494 83.502 83.511 83.52 83.529 83.538 83.547 83.557 83.568 83.578 83.589 83.6 83.611 83.623 83.634 83.646 83.658 83.671 83.683 83.696 83.709 83.722 83.735 83.748 83.761 83.775 83.789 83.802 83.816 83.83 83.844 83.858
83.608 83.598 83.588 83.578 83.569 83.561 83.553 83.545 83.538 83.532 83.526 83.52 83.515 83.511 83.507 83.503 83.5 83.497 83.495 83.494 83.493 83.492 83.492 83.492 83.493 83.494 83.496 83.498 83.501 83.504 83.508 83.511 83.516 83.521 83.526 83.531 83.537 83.544 83.55 83.557 83.565 83.573 83.581 83.589 83.598 83.607 83.616 83.626 83.636 83.646 83.656 83.667 83.678 83.689 83.701 83.712 83.724 83.736 83.748 83.761 83.773 83.786 83.799 83.812 83.825 83.838 83.851 83.865 83.878 83.892 83.906 83.92
83.678 83.668 83.658 83.649 83.64 83.631 83.624 83.616 83.609 83.603 83.597 83.592 83.587 83.582 83.578 83.575 83.572 83.569 83.567 83.566 83.565 83.564 83.564 83.564 83.565 83.566 83.568 83.57 83.572 83.575 83.579 83.582 83.587 83.591 83.596 83.602 83.607 83.613 83.62 83.627 83.634 83.642 83.649 83.658 83.666 83.675 83.684 83.693 83.703 83.713 83.723 83.734 83.744 83.755 83.766 83.777 83.789 83.801 83.813 83.825 83.837 83.849 83.862 83.874 83.887 83.9 83.913 83.926 83.94 83.953 83.966 83.98
83.746 83.736 83.727 83.718 83.709 83.701 83.693 83.686 83.679 83.673 83.667 83.662 83.657 83.653 83.649 83.645 83.642 83.64 83.638 83.636 83.635 83.635 83.634 83.635 83.635 83.636 83.638 83.64 83.642 83.645 83.649 83.652 83.656 83.661 83.665 83.671 83.676 83.682 83.689 83.695 83.702 83.709 83.717 83.725 83.733 83.742 83.751 83.76 83.769 83.779 83.789 83.799 83.809 83.82 83.831 83.842 83.853 83.864 83.876 83.888 83.9 83.912 83.924 83.936 83.949 83.961 83.974 83.987 84 84.013 84.026 84.039
83.813 83.803 83.794 83.785 83.777 83.769 83.762 83.755 83.748 83.742 83.736 83.731 83.726 83.722 83.718 83.715 83.712 83.709 83.707 83.706 83.705 83.704 83.704 83.704 83.705 83.706 83.707 83.709 83.712 83.714 83.717 83.721 83.725 83.729 83.734 83.739 83.744 83.75 83.756 83.763 83.769 83.776 83.784 83.792 83.8 83.808 83.816 83.825 83.834 83.844 83.853 83.863 83.873 83.884 83.894 83.905 83.916 83.927 83.938 83.95 83.962 83.973 83.985 83.997 84.009 84.022 84.034 84.047 84.059 84.072 84.085 84.098
83.879 83.869 83.861 83.852 83.844 83.836 83.829 83.822 83.816 83.81 83.804 83.799 83.794 83.79 83.786 83.783 83.78 83.778 83.776 83.774 83.773 83.773 83.772 83.772 83.773 83.774 83.775 83.777 83.78 83.782 83.785 83.789 83.792 83.796 83.801 83.806 83.811 83.817 83.823 83.829 83.835 83.842 83.85 83.857 83.865 83.873 83.881 83.89 83.899 83.908 83.917 83.927 83.937 83.947 83.957 83.967 83.978 83.989 84 84.011 84.022 84.034 84.046 84.057 84.069 84.081 84.093 84.106 84.118 84.13 84.143 84.156
83.944 83.935 83.926 83.917 83.91 83.902 83.895 83.888 83.882 83.876 83.871 83.866 83.861 83.857 83.854 83.85 83.848 83.845 83.843 83.842 83.841 83.84 83.84 83.84 83.84 83.841 83.843 83.844 83.846 83.849 83.852 83.855 83.859 83.863 83.867 83.872 83.877 83.882 83.888 83.894 83.901 83.907 83.914 83.921 83.929 83.937 83.945 83.953 83.962 83.971 83.98 83.989 83.999 84.009 84.019 84.029 84.039 84.05 84.061 84.072 84.083 84.094 84.105 84.117 84.128 84.14 84.152 84.164 84.176 84.188 84.2 84.213
84.007 83.998 83.99 83.982 83.974 83.967 83.96 83.953 83.947 83.942 83.936 83.932 83.927 83.923 83.92 83.916 83.914 83.911 83.909 83.908 83.907 83.906 83.906 83.906 83.906 83.907 83.909 83.91 83.912 83.915 83.918 83.921 83.924 83.928 83.932 83.937 83.942 83.947 83.953 83.958 83.965 83.971 83.978 83.985 83.992 84 84.008 84.016 84.024 84.033 84.042 84.051 84.06 84.07 84.08 84.09 84.1 84.11 84.12 84.131 84.142 84.153 84.164 84.175 84.186 84.198 84.209 84.221 84.233 84.245 84.257 84.269
84.07 84.061 84.053 84.045 84.038 84.031 84.024 84.018 84.012 84.006 84.001 83.996 83.992 83.988 83.985 83.981 83.979 83.976 83.975 83.973 83.972 83.971 83.971 83.971 83.971 83.972 83.974 83.975 83.977 83.979 83.982 83.985 83.989 83.992 83.996 84.001 84.006 84.011 84.016 84.022 84.028 84.034 84.041 84.048 84.055 84.062 84.07 84.078 84.086 84.094 84.103 84.112 84.121 84.13 84.14 84.149 84.159 84.169 84.179 84.19 84.2 84.211 84.222 84.232 84.244 84.255 84.266 84.277 84.289 84.3 84.312 84.324
84.132 84.123 84.115 84.107 84.1 84.093 84.087 84.081 84.075 84.069 84.064 84.06 84.056 84.052 84.048 84.045 84.043 84.04 84.039 84.037 84.036 84.035 84.035 84.035 84.035 84.036 84.037 84.039 84.041 84.043 84.046 84.049 84.052 84.056 84.06 84.064 84.068 84.073 84.079 84.084 84.09 84.096 84.103 84.109 84.116 84.123 84.131 84.138 84.146 84.155 84.163 84.172 84.18 84.189 84.199 84.208 84.218 84.227 84.237 84.247 84.258 84.268 84.278 84.289 84.3 84.311 84.322 84.333 84.344 84.355 84.367 84.378
84.192 84.184 84.176 84.169 84.162 84.155 84.149 84.143 84.137 84.132 84.127 84.122 84.118 84.115 84.111 84.108 84.106 84.103 84.102 84.1 84.099 84.098 84.098 84.098 84.099 84.099 84.1 84.102 84.104 84.106 84.108 84.111 84.114 84.118 84.122 84.126 84.13 84.135 84.14 84.146 84.151 84.157 84.163 84.17 84.177 84.184 84.191 84.198 84.206 84.214 84.222 84.23 84.239 84.248 84.257 84.266 84.275 84.285 84.294 84.304 84.314 84.324 84.335 84.345 84.355 84.366 84.377 84.388 84.399 84.41 84.421 84.432
84.252 84.244 84.236 84.229 84.222 84.215 84.209 84.204 84.198 84.193 84.188 84.184 84.18 84.176 84.173 84.17 84.168 84.165 84.164 84.162 84.161 84.16 84.16 84.16 84.161 84.161 84.162 84.164 84.165 84.168 84.17 84.173 84.176 84.179 84.183 84.187 84.191 84.196 84.201 84.206 84.212 84.217 84.223 84.23 84.236 84.243 84.25 84.257 84.265 84.272 84.28 84.289 84.297 84.305 84.314 84.323 84.332 84.341 84.351 84.36 84.37 84.38 84.39 84.4 84.41 84.421 84.431 84.442 84.452 84.463 84.474 84.485
84.31 84.302 84.295 84.288 84.281 84.275 84.269 84.263 84.258 84.253 84.249 84.244 84.24 84.237 84.234 84.231 84.229 84.226 84.225 84.223 84.222 84.222 84.221 84.221 84.222 84.222 84.223 84.225 84.226 84.228 84.231 84.233 84.236 84.24 84.243 84.247 84.251 84.256 84.261 84.266 84.271 84.276 84.282 84.288 84.295 84.301 84.308 84.315 84.323 84.33 84.338 84.346 84.354 84.362 84.371 84.379 84.388 84.397 84.406 84.416 84.425 84.435 84.444 84.454 84.464 84.474 84.484 84.495 84.505 84.516 84.526 84.537
84.368 84.36 84.353 84.346 84.34 84.334 84.328 84.322 84.317 84.312 84.308 84.304 84.3 84.297 84.294 84.291 84.288 84.286 84.285 84.283 84.282 84.282 84.281 84.281 84.282 84.282 84.283 84.284 84.286 84.288 84.29 84.293 84.296 84.299 84.302 84.306 84.31 84.315 84.319 84.324 84.329 84.335 84.34 84.346 84.353 84.359 84.366 84.372 84.38 84.387 84.394 84.402 84.41 84.418 84.426 84.435 84.443 84.452 84.461 84.47 84.479 84.489 84.498 84.508 84.517 84.527 84.537 84.547 84.557 84.567 84.578 84.588
84.424 84.417 84.41 84.403 84.397 84.391 84.386 84.38 84.375 84.371 84.366 84.362 84.359 84.355 84.352 84.35 84.347 84.345 84.344 84.342 84.341 84.341 84.34 84.34 84.341 84.341 84.342 84.343 84.345 84.347 84.349 84.352 84.354 84.357 84.361 84.364 84.368 84.373 84.377 84.382 84.387 84.392 84.398 84.403 84.409 84.416 84.422 84.429 84.436 84.443 84.45 84.457 84.465 84.473 84.481 84.489 84.498 84.506 84.515 84.524 84.533 84.542 84.551 84.56 84.57 84.579 84.589 84.599 84.608 84.618 84.628 84.639
84.48 84.473 84.466 84.46 84.454 84.448 84.442 84.437 84.432 84.428 84.424 84.42 84.416 84.413 84.41 84.408 84.405 84.403 84.402 84.4 84.399 84.399 84.398 84.398 84.399 84.399 84.4 84.401 84.403 84.405 84.407 84.409 84.412 84.415 84.418 84.422 84.426 84.43 84.434 84.439 84.444 84.449 84.454 84.46 84.465 84.471 84.478 84.484 84.491 84.498 84.505 84.512 84.52 84.527 84.535 84.543 84.551 84.559 84.568 84.576 84.585 84.594 84.603 84.612 84.621 84.63 84.64 84.649 84.659 84.669 84.678 84.688
84.534 84.528 84.521 84.515 84.509 84.504 84.498 84.493 84.489 84.484 84.48 84.476 84.473 84.47 84.467 84.465 84.462 84.46 84.459 84.458 84.457 84.456 84.456 84.456 84.456 84.456 84.457 84.459 84.46 84.462 84.464 84.466 84.469 84.472 84.475 84.478 84.482 84.486 84.49 84.495 84.499 84.504 84.509 84.515 84.521 84.526 84.532 84.539 84.545 84.552 84.559 84.566 84.573 84.581 84.588 84.596 84.604 84.612 84.62 84.628 84.637 84.645 84.654 84.663 84.672 84.681 84.69 84.699 84.709 84.718 84.728 84.737
84.588 84.582 84.575 84.569 84.564 84.558 84.553 84.548 84.544 84.54 84.536 84.532 84.529 84.526 84.523 84.521 84.518 84.517 84.515 84.514 84.513 84.512 84.512 84.512 84.512 84.513 84.514 84.515 84.516 84.518 84.52 84.522 84.525 84.527 84.53 84.534 84.537 84.541 84.545 84.55 84.554 84.559 84.564 84.569 84.575 84.58 84.586 84.592 84.599 84.605 84.612 84.619 84.626 84.633 84.64 84.648 84.656 84.663 84.671 84.68 84.688 84.696 84.705 84.713 84.722 84.731 84.74 84.749 84.758 84.767 84.776 84.785
84.641 84.635 84.629 84.623 84.617 84.612 84.607 84.603 84.598 84.594 84.59 84.587 84.584 84.581 84.578 84.576 84.574 84.572 84.57 84.569 84.568 84.568 84.567 84.567 84.567 84.568 84.569 84.57 84.571 84.573 84.575 84.577 84.58 84.582 84.585 84.588 84.592 84.596 84.6 84.604 84.608 84.613 84.618 84.623 84.628 84.634 84.639 84.645 84.652 84.658 84.664 84.671 84.678 84.685 84.692 84.699 84.707 84.714 84.722 84.73 84.738 84.746 84.754 84.763 84.771 84.78 84.788 84.797 84.806 84.815 84.824 84.833
84.693 84.687 84.681 84.675 84.67 84.665 84.66 84.656 84.652 84.648 84.644 84.641 84.637 84.635 84.632 84.63 84.628 84.626 84.625 84.623 84.623 84.622 84.622 84.622 84.622 84.622 84.623 84.624 84.626 84.627 84.629 84.631 84.634 84.636 84.639 84.642 84.646 84.649 84.653 84.657 84.661 84.666 84.671 84.676 84.681 84.686 84.692 84.698 84.703 84.71 84.716 84.722 84.729 84.736 84.743 84.75 84.757 84.764 84.772 84.78 84.787 84.795 84.803 84.811 84.82 84.828 84.836 84.845 84.853 84.862 84.871 84.88
84.744 84.738 84.732 84.727 84.722 84.717 84.713 84.708 84.704 84.7 84.697 84.694 84.691 84.688 84.685 84.683 84.681 84.68 84.678 84.677 84.676 84.676 84.675 84.675 84.676 84.676 84.677 84.678 84.679 84.681 84.682 84.685 84.687 84.689 84.692 84.695 84.698 84.702 84.706 84.71 84.714 84.718 84.723 84.728 84.733 84.738 84.743 84.749 84.755 84.761 84.767 84.773 84.779 84.786 84.793 84.8 84.807 84.814 84.821 84.829 84.836 84.844 84.852 84.859 84.867 84.875 84.884 84.892 84.9 84.909 84.917 84.926
84.794 84.788 84.783 84.778 84.773 84.768 84.764 84.76 84.756 84.752 84.749 84.746 84.743 84.74 84.738 84.736 84.734 84.732 84.731 84.73 84.729 84.728 84.728 84.728 84.728 84.729 84.729 84.73 84.732 84.733 84.735 84.737 84.739 84.742 84.744 84.747 84.751 84.754 84.758 84.761 84.765 84.77 84.774 84.779 84.784 84.789 84.794 84.799 84.805 84.811 84.817 84.823 84.829 84.835 84.842 84.849 84.855 84.862 84.869 84.877 84.884 84.891 84.899 84.907 84.914 84.922 84.93 84.938 84.946 84.954 84.963 84.971
84.843 84.838 84.833 84.828 84.823 84.819 84.814 84.81 84.807 84.803 84.8 84.797 84.794 84.791 84.789 84.787 84.785 84.784 84.782 84.781 84.781 84.78 84.78 84.78 84.78 84.781 84.781 84.782 84.783 84.785 84.787 84.789 84.791 84.793 84.796 84.799 84.802 84.805 84.809 84.812 84.816 84.82 84.825 84.829 84.834 84.839 84.844 84.849 84.854 84.86 84.866 84.872 84.878 84.884 84.89 84.897 84.903 84.91 84.917 84.924 84.931 84.938 84.946 84.953 84.961 84.968 84.976 84.984 84.992 85 85.008 85.016
84.892 84.887 84.882 84.877 84.872 84.868 84.864 84.86 84.857 84.853 84.85 84.847 84.844 84.842 84.84 84.838 84.836 84.835 84.833 84.832 84.832 84.831 84.831 84.831 84.831 84.832 84.832 84.833 84.834 84.836 84.837 84.839 84.841 84.844 84.846 84.849 84.852 84.855 84.859 84.862 84.866 84.87 84.874 84.879 84.883 84.888 84.893 84.898 84.903 84.909 84.914 84.92 84.926 84.932 84.938 84.944 84.951 84.957 84.964 84.971 84.978 84.985 84.992 84.999 85.006 85.014 85.021 85.029 85.036 85.044 85.052 85.059
84.94 84.935 84.93 84.925 84.921 84.917 84.913 84.909 84.906 84.902 84.899 84.897 84.894 84.892 84.89 84.888 84.886 84.885 84.883 84.882 84.882 84.881 84.881 84.881 84.881 84.882 84.882 84.883 84.884 84.886 84.887 84.889 84.891 84.894 84.896 84.899 84.902 84.905 84.908 84.912 84.915 84.919 84.923 84.927 84.932 84.936 84.941 84.946 84.951 84.957 84.962 84.968 84.973 84.979 84.985 84.991 84.997 85.004 85.01 85.017 85.023 85.03 85.037 85.044 85.051 85.058 85.066 85.073 85.08 85.088 85.095 85.103
