raw_data/humedad_relativa/hora9/rh9mar.txt
ncols         501
nrows         361
xllcorner     109.95
yllcorner     -45.05
cellsize      0.1
NODATA_value  -9999
[rows 192 to 223 of 361, columns 0 to 71 of 501]
61.553 61.399 61.242 61.083 60.921 60.756 60.589 60.418 60.244 60.067 59.887 59.704 59.517 59.327 59.133 58.936 58.736 58.532 58.324 58.112 57.897 57.677 57.454 57.227 56.996 56.76 56.521 56.278 56.03 55.779 55.523 55.264 55 54.733 54.462 54.187 53.908 53.626 53.341 53.053 52.762 52.468 52.172 52.291 52.181 52.806 52.64 52.314 52.073 51.771 51.436 51.253 50.77 50.36 50.102 49.623 49.484 49.259 48.971 48.785 48.643 48.49 48.323 48.136 47.777 47.446 47.139 47.06 46.888 46.629 46.637 46.503
61.607 61.454 61.299 61.14 60.979 60.815 60.649 60.479 60.306 60.13 59.951 59.769 59.584 59.395 59.202 59.007 58.807 58.605 58.398 58.188 57.974 57.756 57.535 57.309 57.08 56.847 56.609 56.368 56.123 55.874 55.621 55.364 55.103 54.838 54.57 54.298 54.022 53.743 53.461 53.176 52.888 52.598 52.305 52.01 52.151 52.361 52.191 52.292 52.252 51.878 51.551 51.452 50.915 50.568 50.156 49.973 49.925 49.857 49.261 49.35 48.775 48.691 48.548 48.255 47.878 47.509 47.239 47.07 47.169 46.652 46.435 46.208
61.664 61.512 61.358 61.201 61.041 60.878 60.712 60.544 60.372 60.197 60.02 59.839 59.654 59.467 59.276 59.082 58.884 58.682 58.477 58.269 58.057 57.841 57.621 57.397 57.17 56.939 56.703 56.464 56.221 55.975 55.724 55.47 55.211 54.949 54.684 54.415 54.142 53.866 53.588 53.306 53.021 52.734 52.444 52.153 51.86 51.97 52.374 52.176 52.116 52.003 51.712 51.344 51.123 50.481 50.269 50.211 50.189 50.099 49.867 49.295 49.062 48.896 48.886 48.617 48.006 47.672 47.509 47.275 47.099 46.729 46.685 46.392
61.725 61.574 61.421 61.265 61.106 60.944 60.78 60.612 60.442 60.268 60.092 59.912 59.729 59.543 59.354 59.161 58.965 58.765 58.561 58.355 58.144 57.93 57.712 57.49 57.265 57.036 56.803 56.566 56.326 56.081 55.833 55.581 55.326 55.067 54.804 54.538 54.269 53.996 53.72 53.442 53.16 52.876 52.59 52.302 52.012 51.722 52.053 52.577 51.807 52.03 51.801 51.507 50.802 50.748 50.745 50.423 50.402 50.147 50.07 49.7 49.46 49.363 49.111 48.761 48.128 47.938 47.76 47.856 47.284 46.966 47.029 46.753
61.788 61.639 61.487 61.332 61.174 61.014 60.85 60.684 60.515 60.343 60.168 59.99 59.808 59.624 59.436 59.244 59.05 58.852 58.65 58.445 58.237 58.024 57.808 57.589 57.366 57.139 56.908 56.674 56.436 56.194 55.948 55.699 55.447 55.19 54.931 54.668 54.401 54.132 53.859 53.584 53.306 53.025 52.743 52.458 52.171 51.883 51.931 51.962 52.256 51.77 51.968 51.178 51.42 50.723 50.646 50.842 50.801 50.306 50.373 50.08 49.828 49.596 49.128 48.775 48.339 48.442 47.819 47.667 47.605 47.407 47.075 47.045
61.855 61.707 61.556 61.402 61.246 61.087 60.925 60.76 60.592 60.422 60.248 60.071 59.891 59.708 59.522 59.333 59.14 58.943 58.744 58.54 58.334 58.124 57.91 57.692 57.471 57.247 57.019 56.787 56.551 56.312 56.069 55.823 55.573 55.32 55.063 54.803 54.54 54.274 54.005 53.733 53.458 53.181 52.902 52.62 52.337 52.052 51.766 52.153 51.914 52.429 51.903 51.698 51.717 51.522 50.819 50.699 50.649 50.431 50.286 50.197 50.007 49.818 49.746 48.991 48.477 48.68 48.209 47.97 47.713 47.68 47.424 47.267
61.925 61.778 61.628 61.476 61.321 61.163 61.003 60.84 60.673 60.504 60.332 60.157 59.979 59.797 59.613 59.425 59.234 59.04 58.842 58.641 58.436 58.228 58.016 57.801 57.582 57.36 57.134 56.905 56.672 56.436 56.196 55.952 55.706 55.455 55.202 54.945 54.685 54.422 54.157 53.888 53.617 53.343 53.067 52.789 52.509 52.228 52.044 51.875 52.017 52.274 52.317 51.663 51.817 51.855 51.139 51.052 51.107 50.736 50.801 50.534 50.102 49.79 49.439 49.1 48.789 49.128 48.745 48.482 48.043 48.075 47.629 47.281
61.998 61.852 61.704 61.553 61.4 61.243 61.084 60.923 60.758 60.59 60.42 60.247 60.07 59.89 59.708 59.522 59.333 59.14 58.944 58.745 58.543 58.337 58.128 57.915 57.699 57.479 57.256 57.029 56.799 56.565 56.328 56.088 55.844 55.597 55.347 55.093 54.837 54.577 54.315 54.05 53.782 53.512 53.24 52.965 52.689 52.412 52.134 52.028 51.802 52.61 52.21 52.239 52 51.899 51.625 51.388 50.961 51.049 50.883 50.879 50.219 50.059 49.889 49.325 48.923 49.085 48.963 48.783 48.521 48.377 47.934 47.394
62.074 61.93 61.783 61.634 61.482 61.327 61.169 61.009 60.846 60.68 60.512 60.34 60.165 59.988 59.807 59.623 59.436 59.245 59.052 58.855 58.654 58.451 58.244 58.034 57.82 57.603 57.382 57.158 56.931 56.7 56.466 56.229 55.988 55.744 55.497 55.247 54.994 54.738 54.479 54.218 53.954 53.687 53.419 53.149 52.877 52.604 52.331 52.059 51.896 51.752 52.599 52.384 52.33 52.044 51.476 51.199 51.297 51.361 50.999 50.609 50.55 50.298 50.023 49.594 49.172 49.42 49.058 48.986 48.907 48.812 48.302 47.713
62.153 62.01 61.865 61.717 61.567 61.414 61.258 61.099 60.938 60.774 60.607 60.437 60.264 60.089 59.91 59.728 59.543 59.355 59.163 58.969 58.771 58.57 58.365 58.157 57.946 57.732 57.514 57.293 57.068 56.84 56.609 56.375 56.138 55.897 55.653 55.407 55.157 54.905 54.649 54.392 54.131 53.869 53.605 53.338 53.071 52.802 52.534 52.265 51.998 51.859 51.887 52.226 52.313 52.275 51.347 51.216 51.17 51.388 51.443 50.891 50.631 50.494 50.268 49.895 49.424 49.325 49.302 49.248 48.984 49.124 48.818 49.563
62.235 62.094 61.95 61.804 61.655 61.504 61.35 61.193 61.034 60.871 60.706 60.538 60.368 60.194 60.017 59.837 59.654 59.468 59.279 59.087 58.892 58.693 58.491 58.286 58.077 57.866 57.651 57.432 57.211 56.986 56.758 56.527 56.293 56.056 55.815 55.572 55.326 55.077 54.826 54.572 54.316 54.057 53.797 53.535 53.271 53.007 52.742 52.478 52.214 51.951 51.909 52.016 52.119 51.647 51.579 51.442 51.268 51.552 51.908 51.14 50.936 50.516 51.335 50.048 49.913 49.649 49.496 49.34 49.097 49.195 49.269 48.322
62.32 62.181 62.039 61.894 61.747 61.597 61.445 61.29 61.133 60.972 60.809 60.643 60.475 60.303 60.128 59.951 59.77 59.587 59.4 59.21 59.017 58.821 58.622 58.419 58.213 58.004 57.792 57.577 57.359 57.137 56.912 56.684 56.454 56.22 55.983 55.743 55.501 55.256 55.008 54.758 54.506 54.251 53.995 53.737 53.477 53.217 52.956 52.696 52.435 52.175 52.167 52.021 51.986 52.075 52.685 52.413 51.904 51.794 51.91 51.488 50.997 50.885 50.781 50.585 50.282 49.89 49.605 49.565 49.311 49.179 48.874 48.408
62.408 62.27 62.13 61.987 61.842 61.694 61.544 61.391 61.235 61.077 60.916 60.752 60.585 60.416 60.244 60.068 59.89 59.709 59.525 59.337 59.147 58.953 58.757 58.557 58.354 58.148 57.939 57.727 57.511 57.293 57.072 56.847 56.62 56.389 56.156 55.92 55.681 55.44 55.196 54.95 54.702 54.451 54.199 53.945 53.69 53.434 53.177 52.919 52.662 52.405 52.168 52.169 52.526 52.893 52.763 52.78 52.334 52.023 51.841 51.598 51.553 51.5 51.174 50.758 50.557 50.128 50.22 49.659 49.401 49.156 49.083 48.922
62.499 62.363 62.224 62.083 61.94 61.794 61.645 61.495 61.341 61.185 61.026 60.864 60.7 60.533 60.363 60.19 60.014 59.835 59.653 59.469 59.281 59.09 58.896 58.7 58.5 58.297 58.091 57.881 57.669 57.454 57.236 57.015 56.791 56.564 56.335 56.102 55.867 55.63 55.39 55.148 54.903 54.657 54.409 54.159 53.908 53.656 53.403 53.149 52.895 52.641 52.404 52.393 52.512 52.887 52.643 52.795 52.479 52.425 52.045 51.909 51.864 51.737 51.462 51.263 50.743 50.697 50.432 49.89 49.734 49.446 49.495 49.48
62.593 62.458 62.322 62.182 62.041 61.897 61.751 61.602 61.45 61.296 61.139 60.98 60.818 60.653 60.485 60.315 60.142 59.966 59.787 59.604 59.42 59.232 59.041 58.847 58.65 58.45 58.247 58.041 57.832 57.62 57.406 57.188 56.967 56.744 56.518 56.29 56.059 55.825 55.589 55.351 55.111 54.869 54.625 54.379 54.133 53.884 53.635 53.385 53.134 52.884 52.746 52.589 52.533 52.669 52.717 52.919 53.055 52.835 52.352 52.298 52.02 51.827 51.806 51.58 51.216 51.162 50.872 50.488 50.107 50.05 49.745 49.643
62.689 62.557 62.422 62.285 62.145 62.003 61.859 61.712 61.563 61.411 61.256 61.099 60.94 60.777 60.612 60.444 60.274 60.1 59.924 59.744 59.562 59.377 59.189 58.998 58.804 58.608 58.408 58.205 58 57.791 57.58 57.366 57.149 56.929 56.707 56.483 56.255 56.026 55.794 55.56 55.324 55.086 54.847 54.605 54.363 54.119 53.874 53.628 53.381 53.134 53.104 52.872 52.724 53.162 53.31 53.398 53.412 53.13 52.58 52.571 52.493 52.502 52.202 51.645 51.45 51.321 51.283 50.708 50.487 50.412 50.278 50.197
62.788 62.658 62.525 62.39 62.252 62.112 61.97 61.826 61.679 61.529 61.377 61.222 61.065 60.905 60.743 60.577 60.409 60.238 60.065 59.888 59.709 59.527 59.342 59.154 58.963 58.77 58.573 58.374 58.172 57.967 57.759 57.549 57.336 57.12 56.901 56.68 56.457 56.232 56.004 55.774 55.542 55.309 55.074 54.837 54.599 54.36 54.119 53.878 53.636 53.393 53.164 53.189 53.057 53.344 53.847 53.869 53.629 53.413 53 52.707 52.687 52.555 52.27 51.905 51.815 51.676 51.8 51.055 50.671 50.567 50.61 50.495
62.89 62.761 62.631 62.498 62.362 62.225 62.085 61.942 61.798 61.65 61.501 61.349 61.194 61.036 60.876 60.714 60.549 60.381 60.21 60.036 59.86 59.681 59.499 59.314 59.127 58.937 58.743 58.547 58.349 58.147 57.943 57.736 57.527 57.315 57.1 56.883 56.664 56.443 56.219 55.993 55.766 55.537 55.306 55.074 54.841 54.606 54.371 54.135 53.898 53.661 53.458 53.84 53.235 53.619 53.837 53.795 53.735 53.655 53.253 52.938 52.801 52.845 52.413 52.439 52.235 52.156 51.866 51.518 50.972 50.867 50.735 50.559
62.995 62.868 62.739 62.608 62.475 62.34 62.202 62.062 61.92 61.775 61.628 61.478 61.326 61.171 61.014 60.854 60.692 60.526 60.359 60.188 60.015 59.839 59.66 59.479 59.295 59.108 58.918 58.725 58.53 58.332 58.132 57.929 57.723 57.515 57.304 57.091 56.876 56.658 56.439 56.218 55.994 55.77 55.544 55.316 55.088 54.858 54.628 54.398 54.167 53.937 53.725 53.843 54.217 54.53 54.024 54.688 54.323 54.089 53.592 53.274 53.248 53.216 52.817 52.834 52.769 52.331 52.296 51.928 51.374 51.192 50.922 50.731
63.102 62.977 62.85 62.722 62.591 62.458 62.322 62.185 62.045 61.903 61.758 61.611 61.461 61.309 61.155 60.998 60.838 60.676 60.511 60.344 60.174 60.001 59.825 59.647 59.466 59.283 59.096 58.908 58.716 58.522 58.325 58.125 57.924 57.719 57.512 57.303 57.092 56.879 56.664 56.447 56.228 56.008 55.786 55.563 55.34 55.115 54.891 54.666 54.442 54.219 54.078 54.378 55.055 54.285 55.025 54.81 54.822 54.215 54.059 53.592 53.637 53.745 53.306 53.16 53.047 52.668 52.463 52.293 51.887 51.56 51.234 51.168
63.211 63.089 62.964 62.838 62.709 62.579 62.446 62.31 62.173 62.033 61.891 61.747 61.6 61.451 61.299 61.145 60.988 60.829 60.667 60.503 60.336 60.167 59.994 59.82 59.642 59.462 59.279 59.094 58.906 58.715 58.522 58.327 58.129 57.928 57.725 57.52 57.313 57.104 56.893 56.68 56.466 56.25 56.033 55.815 55.596 55.377 55.158 54.939 54.721 54.505 54.292 54.794 55.468 54.608 54.913 54.799 55.101 54.809 54.441 53.955 53.884 54.069 53.801 53.688 53.383 52.874 52.801 52.63 52.393 52.261 51.815 51.343
63.323 63.203 63.081 62.957 62.83 62.702 62.572 62.439 62.304 62.167 62.028 61.886 61.742 61.596 61.447 61.296 61.142 60.986 60.827 60.666 60.502 60.336 60.167 59.996 59.822 59.645 59.466 59.284 59.1 58.913 58.724 58.532 58.338 58.142 57.943 57.742 57.539 57.334 57.127 56.918 56.708 56.497 56.284 56.071 55.857 55.643 55.429 55.216 55.004 54.794 54.587 54.585 54.535 54.474 54.6 55.03 55.461 55.295 54.742 54.369 54.445 54.232 54.092 53.925 53.716 53.188 53.136 52.881 52.506 52.374 52.1 51.762
63.437 63.32 63.2 63.078 62.954 62.828 62.7 62.57 62.438 62.304 62.167 62.028 61.887 61.744 61.598 61.45 61.299 61.146 60.991 60.833 60.672 60.509 60.344 60.176 60.006 59.833 59.657 59.479 59.299 59.116 58.93 58.742 58.552 58.359 58.164 57.967 57.768 57.567 57.365 57.16 56.954 56.747 56.539 56.33 56.121 55.912 55.703 55.495 55.288 55.084 54.883 54.932 55.208 55.632 55.893 55.404 55.454 55.49 54.98 54.81 54.499 54.475 54.363 54.034 53.725 53.502 53.519 53.047 52.863 52.824 52.644 52.277
63.554 63.439 63.321 63.202 63.08 62.957 62.832 62.704 62.575 62.443 62.309 62.173 62.035 61.894 61.752 61.607 61.459 61.309 61.157 61.003 60.846 60.686 60.524 60.36 60.193 60.024 59.852 59.678 59.501 59.322 59.14 58.956 58.77 58.581 58.39 58.197 58.002 57.806 57.607 57.407 57.205 57.002 56.798 56.593 56.388 56.184 55.979 55.776 55.574 55.375 55.179 55.082 55.186 55.117 55.917 55.547 55.603 55.924 55.255 55.119 54.762 54.821 54.498 54.23 54.078 54.172 53.648 53.249 53.251 53.108 53.188 52.589
63.673 63.56 63.445 63.328 63.209 63.088 62.966 62.841 62.714 62.585 62.454 62.321 62.186 62.048 61.909 61.767 61.623 61.476 61.327 61.176 61.022 60.867 60.708 60.547 60.384 60.219 60.05 59.88 59.707 59.532 59.354 59.174 58.992 58.807 58.62 58.431 58.24 58.048 57.853 57.657 57.459 57.26 57.06 56.86 56.659 56.458 56.258 56.058 55.861 55.665 55.473 55.285 55.605 55.289 55.375 55.538 56.222 55.728 55.403 55.492 55.128 54.984 54.868 54.698 54.559 54.313 53.916 53.798 53.538 53.196 53.156 53.362
63.794 63.683 63.571 63.456 63.34 63.222 63.102 62.98 62.856 62.73 62.602 62.472 62.34 62.205 62.069 61.93 61.789 61.646 61.5 61.353 61.203 61.05 60.895 60.738 60.579 60.417 60.253 60.086 59.917 59.746 59.572 59.396 59.218 59.037 58.854 58.669 58.482 58.294 58.103 57.911 57.717 57.522 57.326 57.129 56.932 56.735 56.538 56.342 56.148 55.955 55.766 55.58 56.036 55.658 55.415 55.868 55.741 55.847 56.048 55.831 55.382 55.337 55.408 55.234 54.861 54.641 54.139 54.154 53.686 53.51 53.297 53.38
63.917 63.809 63.699 63.587 63.474 63.358 63.241 63.121 63 62.877 62.752 62.625 62.496 62.365 62.231 62.096 61.958 61.819 61.677 61.532 61.386 61.237 61.086 60.933 60.777 60.619 60.459 60.296 60.131 59.963 59.794 59.622 59.447 59.271 59.092 58.911 58.728 58.544 58.357 58.169 57.979 57.788 57.595 57.402 57.208 57.014 56.821 56.628 56.436 56.245 56.057 55.872 55.758 56.039 55.785 55.718 55.721 55.789 56.003 55.824 55.577 55.996 55.974 55.195 55.045 54.725 54.875 54.397 54.182 53.863 53.957 53.747
64.043 63.937 63.829 63.72 63.609 63.496 63.382 63.265 63.147 63.027 62.905 62.781 62.655 62.527 62.397 62.265 62.131 61.994 61.856 61.715 61.572 61.427 61.28 61.13 60.979 60.824 60.668 60.509 60.348 60.185 60.019 59.851 59.681 59.508 59.334 59.157 58.978 58.797 58.615 58.43 58.244 58.057 57.868 57.678 57.487 57.296 57.105 56.914 56.724 56.535 56.348 56.163 55.98 56.338 56.36 55.918 56.059 56.402 55.821 56.223 55.812 56.191 55.577 55.36 55.245 55.208 54.913 54.658 54.707 54.442 54.124 54.22
64.17 64.067 63.962 63.855 63.747 63.637 63.525 63.412 63.296 63.179 63.06 62.939 62.817 62.692 62.565 62.436 62.306 62.173 62.038 61.901 61.762 61.62 61.477 61.331 61.183 61.033 60.881 60.726 60.569 60.41 60.248 60.084 59.918 59.75 59.579 59.407 59.232 59.055 58.876 58.695 58.513 58.329 58.144 57.957 57.769 57.581 57.392 57.203 57.014 56.826 56.639 56.453 56.268 56.086 56.774 56.271 56.032 55.922 56.214 56.098 55.908 56.12 55.644 55.665 55.503 55.605 55.267 54.668 54.904 54.591 54.66 54.113
64.299 64.198 64.096 63.992 63.887 63.779 63.671 63.56 63.448 63.334 63.218 63.1 62.981 62.859 62.736 62.611 62.483 62.354 62.223 62.09 61.954 61.817 61.677 61.535 61.391 61.245 61.097 60.946 60.793 60.638 60.481 60.321 60.159 59.995 59.828 59.66 59.489 59.316 59.141 58.965 58.786 58.605 58.423 58.24 58.055 57.869 57.682 57.494 57.306 57.118 56.93 56.743 56.556 56.37 56.312 56.3 56.176 56.121 56.436 56.233 56.11 56.505 56.546 56.39 56.079 55.653 55.481 54.872 55.139 54.909 54.639 54.734
64.43 64.332 64.232 64.131 64.028 63.924 63.818 63.711 63.601 63.49 63.378 63.263 63.147 63.029 62.909 62.787 62.664 62.538 62.41 62.281 62.149 62.016 61.88 61.742 61.602 61.46 61.316 61.169 61.021 60.87 60.717 60.561 60.403 60.244 60.081 59.917 59.75 59.581 59.41 59.237 59.062 58.885 58.706 58.526 58.344 58.16 57.975 57.788 57.601 57.413 57.224 57.035 56.845 56.655 56.465 56.632 56.719 56.229 56.059 56.993 56.531 56.597 57.135 56.554 56.259 56.12 55.619 55.239 55.245 55.085 54.963 54.708
64.563 64.467 64.37 64.272 64.172 64.071 63.968 63.863 63.757 63.649 63.54 63.428 63.316 63.201 63.084 62.966 62.846 62.724 62.6 62.475 62.347 62.217 62.086 61.952 61.816 61.678 61.538 61.396 61.251 61.105 60.956 60.805 60.651 60.496 60.338 60.178 60.015 59.85 59.683 59.514 59.343 59.169 58.994 58.816 58.636 58.455 58.272 58.086 57.9 57.711 57.521 57.33 57.137 56.943 56.748 56.836 56.539 56.396 56.286 56.772 56.847 56.357 56.448 57.662 56.683 55.916 56.043 55.766 55.435 55.515 55.121 55.045
