raw_data/humedad_relativa/hora9/rh9mar.txt
ncols         501
nrows         361
xllcorner     109.95
yllcorner     -45.05
cellsize      0.1
NODATA_value  -9999
[rows 160 to 191 of 361, columns 288 to 359 of 501]
38.833 39.043 39.252 39.363 39.503 39.644 39.794 39.846 40.039 40.111 40.072 40.093 40.165 40.247 40.334 40.416 40.509 40.579 40.649 40.745 40.864 41.022 41.235 41.369 41.443 41.377 41.469 41.646 41.772 41.916 42.161 42.366 42.763 42.739 42.671 42.636 42.795 43.033 43.119 43.116 43.229 43.309 43.514 43.702 44.026 44.313 44.536 44.763 44.949 45.05 45.368 45.748 46.032 46.393 47.307 47.484 47.76 48.218 48.822 49.147 49.419 49.762 49.947 50.48 50.693 50.656 51.164 51.659 52.002 52.676 53.32 53.685
38.756 39 39.149 39.301 39.515 39.68 39.742 39.803 39.838 39.83 39.862 39.935 40.014 40.079 40.155 40.237 40.336 40.391 40.45 40.519 40.623 40.774 40.952 41.123 41.128 41.138 41.238 41.378 41.567 41.772 42.018 42.221 42.41 42.354 42.308 42.34 42.458 42.695 42.826 42.838 42.937 43.07 43.257 43.504 43.713 43.965 44.146 44.365 44.63 44.882 45.191 45.587 46.086 46.262 46.609 47.019 47.487 48.032 48.532 48.553 49.084 49.229 49.503 49.963 50.141 50.538 50.952 51.491 51.693 52.628 52.853 53.537
38.647 38.956 39.063 39.125 39.377 39.498 39.578 39.611 39.714 39.676 39.74 39.859 39.935 39.948 39.983 40.058 40.123 40.213 40.259 40.321 40.414 40.522 40.652 40.856 40.822 40.913 41.026 41.252 41.597 41.543 41.777 42.043 41.959 41.977 42.001 42.06 42.168 42.387 42.559 42.55 42.684 42.844 43.055 43.27 43.481 43.698 43.949 44.217 44.476 44.749 44.991 45.372 45.836 46.1 46.451 47.218 47.381 47.882 48.1 48.31 48.818 48.808 49.41 49.71 49.946 50.415 50.92 51.253 51.347 52.186 52.708 53.032
38.61 38.846 38.937 39.051 39.1 39.278 39.444 39.45 39.5 39.611 39.729 39.791 39.835 39.821 39.815 39.87 39.94 40.01 40.073 40.136 40.217 40.318 40.442 40.605 40.588 40.692 40.836 41.001 41.195 41.26 41.644 41.992 41.685 41.685 41.704 41.819 41.926 42.059 42.228 42.343 42.464 42.648 42.857 43.071 43.294 43.594 43.862 44.25 44.521 44.804 44.875 45.151 45.452 45.972 46.421 46.894 47.076 47.452 47.676 47.939 48.426 48.467 49.196 49.171 49.574 50.09 50.659 51.197 51.427 51.541 52.141 52.85
38.514 38.697 38.807 38.998 39.073 39.096 39.279 39.357 39.417 39.482 39.493 39.61 39.6 39.595 39.637 39.718 39.757 39.83 39.891 39.952 40.031 40.134 40.229 40.302 40.383 40.503 40.664 40.809 40.917 41.123 41.82 41.438 41.451 41.414 41.469 41.585 41.689 41.799 41.929 42.104 42.249 42.441 42.629 42.854 43.091 43.45 43.865 44.112 44.524 45.137 44.817 45.066 45.293 45.96 46.191 46.457 46.823 47.148 47.482 47.634 48.09 48.144 48.538 48.888 49.215 49.665 50.143 50.806 51.127 50.984 51.767 52.269
38.346 38.589 38.723 38.975 38.992 39.109 39.079 39.159 39.29 39.357 39.275 39.341 39.378 39.421 39.472 39.529 39.596 39.661 39.713 39.778 39.842 40.371 40.04 40.132 40.263 40.443 40.755 41.58 40.794 40.956 41.146 41.163 41.448 41.239 41.264 41.378 41.49 41.62 41.753 41.889 42.068 42.264 42.472 42.685 42.943 43.231 43.646 43.873 44.234 44.775 44.911 45.012 45.162 45.398 45.806 46.138 46.549 46.774 46.991 47.428 47.728 47.851 48.297 48.755 49.216 49.851 50.095 50.548 50.6 50.633 51.385 51.89
38.199 38.487 38.552 38.728 38.878 39.003 39.072 39.022 39.102 39.108 39.139 39.173 39.219 39.263 39.307 39.369 39.447 39.474 39.515 39.583 39.722 40.07 40.046 40.025 40.117 40.321 40.562 40.575 40.851 40.81 40.816 41.033 41.374 41.069 41.081 41.193 41.32 41.448 41.58 41.719 41.889 42.076 42.373 42.55 42.81 43.069 43.425 43.919 44.127 44.423 44.798 44.983 45.045 45.299 45.549 45.902 46.272 46.51 46.769 47.173 47.322 47.651 48.135 48.633 49.112 49.714 50.031 50.141 50.339 50.47 51.277 51.557
38.093 38.288 38.447 38.554 38.766 38.996 38.915 38.902 38.939 38.978 39.006 39.073 39.166 39.237 39.193 39.201 39.25 39.32 39.368 39.463 39.651 39.998 40.014 39.995 40.099 40.185 40.417 40.322 40.524 40.663 40.578 40.697 40.81 40.808 40.914 41.034 41.158 41.279 41.413 41.576 41.785 41.985 42.112 42.373 42.638 42.931 43.244 43.593 43.858 44.198 44.374 44.628 45.045 45.238 45.549 45.791 45.873 46.257 46.503 46.765 46.993 47.441 48.025 48.305 48.887 49.115 49.505 49.829 49.656 50.25 50.74 51.112
37.976 38.119 38.286 38.438 38.711 38.762 38.873 38.782 38.862 38.91 38.881 39.099 39.073 39.147 39.102 39.113 39.149 39.223 39.309 39.352 39.453 39.76 39.735 39.895 39.992 40.079 40.217 40.21 40.344 40.481 40.392 40.425 40.53 40.651 40.756 40.88 40.997 41.115 41.262 41.429 41.711 41.889 41.99 42.229 42.561 42.987 43.096 43.34 43.607 43.877 44.2 44.407 44.888 45.012 45.412 45.679 45.723 45.893 46.287 46.44 46.765 47.218 47.599 48.082 48.517 48.716 48.998 49.255 49.427 49.885 50.196 50.504
37.867 37.977 38.112 38.296 38.485 38.599 38.656 38.712 38.795 38.805 38.826 38.794 38.9 38.954 38.921 39.05 39.051 39.062 39.319 39.353 39.282 39.354 39.527 39.678 39.861 40.033 40.214 40.137 40.154 40.413 40.251 40.265 40.369 40.492 40.607 40.72 40.838 40.967 41.156 41.359 41.581 41.798 42.018 42.063 42.396 42.783 42.958 43.082 43.344 43.575 43.872 44.153 44.644 44.822 44.969 45.198 45.432 45.634 45.903 46.363 46.657 46.963 47.511 47.826 48.202 48.402 48.662 48.921 49.173 49.607 49.776 50.02
37.796 37.862 38.072 38.277 38.345 38.42 38.487 38.542 38.643 38.723 38.617 38.845 38.645 38.775 38.814 38.957 39.035 39.033 39.23 39.357 39.158 39.213 39.346 39.48 39.846 39.849 39.755 39.903 39.896 39.969 40.013 40.153 40.238 40.353 40.459 40.558 41.179 41.079 41.195 41.39 41.489 41.711 41.889 41.937 42.28 42.672 42.827 42.919 43.142 43.352 43.68 44.056 44.604 44.648 44.759 44.931 45.186 45.589 46.109 46.176 46.407 46.829 47.562 47.819 47.966 48.142 48.383 48.667 48.792 49.276 49.507 49.655
37.668 37.78 37.885 38.004 38.124 38.231 38.276 38.316 38.588 38.434 38.347 38.368 38.482 38.578 38.586 38.667 38.734 38.828 38.982 39.384 39.142 39.126 39.18 39.343 39.769 39.682 39.569 39.642 39.699 39.817 39.877 39.978 40.082 40.202 40.317 40.425 40.826 41.236 41.473 41.564 41.81 41.635 41.717 41.858 42.182 42.465 42.586 42.804 42.936 43.205 43.54 43.863 44.211 44.496 44.721 44.777 45.083 45.579 45.705 45.957 46.28 46.693 47.311 47.743 47.829 47.943 48.157 48.307 48.547 48.845 49.415 49.391
37.577 37.663 37.759 37.842 37.955 38.043 38.104 38.119 38.169 38.276 38.163 38.283 38.47 38.449 38.419 38.438 38.583 38.898 39.1 39.777 39.082 39.28 39.079 39.459 39.484 39.294 39.356 39.409 39.535 39.625 39.726 39.845 39.957 40.053 40.172 40.353 40.859 41.336 41.259 41.878 41.486 41.705 41.656 41.746 42.006 42.262 42.363 42.571 42.772 43.012 43.404 43.858 44.38 44.277 44.418 44.629 44.84 45.453 45.631 45.818 46.183 46.484 47.02 47.426 47.399 47.86 47.987 48.093 48.291 48.497 48.719 48.897
37.433 37.528 37.622 37.701 37.789 37.854 37.917 37.953 38.033 37.987 38.284 38.22 38.221 38.279 38.263 38.373 38.516 38.752 39.23 39.229 39.435 39.029 39.06 39.357 39.139 39.146 39.194 39.274 39.493 39.486 39.601 39.757 39.822 39.923 40.077 40.319 40.689 40.891 40.995 41.774 41.664 42.172 41.75 41.684 41.825 42.12 42.204 42.413 42.625 43 43.287 43.661 44.051 44.164 44.16 44.403 44.85 45.207 45.491 45.665 46.038 46.333 46.721 47.159 47.148 47.577 47.87 48.083 48.14 48.556 48.478 48.596
37.334 37.424 37.478 37.56 37.655 37.688 37.76 37.809 37.947 37.852 37.932 37.983 38.051 38.073 38.04 38.139 38.338 38.7 38.777 39.049 39.255 39.719 39.223 39.116 39.13 39.006 39.046 39.151 39.56 39.357 39.471 39.596 39.708 39.828 39.958 40.216 40.536 40.716 40.965 41.857 41.913 41.535 41.604 41.686 41.747 41.904 42.099 42.302 42.54 42.809 43.095 43.37 43.948 44.049 44.24 44.196 44.877 45.019 45.219 45.454 45.973 46.397 46.366 46.777 46.955 47.209 47.715 47.835 48.121 48.257 48.292 48.433
37.252 37.286 37.355 37.428 37.481 37.526 37.594 37.697 37.707 37.695 37.759 37.897 37.906 37.876 37.88 37.958 38.075 38.222 38.391 38.673 39.066 39.023 39.12 38.826 38.943 39.054 38.96 39.054 39.236 39.244 39.339 39.47 39.572 39.724 39.843 40.057 40.196 40.508 40.885 41.358 41.766 41.553 41.631 41.611 41.713 41.83 42.038 42.227 42.459 42.754 43.063 43.588 43.826 44.332 43.913 44.046 44.434 44.719 44.924 45.373 46.006 46.171 46.186 46.729 46.731 46.925 47.4 47.437 47.895 47.858 48.143 48.647
37.108 37.172 37.249 37.294 37.336 37.378 37.431 37.465 37.489 37.612 37.669 37.602 37.59 37.628 37.713 37.864 37.913 38.462 38.576 38.737 38.68 38.528 38.621 38.65 38.746 38.962 39.043 39.052 39.253 39.219 39.221 39.34 39.47 39.592 39.757 39.999 40.191 40.497 41.366 41 41.342 41.517 41.569 41.658 41.771 41.78 42.056 42.221 42.433 42.702 43.014 43.359 43.569 43.904 43.721 43.898 44.293 44.482 44.763 45.193 45.526 45.921 46.022 46.437 46.631 46.849 47.03 47.188 47.719 47.968 47.821 48.168
37.021 37.067 37.116 37.163 37.208 37.25 37.301 37.419 37.373 37.401 37.481 37.649 37.456 37.492 37.603 37.624 37.735 38.022 37.897 38.041 38.327 38.364 38.422 38.545 38.634 38.873 39.063 39.201 39.276 39.365 39.148 39.23 39.358 39.502 39.677 39.864 40.051 40.295 40.53 40.803 41.227 41.726 41.595 41.609 41.738 41.765 42.15 42.14 42.382 42.905 43.373 43.443 43.538 43.87 43.978 43.814 44.048 44.339 44.764 45.277 45.585 45.779 45.877 46.404 46.606 46.577 46.767 47.325 47.497 47.986 47.694 48.183
36.932 36.974 37.011 37.043 37.105 37.142 37.175 37.191 37.247 37.281 37.354 37.413 37.338 37.438 37.415 37.433 37.529 37.662 38.052 37.878 37.945 38.078 38.261 38.478 38.609 38.698 38.863 39.048 39.192 39.317 39.14 39.165 39.279 39.449 39.585 39.786 39.983 40.192 40.398 40.738 41.143 41.412 41.374 41.607 41.683 41.724 42.01 42.165 42.376 42.798 43.23 43.199 43.7 43.529 43.55 43.746 43.992 44.339 44.745 45.324 45.547 45.947 45.854 45.926 46.634 46.547 46.642 47.232 47.32 47.407 47.609 47.935
36.854 36.882 36.917 36.972 36.982 37.051 37.137 37.146 37.18 37.188 37.179 37.194 37.169 37.218 37.222 37.433 37.365 37.488 37.553 37.627 37.786 37.919 38.135 38.311 38.531 38.524 38.649 38.873 39.207 39.024 38.98 39.056 39.222 39.361 39.968 39.793 39.94 40.182 40.471 40.707 40.859 41.213 41.242 41.527 41.584 41.711 41.929 42.14 42.42 42.63 43.23 43.176 43.462 43.621 43.484 43.709 44.046 44.375 44.697 45.009 45.292 45.647 45.908 45.858 46.421 46.717 46.636 47.013 47.503 47.33 47.573 47.834
36.794 36.825 36.881 36.893 36.918 36.954 37.098 37.105 37.104 37.072 37.034 37.032 37.148 37.103 37.218 37.195 37.254 37.308 37.42 37.518 37.665 37.8 37.982 38.23 38.262 38.337 38.529 38.642 39.028 39 39.183 39.005 39.141 39.395 40.039 40.025 39.964 40.095 40.39 41.036 40.927 40.921 41.078 41.415 41.448 41.653 41.864 42.27 42.613 42.658 43.437 43.079 43.13 43.419 43.438 43.648 43.919 44.181 44.576 45.146 45.138 45.334 45.605 45.766 46.397 46.683 46.699 46.803 47.494 47.35 47.544 47.816
36.735 36.842 36.892 37.006 36.931 36.959 37.175 37.012 36.91 36.861 36.917 36.892 36.938 36.959 37.018 37.124 37.123 37.183 37.293 37.411 37.573 37.769 38.026 38.124 38.259 38.349 38.46 38.572 38.923 39.217 38.949 38.92 39.054 39.224 39.497 39.712 40.011 40.224 40.416 40.629 40.852 41.061 41.003 41.162 41.672 41.904 41.897 42.212 42.51 42.569 42.954 43.396 43.248 43.228 43.438 43.608 43.912 44.29 44.687 44.977 45.361 45.324 45.494 45.758 46.223 46.538 46.447 46.873 47.281 47.512 47.49 47.764
36.738 36.997 36.942 36.953 37.062 37.019 36.937 36.817 36.863 36.812 36.769 36.814 36.894 36.885 36.937 36.962 37.018 37.097 37.19 37.326 37.511 37.751 38.061 38.248 38.304 38.42 38.587 38.595 38.676 39.14 38.896 38.871 39.003 39.173 39.479 40.001 40.152 40.38 40.584 40.574 40.738 41.008 40.921 41.115 41.375 41.862 42.111 42.296 42.4 42.556 43.03 43.044 43.296 43.178 43.394 43.592 43.917 44.462 44.688 44.897 45.007 45.464 45.685 45.702 46.413 46.205 46.573 47.114 47.066 47.32 47.506 47.773
36.752 36.85 37.02 37.014 37.06 36.889 36.765 36.747 36.728 36.642 36.734 36.715 36.709 36.779 36.826 36.853 36.987 37.019 37.134 37.277 37.505 37.843 38.268 38.623 38.599 38.82 38.729 38.479 38.522 38.677 38.966 39.253 38.965 39.113 39.298 39.723 40.057 40.301 40.301 40.455 40.588 40.718 40.864 41.102 41.402 41.714 41.945 42.309 42.588 42.479 42.809 42.895 43.123 43.148 43.364 43.642 43.945 44.364 44.743 44.964 45.031 45.297 45.61 45.648 46.085 46.182 46.896 46.949 47.195 47.245 47.52 47.795
36.728 36.875 36.858 37.023 36.929 36.871 36.786 36.655 36.54 36.546 36.629 36.647 36.649 36.731 36.742 36.834 36.903 36.971 37.055 37.265 37.538 37.886 38.053 38.001 38.269 38.323 38.249 38.353 38.421 38.572 38.864 38.828 38.936 39.096 39.318 39.648 39.859 40.336 40.203 40.3 40.484 40.646 40.835 41.153 41.432 41.642 42.108 42.461 42.712 42.775 42.627 42.892 43.039 43.14 43.405 43.741 44.037 44.542 44.958 45.025 45.101 45.43 45.555 45.969 45.873 46.32 46.584 47.048 47.08 47.254 47.524 47.793
36.734 36.774 36.757 36.909 36.739 36.73 36.68 36.693 36.475 36.511 36.521 36.603 36.643 36.576 36.662 36.778 36.881 36.936 37.014 37.556 37.911 37.696 37.789 37.942 37.85 38.031 38.065 38.176 38.334 38.524 38.761 38.777 38.912 39.121 39.422 40.084 39.929 40.407 40.473 40.291 40.408 40.596 40.873 41.114 41.503 41.878 42.308 42.422 42.505 42.565 42.664 42.843 43.054 43.164 43.477 43.706 44.038 44.625 44.861 45.057 45.441 45.226 45.917 46.018 45.924 46.238 47.051 47.22 47.369 47.492 47.533 47.806
36.849 36.868 36.801 36.773 36.68 36.623 36.574 36.448 36.468 36.47 36.49 36.516 36.492 36.654 36.663 36.647 36.764 36.851 37.007 37.263 37.739 37.824 37.549 37.543 37.701 37.857 37.998 38.143 38.287 38.442 38.595 38.756 38.909 39.088 39.358 39.804 39.816 39.96 40.217 40.237 40.388 40.623 41 41.063 41.456 41.732 41.928 42.216 42.332 42.478 42.603 42.847 43.018 43.197 43.446 43.841 44.086 44.524 44.745 45.169 45.418 45.448 45.494 45.95 45.959 46.367 46.942 46.949 47.38 47.594 47.639 47.827
36.667 36.684 36.854 36.851 36.671 36.541 36.461 36.466 36.455 36.398 36.425 36.421 36.438 36.512 36.525 36.583 36.711 36.776 36.927 37.076 37.301 37.276 37.433 37.694 37.842 37.957 38.201 38.143 38.295 38.441 38.596 38.762 38.911 39.07 39.236 39.438 39.725 40.23 40.282 40.289 40.406 40.694 41.027 41.645 41.571 41.851 41.795 42.166 42.24 42.605 42.664 42.916 43.027 43.219 43.512 43.853 44.104 44.5 44.762 45.068 45.57 45.91 45.65 45.883 45.952 46.571 46.836 46.835 47.236 47.453 47.613 47.892
36.757 36.685 36.867 36.753 36.674 36.469 36.458 36.399 36.442 36.41 36.377 36.37 36.379 36.427 36.469 36.537 36.61 36.769 36.87 37.048 37.304 37.366 37.559 37.907 38.217 38.203 38.266 38.313 38.314 38.463 38.619 38.767 38.923 39.083 39.264 39.457 39.745 40.202 40.09 40.283 40.498 40.755 41.052 41.396 41.828 41.729 41.957 41.979 42.194 42.453 42.699 42.767 43.065 43.381 43.565 43.793 44.066 44.487 44.872 44.951 45.405 45.704 45.96 45.994 45.998 46.55 46.987 46.969 47.092 47.386 47.668 47.929
36.869 36.995 36.954 36.785 36.619 36.545 36.486 36.478 36.465 36.443 36.421 36.399 36.385 36.38 36.42 36.501 36.577 36.765 36.86 37.091 37.282 37.39 37.602 38.092 38.273 38.26 38.24 38.392 38.405 38.484 38.642 38.79 38.951 39.132 39.322 39.536 39.747 39.892 40.121 40.539 40.675 40.873 41.292 41.621 41.823 42.185 41.943 41.973 42.191 42.431 42.676 42.927 43.206 43.432 43.611 43.792 44.118 44.577 44.976 44.987 45.196 45.522 46.017 45.835 46.117 46.855 47.084 47.24 47.216 47.477 47.738 47.979
37.171 37.071 36.892 36.768 36.622 36.507 36.55 36.585 36.528 36.454 36.412 36.392 36.373 36.31 36.381 36.479 36.679 36.729 36.891 37.14 37.532 37.55 37.756 37.971 38.125 38.368 38.432 38.666 38.502 38.527 38.678 38.841 39.022 39.193 39.4 39.596 39.82 39.971 40.37 40.834 41.357 41.282 41.209 41.824 42.089 42.125 41.959 42.15 42.265 42.507 42.703 43.007 43.378 43.65 43.686 44.138 44.25 44.513 45.196 45.47 45.287 45.734 45.737 45.843 46.336 46.949 46.794 47.019 47.28 47.539 47.803 48.043
37.43 37.103 36.893 36.788 36.653 36.601 36.585 36.562 36.497 36.461 36.434 36.446 36.399 36.319 36.295 36.473 36.635 36.755 36.96 37.135 37.356 37.622 37.749 38.032 38.374 38.357 38.575 38.623 38.584 38.596 38.781 38.879 39.128 39.321 39.58 39.886 40.042 40.147 40.606 40.76 41.479 41.464 41.363 41.474 42.142 41.881 41.838 42.163 42.761 42.769 42.931 43.05 43.53 43.728 43.805 44.026 44.367 44.668 45.168 45.197 45.306 45.565 45.774 45.986 46.386 46.727 46.817 47.127 47.379 47.626 47.889 48.133
