raw_data/humedad_relativa/hora9/rh9may.txt
ncols         501
nrows         361
xllcorner     109.95
yllcorner     -45.05
cellsize      0.1
NODATA_value  -9999
[rows 0 to 31 of 361, columns 0 to 71 of 501]
62.056 62.018 61.98 61.942 61.904 61.866 61.827 61.788 61.75 61.711 61.671 61.632 61.593 61.553 61.513 61.474 61.434 61.394 61.354 61.313 61.273 61.233 61.192 61.152 61.111 61.071 61.03 60.99 60.949 60.908 60.868 60.827 60.787 60.746 60.706 60.666 60.625 60.585 60.545 60.505 60.465 60.426 60.386 60.347 60.308 60.269 60.23 60.192 60.153 60.115 60.078 60.04 60.003 59.966 59.93 59.894 59.858 59.823 59.788 59.753 59.719 59.686 59.652 59.62 59.587 59.556 59.525 59.494 59.464 59.435 59.406 59.377
62.027 61.989 61.95 61.911 61.873 61.834 61.794 61.755 61.716 61.676 61.636 61.596 61.556 61.516 61.475 61.435 61.394 61.353 61.312 61.271 61.23 61.189 61.148 61.107 61.065 61.024 60.983 60.941 60.9 60.858 60.817 60.775 60.734 60.692 60.651 60.61 60.569 60.528 60.487 60.446 60.405 60.364 60.324 60.284 60.243 60.203 60.164 60.124 60.085 60.046 60.007 59.969 59.931 59.893 59.855 59.818 59.781 59.745 59.709 59.673 59.638 59.604 59.569 59.536 59.502 59.469 59.437 59.406 59.374 59.344 59.314 59.285
61.998 61.959 61.92 61.881 61.842 61.802 61.762 61.722 61.682 61.641 61.601 61.56 61.519 61.478 61.437 61.396 61.355 61.313 61.271 61.23 61.188 61.146 61.104 61.062 61.02 60.977 60.935 60.893 60.851 60.808 60.766 60.723 60.681 60.639 60.597 60.554 60.512 60.47 60.428 60.386 60.345 60.303 60.262 60.22 60.179 60.138 60.098 60.057 60.017 59.977 59.937 59.897 59.858 59.819 59.781 59.743 59.705 59.667 59.63 59.594 59.557 59.521 59.486 59.451 59.417 59.383 59.35 59.317 59.285 59.253 59.222 59.192
61.97 61.931 61.891 61.851 61.811 61.771 61.73 61.689 61.648 61.607 61.566 61.525 61.483 61.442 61.4 61.358 61.315 61.273 61.231 61.188 61.146 61.103 61.06 61.017 60.974 60.931 60.888 60.845 60.802 60.758 60.715 60.672 60.629 60.586 60.542 60.499 60.456 60.413 60.37 60.327 60.285 60.242 60.2 60.157 60.115 60.073 60.032 59.99 59.949 59.908 59.867 59.826 59.786 59.746 59.706 59.667 59.628 59.59 59.551 59.514 59.476 59.439 59.403 59.367 59.332 59.297 59.262 59.228 59.195 59.162 59.13 59.098
61.942 61.902 61.862 61.821 61.781 61.74 61.698 61.657 61.616 61.574 61.532 61.49 61.447 61.405 61.362 61.32 61.277 61.234 61.191 61.147 61.104 61.06 61.017 60.973 60.929 60.885 60.841 60.797 60.753 60.709 60.665 60.621 60.577 60.532 60.488 60.444 60.4 60.356 60.312 60.269 60.225 60.181 60.138 60.095 60.051 60.008 59.966 59.923 59.881 59.838 59.797 59.755 59.714 59.673 59.632 59.592 59.552 59.512 59.473 59.434 59.395 59.357 59.32 59.283 59.246 59.21 59.174 59.139 59.105 59.071 59.038 59.005
61.915 61.874 61.833 61.792 61.751 61.709 61.667 61.625 61.583 61.541 61.498 61.455 61.412 61.369 61.326 61.282 61.238 61.195 61.151 61.107 61.062 61.018 60.973 60.929 60.884 60.84 60.795 60.75 60.705 60.66 60.615 60.57 60.525 60.48 60.435 60.39 60.345 60.3 60.255 60.21 60.165 60.121 60.076 60.032 59.988 59.944 59.9 59.856 59.813 59.77 59.727 59.684 59.641 59.599 59.558 59.516 59.475 59.434 59.394 59.354 59.314 59.275 59.236 59.198 59.16 59.123 59.087 59.05 59.015 58.98 58.945 58.911
61.888 61.846 61.805 61.763 61.721 61.679 61.636 61.594 61.551 61.508 61.464 61.421 61.377 61.333 61.289 61.245 61.2 61.156 61.111 61.066 61.021 60.976 60.931 60.885 60.84 60.794 60.749 60.703 60.657 60.611 60.565 60.519 60.473 60.427 60.381 60.335 60.289 60.243 60.197 60.152 60.106 60.06 60.015 59.969 59.924 59.879 59.834 59.789 59.745 59.701 59.657 59.613 59.569 59.526 59.483 59.441 59.398 59.356 59.315 59.274 59.233 59.193 59.153 59.114 59.075 59.036 58.999 58.961 58.925 58.888 58.853 58.818
61.861 61.819 61.777 61.735 61.692 61.649 61.606 61.563 61.519 61.475 61.431 61.387 61.343 61.298 61.253 61.208 61.163 61.118 61.072 61.026 60.98 60.934 60.888 60.842 60.796 60.749 60.703 60.656 60.609 60.562 60.516 60.469 60.422 60.375 60.328 60.281 60.234 60.187 60.14 60.093 60.047 60 59.953 59.907 59.861 59.815 59.769 59.723 59.677 59.632 59.587 59.542 59.497 59.453 59.409 59.365 59.322 59.279 59.236 59.194 59.152 59.111 59.07 59.029 58.989 58.95 58.911 58.872 58.834 58.797 58.76 58.724
61.835 61.792 61.75 61.707 61.663 61.62 61.576 61.532 61.488 61.443 61.398 61.354 61.308 61.263 61.217 61.172 61.126 61.08 61.033 60.987 60.94 60.893 60.846 60.799 60.752 60.705 60.657 60.61 60.562 60.514 60.466 60.419 60.371 60.323 60.275 60.227 60.179 60.131 60.083 60.035 59.988 59.94 59.892 59.845 59.798 59.75 59.703 59.657 59.61 59.563 59.517 59.471 59.425 59.38 59.335 59.29 59.245 59.201 59.157 59.114 59.071 59.028 58.986 58.945 58.903 58.863 58.823 58.783 58.744 58.705 58.667 58.63
61.809 61.766 61.723 61.679 61.635 61.591 61.546 61.502 61.457 61.412 61.366 61.321 61.275 61.229 61.182 61.136 61.089 61.042 60.995 60.948 60.9 60.852 60.805 60.757 60.709 60.66 60.612 60.564 60.515 60.466 60.418 60.369 60.32 60.271 60.222 60.173 60.124 60.076 60.027 59.978 59.929 59.88 59.832 59.783 59.735 59.686 59.638 59.59 59.543 59.495 59.448 59.4 59.354 59.307 59.261 59.215 59.169 59.124 59.079 59.034 58.99 58.946 58.903 58.86 58.818 58.776 58.734 58.693 58.653 58.614 58.574 58.536
61.784 61.74 61.696 61.652 61.607 61.562 61.517 61.472 61.426 61.38 61.334 61.288 61.241 61.194 61.147 61.1 61.053 61.005 60.957 60.909 60.861 60.812 60.763 60.715 60.666 60.617 60.567 60.518 60.468 60.419 60.369 60.32 60.27 60.22 60.17 60.12 60.07 60.02 59.97 59.92 59.871 59.821 59.771 59.721 59.672 59.623 59.573 59.524 59.475 59.427 59.378 59.33 59.282 59.234 59.187 59.139 59.093 59.046 59 58.954 58.909 58.864 58.819 58.775 58.732 58.689 58.646 58.604 58.563 58.522 58.481 58.442
61.759 61.715 61.67 61.625 61.58 61.534 61.489 61.443 61.396 61.35 61.303 61.256 61.208 61.161 61.113 61.065 61.017 60.968 60.919 60.87 60.821 60.772 60.723 60.673 60.623 60.573 60.523 60.473 60.422 60.372 60.321 60.27 60.22 60.169 60.118 60.067 60.016 59.965 59.914 59.863 59.812 59.762 59.711 59.66 59.609 59.559 59.509 59.458 59.408 59.359 59.309 59.259 59.21 59.161 59.113 59.064 59.016 58.969 58.921 58.874 58.828 58.782 58.736 58.691 58.646 58.602 58.558 58.515 58.472 58.43 58.388 58.347
61.735 61.69 61.644 61.599 61.553 61.507 61.46 61.414 61.367 61.319 61.272 61.224 61.176 61.128 61.079 61.03 60.981 60.932 60.882 60.833 60.783 60.732 60.682 60.632 60.581 60.53 60.479 60.428 60.376 60.325 60.273 60.222 60.17 60.118 60.066 60.014 59.962 59.91 59.858 59.806 59.754 59.703 59.651 59.599 59.547 59.496 59.444 59.393 59.342 59.291 59.24 59.189 59.139 59.089 59.039 58.989 58.94 58.891 58.843 58.794 58.747 58.699 58.652 58.606 58.56 58.514 58.469 58.425 58.381 58.338 58.295 58.253
61.711 61.665 61.619 61.573 61.527 61.48 61.433 61.385 61.338 61.29 61.241 61.193 61.144 61.095 61.046 60.996 60.946 60.896 60.846 60.795 60.744 60.693 60.642 60.591 60.539 60.487 60.435 60.383 60.331 60.279 60.226 60.173 60.121 60.068 60.015 59.962 59.909 59.856 59.803 59.75 59.697 59.644 59.591 59.538 59.485 59.432 59.38 59.327 59.275 59.223 59.171 59.119 59.067 59.016 58.965 58.914 58.864 58.814 58.764 58.715 58.666 58.617 58.569 58.521 58.474 58.427 58.381 58.335 58.29 58.245 58.201 58.158
61.687 61.641 61.595 61.548 61.501 61.453 61.405 61.357 61.309 61.26 61.211 61.162 61.112 61.063 61.013 60.962 60.912 60.861 60.809 60.758 60.706 60.655 60.603 60.55 60.498 60.445 60.392 60.339 60.286 60.233 60.179 60.126 60.072 60.018 59.964 59.91 59.856 59.802 59.748 59.694 59.64 59.585 59.531 59.477 59.423 59.369 59.316 59.262 59.209 59.155 59.102 59.049 58.996 58.944 58.892 58.84 58.788 58.737 58.686 58.635 58.585 58.535 58.485 58.437 58.388 58.34 58.292 58.246 58.199 58.153 58.108 58.063
61.664 61.618 61.57 61.523 61.475 61.427 61.379 61.33 61.281 61.231 61.182 61.132 61.081 61.031 60.98 60.929 60.877 60.826 60.774 60.722 60.669 60.616 60.563 60.51 60.457 60.403 60.349 60.295 60.241 60.187 60.133 60.078 60.023 59.968 59.913 59.858 59.803 59.748 59.693 59.638 59.583 59.527 59.472 59.417 59.362 59.307 59.252 59.197 59.142 59.088 59.033 58.979 58.925 58.872 58.818 58.765 58.712 58.659 58.607 58.555 58.504 58.453 58.402 58.352 58.302 58.253 58.204 58.156 58.108 58.061 58.014 57.968
61.642 61.595 61.547 61.499 61.45 61.401 61.352 61.303 61.253 61.203 61.153 61.102 61.051 61 60.948 60.896 60.844 60.791 60.738 60.685 60.632 60.579 60.525 60.471 60.416 60.362 60.307 60.252 60.197 60.142 60.086 60.031 59.975 59.919 59.863 59.807 59.751 59.695 59.639 59.582 59.526 59.47 59.413 59.357 59.301 59.244 59.188 59.132 59.076 59.021 58.965 58.91 58.855 58.8 58.745 58.69 58.636 58.582 58.529 58.476 58.423 58.371 58.319 58.267 58.216 58.165 58.115 58.066 58.017 57.968 57.921 57.873
61.62 61.572 61.524 61.475 61.426 61.376 61.327 61.276 61.226 61.175 61.124 61.073 61.021 60.969 60.916 60.864 60.811 60.757 60.704 60.65 60.596 60.541 60.487 60.432 60.376 60.321 60.265 60.209 60.153 60.097 60.041 59.984 59.927 59.87 59.813 59.756 59.699 59.642 59.584 59.527 59.47 59.412 59.355 59.297 59.24 59.182 59.125 59.068 59.011 58.954 58.897 58.84 58.784 58.728 58.672 58.616 58.561 58.505 58.451 58.396 58.342 58.288 58.235 58.182 58.13 58.078 58.027 57.976 57.926 57.876 57.827 57.778
61.599 61.55 61.501 61.452 61.402 61.352 61.301 61.251 61.199 61.148 61.096 61.044 60.991 60.939 60.885 60.832 60.778 60.724 60.669 60.615 60.56 60.504 60.449 60.393 60.337 60.281 60.224 60.167 60.11 60.053 59.995 59.938 59.88 59.822 59.764 59.706 59.648 59.589 59.531 59.472 59.414 59.355 59.296 59.238 59.179 59.12 59.062 59.004 58.945 58.887 58.829 58.771 58.713 58.656 58.599 58.542 58.485 58.429 58.373 58.317 58.261 58.206 58.152 58.098 58.044 57.991 57.938 57.886 57.834 57.783 57.733 57.683
61.578 61.528 61.479 61.429 61.378 61.328 61.277 61.225 61.173 61.121 61.069 61.016 60.962 60.909 60.855 60.801 60.746 60.691 60.636 60.58 60.524 60.468 60.412 60.355 60.298 60.241 60.183 60.125 60.067 60.009 59.951 59.892 59.833 59.774 59.715 59.656 59.596 59.537 59.477 59.418 59.358 59.298 59.238 59.178 59.119 59.059 58.999 58.94 58.88 58.821 58.761 58.702 58.643 58.584 58.526 58.468 58.41 58.352 58.294 58.237 58.181 58.124 58.069 58.013 57.958 57.904 57.85 57.796 57.743 57.691 57.639 57.588
61.557 61.507 61.457 61.407 61.356 61.304 61.252 61.2 61.148 61.095 61.042 60.988 60.934 60.88 60.825 60.77 60.714 60.659 60.603 60.546 60.489 60.432 60.375 60.317 60.259 60.201 60.143 60.084 60.025 59.966 59.906 59.847 59.787 59.727 59.667 59.606 59.546 59.485 59.424 59.364 59.303 59.242 59.181 59.12 59.059 58.998 58.937 58.876 58.815 58.754 58.694 58.633 58.573 58.513 58.453 58.394 58.334 58.275 58.217 58.158 58.1 58.042 57.985 57.928 57.872 57.816 57.761 57.706 57.652 57.598 57.545 57.493
61.537 61.487 61.436 61.385 61.333 61.281 61.229 61.176 61.123 61.069 61.015 60.961 60.906 60.851 60.795 60.74 60.683 60.627 60.57 60.513 60.455 60.397 60.339 60.28 60.221 60.162 60.103 60.043 59.983 59.923 59.862 59.802 59.741 59.68 59.619 59.557 59.495 59.434 59.372 59.31 59.248 59.186 59.123 59.061 58.999 58.937 58.875 58.812 58.75 58.688 58.627 58.565 58.503 58.442 58.381 58.32 58.259 58.199 58.139 58.079 58.02 57.961 57.902 57.844 57.786 57.729 57.672 57.616 57.56 57.505 57.451 57.397
61.518 61.467 61.416 61.364 61.311 61.259 61.206 61.152 61.098 61.044 60.989 60.934 60.879 60.823 60.767 60.71 60.653 60.596 60.538 60.48 60.421 60.362 60.303 60.244 60.184 60.124 60.063 60.003 59.942 59.881 59.819 59.757 59.695 59.633 59.571 59.508 59.446 59.383 59.32 59.257 59.193 59.13 59.067 59.003 58.94 58.876 58.813 58.749 58.686 58.623 58.56 58.497 58.434 58.371 58.309 58.246 58.184 58.123 58.061 58 57.939 57.879 57.819 57.759 57.7 57.642 57.584 57.526 57.469 57.413 57.357 57.301
61.499 61.448 61.396 61.343 61.29 61.237 61.183 61.129 61.074 61.019 60.964 60.908 60.852 60.795 60.738 60.681 60.623 60.565 60.506 60.447 60.388 60.328 60.268 60.208 60.147 60.086 60.025 59.963 59.901 59.839 59.776 59.714 59.65 59.587 59.524 59.46 59.396 59.332 59.268 59.204 59.139 59.075 59.01 58.945 58.881 58.816 58.751 58.687 58.622 58.557 58.493 58.429 58.364 58.3 58.236 58.173 58.109 58.046 57.984 57.921 57.859 57.797 57.736 57.675 57.614 57.554 57.495 57.436 57.377 57.32 57.262 57.206
61.481 61.429 61.376 61.323 61.27 61.216 61.161 61.106 61.051 60.995 60.939 60.883 60.826 60.768 60.711 60.652 60.594 60.535 60.475 60.415 60.355 60.295 60.234 60.172 60.111 60.049 59.986 59.924 59.861 59.798 59.734 59.67 59.606 59.542 59.477 59.412 59.347 59.282 59.217 59.151 59.086 59.02 58.954 58.888 58.822 58.756 58.69 58.624 58.558 58.492 58.427 58.361 58.295 58.23 58.165 58.1 58.035 57.97 57.906 57.842 57.779 57.716 57.653 57.59 57.529 57.467 57.406 57.346 57.286 57.227 57.168 57.11
61.464 61.411 61.358 61.304 61.25 61.195 61.14 61.084 61.029 60.972 60.915 60.858 60.8 60.742 60.683 60.624 60.565 60.505 60.445 60.384 60.323 60.262 60.2 60.138 60.075 60.012 59.949 59.885 59.821 59.757 59.692 59.627 59.562 59.497 59.431 59.365 59.299 59.233 59.166 59.099 59.032 58.966 58.898 58.831 58.764 58.697 58.629 58.562 58.495 58.428 58.36 58.293 58.226 58.16 58.093 58.027 57.961 57.895 57.829 57.764 57.699 57.634 57.57 57.506 57.443 57.38 57.318 57.256 57.194 57.134 57.074 57.014
61.447 61.393 61.339 61.285 61.23 61.175 61.119 61.063 61.006 60.949 60.892 60.834 60.775 60.716 60.657 60.597 60.537 60.476 60.415 60.354 60.292 60.229 60.167 60.103 60.04 59.976 59.912 59.847 59.782 59.717 59.651 59.585 59.519 59.452 59.385 59.318 59.251 59.183 59.116 59.048 58.98 58.912 58.843 58.775 58.706 58.638 58.569 58.5 58.432 58.363 58.295 58.226 58.158 58.09 58.022 57.954 57.886 57.819 57.752 57.685 57.619 57.553 57.487 57.422 57.357 57.293 57.229 57.166 57.103 57.041 56.979 56.918
61.43 61.376 61.322 61.267 61.211 61.156 61.099 61.042 60.985 60.927 60.869 60.81 60.751 60.691 60.631 60.571 60.509 60.448 60.386 60.324 60.261 60.198 60.134 60.07 60.005 59.94 59.875 59.809 59.743 59.677 59.61 59.543 59.476 59.408 59.34 59.272 59.204 59.135 59.066 58.997 58.928 58.858 58.788 58.719 58.649 58.579 58.509 58.439 58.369 58.299 58.229 58.159 58.09 58.02 57.951 57.881 57.812 57.744 57.675 57.607 57.539 57.471 57.404 57.338 57.271 57.205 57.14 57.075 57.011 56.948 56.885 56.822
61.415 61.36 61.305 61.249 61.193 61.137 61.08 61.022 60.964 60.906 60.847 60.787 60.727 60.667 60.606 60.545 60.483 60.42 60.358 60.294 60.231 60.166 60.102 60.037 59.971 59.905 59.839 59.773 59.706 59.638 59.57 59.502 59.434 59.365 59.296 59.226 59.157 59.087 59.017 58.946 58.876 58.805 58.734 58.663 58.592 58.521 58.449 58.378 58.307 58.235 58.164 58.093 58.022 57.951 57.88 57.809 57.739 57.668 57.598 57.529 57.459 57.39 57.322 57.253 57.186 57.118 57.052 56.985 56.92 56.855 56.79 56.726
61.399 61.344 61.289 61.232 61.176 61.119 61.061 61.003 60.944 60.885 60.825 60.765 60.704 60.643 60.581 60.519 60.456 60.393 60.33 60.266 60.201 60.136 60.07 60.004 59.938 59.871 59.804 59.736 59.668 59.6 59.531 59.462 59.392 59.322 59.252 59.181 59.111 59.039 58.968 58.896 58.825 58.753 58.68 58.608 58.536 58.463 58.39 58.318 58.245 58.172 58.099 58.027 57.954 57.882 57.809 57.737 57.665 57.593 57.522 57.451 57.38 57.309 57.239 57.169 57.1 57.031 56.963 56.895 56.828 56.761 56.695 56.63
61.385 61.329 61.273 61.216 61.159 61.101 61.043 60.984 60.924 60.865 60.804 60.743 60.682 60.62 60.557 60.494 60.431 60.367 60.303 60.238 60.172 60.106 60.04 59.973 59.905 59.838 59.769 59.701 59.632 59.562 59.492 59.422 59.351 59.28 59.209 59.137 59.065 58.993 58.92 58.847 58.774 58.701 58.627 58.553 58.48 58.406 58.332 58.257 58.183 58.109 58.035 57.961 57.887 57.813 57.739 57.665 57.592 57.519 57.446 57.373 57.3 57.228 57.157 57.085 57.015 56.944 56.874 56.805 56.736 56.668 56.601 56.534
61.371 61.315 61.258 61.2 61.143 61.084 61.025 60.966 60.906 60.845 60.784 60.722 60.66 60.597 60.534 60.47 60.406 60.341 60.276 60.21 60.144 60.077 60.01 59.942 59.873 59.805 59.735 59.666 59.596 59.525 59.454 59.382 59.311 59.238 59.166 59.093 59.02 58.946 58.872 58.798 58.724 58.649 58.574 58.499 58.424 58.349 58.273 58.198 58.122 58.047 57.971 57.895 57.82 57.744 57.669 57.594 57.519 57.444 57.369 57.295 57.221 57.148 57.074 57.001 56.929 56.857 56.786 56.715 56.645 56.575 56.506 56.438
