raw_data/humedad_relativa/hora9/rh9nov.txt
ncols         501
nrows         361
xllcorner     109.95
yllcorner     -45.05
cellsize      0.1
NODATA_value  -9999
[rows 288 to 319 of 361, columns 216 to 287 of 501]
72.907 72.954 73.001 73.046 73.091 73.135 73.178 73.22 73.261 73.302 73.341 73.38 73.417 73.453 73.488 73.521 73.553 73.584 73.613 73.641 73.667 73.691 73.713 73.733 73.752 73.768 73.782 73.793 73.802 73.809 73.813 73.814 73.812 73.808 73.8 73.789 73.776 73.759 73.739 73.716 73.69 73.66 73.627 73.592 73.553 73.511 73.467 73.42 73.37 73.318 73.263 73.207 73.148 73.087 73.025 72.962 72.897 72.832 72.765 72.698 72.63 72.563 72.495 72.427 72.36 72.293 72.228 72.163 72.099 72.037 71.977 71.919
73.068 73.114 73.16 73.205 73.25 73.293 73.336 73.378 73.419 73.459 73.498 73.536 73.573 73.608 73.643 73.676 73.708 73.738 73.767 73.794 73.82 73.844 73.866 73.886 73.904 73.92 73.934 73.946 73.955 73.962 73.966 73.968 73.966 73.963 73.956 73.946 73.934 73.918 73.9 73.878 73.853 73.826 73.795 73.762 73.726 73.687 73.645 73.601 73.555 73.506 73.455 73.402 73.347 73.29 73.232 73.173 73.112 73.051 72.989 72.926 72.863 72.799 72.736 72.673 72.611 72.549 72.488 72.428 72.37 72.313 72.257 72.204
73.225 73.272 73.317 73.362 73.406 73.449 73.492 73.533 73.574 73.614 73.652 73.69 73.726 73.762 73.796 73.829 73.86 73.89 73.919 73.946 73.971 73.995 74.017 74.037 74.055 74.071 74.085 74.097 74.106 74.113 74.118 74.12 74.119 74.116 74.11 74.101 74.09 74.076 74.058 74.039 74.016 73.99 73.962 73.931 73.897 73.86 73.822 73.78 73.737 73.691 73.643 73.594 73.543 73.49 73.436 73.38 73.324 73.266 73.208 73.15 73.091 73.032 72.974 72.915 72.857 72.8 72.744 72.688 72.635 72.582 72.532 72.483
73.381 73.427 73.472 73.517 73.56 73.603 73.645 73.687 73.727 73.766 73.804 73.842 73.878 73.913 73.947 73.979 74.01 74.04 74.069 74.095 74.12 74.144 74.166 74.186 74.204 74.22 74.234 74.246 74.255 74.262 74.267 74.27 74.27 74.268 74.262 74.255 74.244 74.231 74.216 74.197 74.176 74.153 74.126 74.097 74.066 74.032 73.996 73.957 73.917 73.874 73.83 73.784 73.736 73.687 73.636 73.584 73.532 73.478 73.424 73.37 73.316 73.261 73.207 73.152 73.099 73.046 72.994 72.944 72.894 72.847 72.801 72.757
73.534 73.58 73.625 73.669 73.712 73.755 73.797 73.837 73.877 73.916 73.954 73.991 74.027 74.062 74.095 74.128 74.158 74.188 74.216 74.243 74.268 74.291 74.313 74.332 74.35 74.367 74.381 74.393 74.403 74.41 74.416 74.419 74.419 74.418 74.413 74.407 74.397 74.386 74.371 74.355 74.335 74.313 74.289 74.262 74.233 74.202 74.168 74.132 74.095 74.055 74.014 73.971 73.926 73.88 73.833 73.785 73.737 73.687 73.637 73.587 73.536 73.486 73.435 73.385 73.336 73.288 73.24 73.194 73.149 73.106 73.064 73.024
73.686 73.731 73.775 73.819 73.862 73.904 73.946 73.986 74.026 74.064 74.102 74.139 74.174 74.209 74.242 74.274 74.304 74.334 74.362 74.388 74.413 74.436 74.458 74.477 74.495 74.512 74.526 74.538 74.548 74.556 74.562 74.566 74.567 74.566 74.563 74.557 74.549 74.538 74.525 74.51 74.492 74.472 74.45 74.425 74.398 74.369 74.338 74.305 74.27 74.233 74.195 74.155 74.114 74.071 74.028 73.983 73.938 73.892 73.846 73.799 73.753 73.706 73.66 73.614 73.569 73.524 73.481 73.439 73.398 73.359 73.322 73.286
73.835 73.88 73.924 73.967 74.01 74.052 74.093 74.133 74.172 74.21 74.248 74.284 74.319 74.353 74.386 74.418 74.448 74.477 74.505 74.531 74.556 74.579 74.601 74.621 74.639 74.655 74.669 74.682 74.692 74.7 74.707 74.711 74.713 74.713 74.71 74.706 74.699 74.689 74.678 74.664 74.648 74.629 74.609 74.586 74.561 74.535 74.506 74.475 74.443 74.409 74.374 74.337 74.299 74.26 74.219 74.178 74.136 74.094 74.051 74.009 73.966 73.923 73.88 73.838 73.797 73.757 73.717 73.679 73.642 73.607 73.574 73.542
73.982 74.026 74.07 74.113 74.155 74.197 74.238 74.277 74.316 74.354 74.391 74.427 74.462 74.496 74.529 74.56 74.59 74.619 74.647 74.673 74.697 74.72 74.742 74.762 74.78 74.796 74.811 74.824 74.834 74.843 74.85 74.855 74.857 74.858 74.856 74.853 74.847 74.839 74.828 74.816 74.801 74.785 74.766 74.745 74.723 74.698 74.672 74.644 74.614 74.583 74.55 74.516 74.481 74.445 74.408 74.37 74.331 74.293 74.253 74.214 74.175 74.135 74.097 74.058 74.021 73.984 73.948 73.914 73.881 73.85 73.82 73.793
74.127 74.171 74.214 74.257 74.299 74.34 74.38 74.42 74.458 74.496 74.533 74.569 74.603 74.637 74.669 74.7 74.73 74.759 74.786 74.812 74.837 74.86 74.881 74.901 74.92 74.936 74.951 74.964 74.975 74.984 74.991 74.997 75 75.001 75.001 74.998 74.993 74.986 74.977 74.966 74.953 74.938 74.922 74.903 74.882 74.86 74.836 74.81 74.783 74.754 74.724 74.693 74.66 74.627 74.593 74.558 74.523 74.488 74.452 74.416 74.38 74.344 74.309 74.274 74.24 74.207 74.175 74.144 74.115 74.087 74.061 74.037
74.27 74.313 74.357 74.399 74.44 74.481 74.521 74.56 74.599 74.636 74.673 74.708 74.742 74.776 74.808 74.839 74.869 74.897 74.924 74.95 74.975 74.998 75.019 75.039 75.057 75.074 75.089 75.102 75.114 75.123 75.131 75.137 75.141 75.143 75.144 75.142 75.138 75.132 75.125 75.115 75.104 75.09 75.075 75.058 75.039 75.019 74.997 74.974 74.949 74.923 74.895 74.867 74.837 74.807 74.776 74.744 74.712 74.679 74.646 74.614 74.581 74.549 74.517 74.485 74.455 74.425 74.397 74.369 74.344 74.319 74.297 74.276
74.411 74.454 74.497 74.539 74.58 74.621 74.66 74.699 74.737 74.774 74.81 74.845 74.88 74.913 74.945 74.975 75.005 75.033 75.06 75.086 75.111 75.134 75.155 75.175 75.194 75.21 75.226 75.239 75.251 75.261 75.27 75.276 75.281 75.284 75.285 75.284 75.281 75.277 75.27 75.262 75.252 75.24 75.227 75.212 75.195 75.176 75.157 75.135 75.113 75.089 75.064 75.038 75.011 74.983 74.955 74.926 74.897 74.867 74.838 74.808 74.779 74.749 74.721 74.693 74.665 74.639 74.614 74.59 74.567 74.546 74.527 74.51
74.55 74.593 74.635 74.677 74.718 74.758 74.797 74.836 74.874 74.91 74.946 74.981 75.015 75.048 75.079 75.11 75.14 75.168 75.195 75.22 75.245 75.268 75.289 75.309 75.328 75.345 75.361 75.375 75.387 75.397 75.406 75.413 75.419 75.422 75.424 75.424 75.423 75.419 75.414 75.407 75.399 75.388 75.377 75.363 75.348 75.332 75.314 75.295 75.274 75.253 75.23 75.207 75.182 75.157 75.132 75.106 75.079 75.052 75.026 74.999 74.972 74.946 74.92 74.895 74.871 74.848 74.826 74.805 74.786 74.768 74.752 74.738
74.687 74.73 74.772 74.813 74.854 74.894 74.933 74.971 75.008 75.045 75.08 75.115 75.148 75.181 75.213 75.243 75.272 75.3 75.327 75.353 75.377 75.4 75.422 75.442 75.461 75.478 75.494 75.508 75.521 75.532 75.541 75.549 75.555 75.559 75.562 75.563 75.563 75.56 75.556 75.551 75.543 75.535 75.524 75.513 75.499 75.485 75.469 75.452 75.434 75.414 75.394 75.373 75.351 75.328 75.305 75.282 75.258 75.234 75.21 75.186 75.162 75.139 75.116 75.094 75.073 75.053 75.033 75.015 74.999 74.984 74.971 74.96
74.823 74.865 74.907 74.948 74.988 75.027 75.066 75.104 75.141 75.177 75.212 75.247 75.28 75.313 75.344 75.374 75.403 75.431 75.458 75.484 75.508 75.531 75.553 75.573 75.592 75.61 75.626 75.64 75.653 75.665 75.675 75.683 75.69 75.695 75.698 75.7 75.701 75.7 75.697 75.692 75.686 75.679 75.67 75.66 75.649 75.636 75.622 75.607 75.59 75.573 75.555 75.536 75.517 75.496 75.476 75.455 75.434 75.412 75.391 75.37 75.349 75.328 75.308 75.289 75.27 75.253 75.236 75.221 75.207 75.195 75.185 75.176
74.956 74.998 75.04 75.08 75.12 75.159 75.198 75.235 75.272 75.308 75.343 75.377 75.41 75.443 75.474 75.504 75.533 75.561 75.588 75.613 75.637 75.661 75.682 75.703 75.722 75.74 75.756 75.771 75.784 75.796 75.807 75.815 75.823 75.829 75.833 75.836 75.837 75.837 75.835 75.832 75.828 75.822 75.814 75.806 75.796 75.785 75.773 75.759 75.745 75.73 75.714 75.697 75.68 75.662 75.643 75.625 75.606 75.587 75.568 75.55 75.531 75.513 75.496 75.479 75.463 75.448 75.434 75.422 75.411 75.401 75.393 75.387
75.088 75.13 75.171 75.211 75.251 75.29 75.328 75.365 75.401 75.437 75.472 75.506 75.539 75.571 75.602 75.632 75.661 75.688 75.715 75.741 75.765 75.788 75.81 75.831 75.85 75.868 75.884 75.9 75.913 75.926 75.937 75.946 75.954 75.961 75.966 75.97 75.972 75.973 75.972 75.97 75.967 75.962 75.957 75.949 75.941 75.932 75.921 75.91 75.897 75.884 75.87 75.855 75.84 75.824 75.808 75.792 75.775 75.759 75.742 75.726 75.71 75.694 75.68 75.665 75.652 75.639 75.628 75.618 75.609 75.602 75.597 75.593
75.219 75.26 75.3 75.34 75.38 75.418 75.456 75.493 75.529 75.564 75.599 75.633 75.665 75.697 75.728 75.758 75.787 75.815 75.841 75.867 75.891 75.914 75.936 75.957 75.976 75.995 76.012 76.027 76.041 76.054 76.066 76.076 76.084 76.092 76.098 76.102 76.105 76.107 76.108 76.107 76.105 76.101 76.097 76.091 76.084 76.076 76.067 76.058 76.047 76.036 76.023 76.011 75.998 75.984 75.97 75.956 75.941 75.927 75.913 75.899 75.885 75.872 75.859 75.847 75.836 75.826 75.817 75.81 75.803 75.798 75.795 75.793
75.347 75.388 75.428 75.468 75.507 75.545 75.582 75.619 75.655 75.69 75.725 75.758 75.791 75.822 75.853 75.883 75.911 75.939 75.966 75.991 76.016 76.039 76.061 76.082 76.101 76.12 76.137 76.153 76.167 76.181 76.193 76.203 76.213 76.221 76.227 76.233 76.237 76.239 76.241 76.241 76.24 76.238 76.235 76.231 76.225 76.219 76.212 76.203 76.195 76.185 76.175 76.164 76.152 76.141 76.129 76.117 76.104 76.092 76.08 76.068 76.057 76.046 76.035 76.026 76.017 76.009 76.002 75.996 75.992 75.989 75.988 75.988
75.474 75.515 75.554 75.594 75.632 75.67 75.707 75.744 75.78 75.814 75.849 75.882 75.914 75.946 75.976 76.006 76.034 76.062 76.089 76.114 76.138 76.162 76.184 76.205 76.225 76.243 76.261 76.277 76.292 76.306 76.318 76.329 76.339 76.348 76.355 76.362 76.367 76.37 76.373 76.374 76.374 76.373 76.371 76.368 76.364 76.359 76.354 76.347 76.34 76.332 76.323 76.314 76.305 76.295 76.285 76.275 76.264 76.254 76.244 76.234 76.225 76.216 76.207 76.2 76.193 76.187 76.182 76.179 76.176 76.175 76.176 76.178
75.599 75.639 75.679 75.718 75.756 75.794 75.831 75.867 75.902 75.937 75.971 76.004 76.036 76.067 76.098 76.127 76.156 76.183 76.21 76.235 76.26 76.283 76.306 76.327 76.347 76.366 76.383 76.4 76.415 76.429 76.442 76.454 76.465 76.474 76.482 76.489 76.495 76.499 76.503 76.505 76.506 76.506 76.506 76.504 76.501 76.498 76.493 76.488 76.483 76.476 76.469 76.462 76.454 76.446 76.438 76.429 76.421 76.413 76.405 76.397 76.389 76.382 76.376 76.37 76.365 76.361 76.358 76.356 76.356 76.357 76.359 76.363
75.723 75.763 75.802 75.841 75.879 75.916 75.952 75.988 76.024 76.058 76.092 76.124 76.156 76.188 76.218 76.247 76.276 76.303 76.33 76.355 76.38 76.403 76.426 76.447 76.467 76.486 76.504 76.521 76.537 76.551 76.565 76.577 76.588 76.598 76.607 76.614 76.621 76.626 76.631 76.634 76.636 76.638 76.638 76.638 76.636 76.634 76.631 76.627 76.623 76.618 76.613 76.607 76.601 76.595 76.588 76.581 76.575 76.568 76.562 76.556 76.55 76.545 76.54 76.536 76.533 76.531 76.53 76.53 76.531 76.533 76.537 76.543
75.845 75.885 75.923 75.962 75.999 76.036 76.073 76.108 76.143 76.177 76.211 76.244 76.275 76.306 76.337 76.366 76.394 76.422 76.448 76.474 76.498 76.522 76.544 76.566 76.586 76.605 76.624 76.641 76.657 76.672 76.686 76.698 76.71 76.721 76.73 76.738 76.746 76.752 76.757 76.762 76.765 76.767 76.769 76.769 76.769 76.768 76.766 76.764 76.761 76.758 76.754 76.75 76.745 76.74 76.735 76.73 76.725 76.721 76.716 76.711 76.707 76.704 76.701 76.699 76.697 76.697 76.697 76.699 76.701 76.705 76.711 76.717
75.966 76.005 76.043 76.081 76.119 76.155 76.191 76.227 76.261 76.295 76.329 76.361 76.393 76.424 76.454 76.483 76.511 76.538 76.565 76.59 76.615 76.639 76.661 76.683 76.703 76.723 76.742 76.759 76.775 76.791 76.805 76.818 76.83 76.842 76.852 76.861 76.869 76.876 76.882 76.887 76.891 76.895 76.897 76.899 76.9 76.9 76.9 76.899 76.897 76.895 76.893 76.89 76.887 76.883 76.88 76.876 76.873 76.87 76.867 76.864 76.861 76.859 76.858 76.857 76.857 76.858 76.86 76.863 76.867 76.873 76.879 76.887
76.085 76.123 76.162 76.199 76.236 76.273 76.309 76.344 76.378 76.412 76.445 76.477 76.509 76.539 76.569 76.598 76.627 76.654 76.68 76.706 76.73 76.754 76.777 76.799 76.819 76.839 76.858 76.876 76.892 76.908 76.923 76.937 76.949 76.961 76.972 76.981 76.99 76.998 77.005 77.011 77.016 77.02 77.024 77.027 77.029 77.03 77.031 77.031 77.031 77.03 77.029 77.027 77.026 77.024 77.022 77.02 77.018 77.016 77.014 77.013 77.012 77.011 77.012 77.012 77.014 77.016 77.019 77.024 77.029 77.035 77.043 77.052
76.202 76.241 76.278 76.316 76.353 76.389 76.424 76.459 76.493 76.527 76.56 76.592 76.623 76.654 76.683 76.712 76.741 76.768 76.794 76.82 76.844 76.868 76.891 76.913 76.934 76.954 76.973 76.991 77.008 77.024 77.039 77.053 77.067 77.079 77.09 77.1 77.11 77.118 77.126 77.133 77.139 77.144 77.149 77.152 77.155 77.158 77.16 77.161 77.162 77.162 77.163 77.162 77.162 77.161 77.161 77.16 77.159 77.159 77.159 77.159 77.159 77.16 77.161 77.164 77.166 77.17 77.174 77.18 77.186 77.194 77.203 77.213
76.318 76.356 76.394 76.431 76.467 76.503 76.538 76.573 76.607 76.64 76.673 76.705 76.736 76.767 76.796 76.825 76.853 76.88 76.907 76.932 76.957 76.981 77.004 77.026 77.047 77.067 77.086 77.105 77.122 77.138 77.154 77.169 77.182 77.195 77.207 77.218 77.228 77.237 77.246 77.253 77.26 77.266 77.271 77.276 77.28 77.284 77.287 77.289 77.291 77.293 77.294 77.295 77.296 77.296 77.297 77.298 77.298 77.299 77.3 77.301 77.303 77.305 77.308 77.311 77.315 77.32 77.325 77.332 77.339 77.348 77.358 77.369
76.433 76.47 76.508 76.544 76.581 76.616 76.651 76.686 76.719 76.752 76.785 76.817 76.848 76.878 76.907 76.936 76.964 76.991 77.018 77.043 77.068 77.092 77.115 77.137 77.158 77.179 77.198 77.217 77.235 77.251 77.267 77.282 77.296 77.31 77.322 77.334 77.344 77.354 77.363 77.372 77.379 77.386 77.392 77.398 77.403 77.407 77.411 77.415 77.418 77.42 77.423 77.425 77.427 77.429 77.431 77.432 77.434 77.436 77.438 77.441 77.444 77.447 77.451 77.455 77.46 77.466 77.473 77.48 77.489 77.498 77.509 77.52
76.546 76.583 76.62 76.657 76.693 76.728 76.763 76.797 76.83 76.863 76.895 76.927 76.958 76.988 77.017 77.046 77.074 77.101 77.128 77.153 77.178 77.202 77.225 77.247 77.269 77.289 77.309 77.328 77.346 77.363 77.379 77.394 77.409 77.423 77.436 77.448 77.459 77.47 77.479 77.488 77.497 77.504 77.511 77.518 77.524 77.529 77.534 77.538 77.542 77.546 77.549 77.553 77.556 77.559 77.561 77.564 77.567 77.57 77.574 77.577 77.581 77.586 77.59 77.596 77.602 77.609 77.616 77.624 77.634 77.644 77.655 77.667
76.658 76.695 76.731 76.767 76.803 76.838 76.873 76.907 76.94 76.973 77.005 77.036 77.067 77.097 77.126 77.155 77.182 77.21 77.236 77.261 77.286 77.31 77.333 77.356 77.377 77.398 77.418 77.437 77.455 77.473 77.489 77.505 77.52 77.534 77.548 77.56 77.572 77.583 77.594 77.603 77.612 77.621 77.629 77.636 77.642 77.649 77.654 77.66 77.665 77.669 77.674 77.678 77.682 77.686 77.69 77.694 77.698 77.702 77.706 77.711 77.715 77.721 77.727 77.733 77.74 77.747 77.756 77.765 77.775 77.786 77.797 77.81
76.768 76.805 76.841 76.877 76.912 76.947 76.981 77.015 77.048 77.08 77.112 77.144 77.174 77.204 77.233 77.262 77.289 77.316 77.343 77.368 77.393 77.417 77.44 77.463 77.485 77.506 77.526 77.545 77.563 77.581 77.598 77.614 77.63 77.644 77.658 77.671 77.684 77.695 77.706 77.717 77.726 77.735 77.744 77.752 77.759 77.766 77.773 77.779 77.785 77.79 77.796 77.801 77.806 77.81 77.815 77.82 77.825 77.83 77.835 77.841 77.847 77.853 77.86 77.867 77.874 77.883 77.892 77.901 77.912 77.923 77.936 77.949
76.877 76.913 76.949 76.985 77.02 77.055 77.089 77.122 77.155 77.187 77.219 77.25 77.28 77.31 77.339 77.367 77.395 77.422 77.448 77.474 77.499 77.523 77.546 77.569 77.591 77.612 77.632 77.651 77.67 77.688 77.705 77.722 77.738 77.753 77.767 77.78 77.793 77.806 77.817 77.828 77.838 77.848 77.857 77.866 77.874 77.882 77.889 77.896 77.903 77.909 77.915 77.921 77.927 77.933 77.938 77.944 77.95 77.956 77.962 77.968 77.975 77.982 77.989 77.997 78.006 78.015 78.024 78.035 78.046 78.058 78.07 78.084
76.984 77.021 77.056 77.092 77.126 77.161 77.194 77.228 77.26 77.292 77.324 77.355 77.385 77.414 77.443 77.472 77.499 77.526 77.553 77.578 77.603 77.627 77.651 77.673 77.695 77.716 77.737 77.756 77.775 77.794 77.811 77.828 77.844 77.859 77.874 77.888 77.901 77.914 77.926 77.938 77.949 77.959 77.969 77.978 77.987 77.995 78.003 78.011 78.019 78.026 78.033 78.039 78.046 78.052 78.059 78.065 78.072 78.079 78.086 78.093 78.1 78.108 78.116 78.124 78.133 78.143 78.153 78.164 78.176 78.188 78.201 78.215
