raw_data/humedad_relativa/hora9/rh9nov.txt
ncols         501
nrows         361
xllcorner     109.95
yllcorner     -45.05
cellsize      0.1
NODATA_value  -9999
[rows 288 to 319 of 361, columns 144 to 215 of 501]
69.124 69.157 69.191 69.227 69.264 69.302 69.341 69.381 69.422 69.465 69.509 69.553 69.599 69.646 69.693 69.742 69.791 69.842 69.893 69.945 69.997 70.051 70.105 70.159 70.215 70.27 70.327 70.383 70.441 70.498 70.556 70.615 70.673 70.732 70.791 70.85 70.909 70.969 71.028 71.088 71.147 71.207 71.266 71.326 71.385 71.444 71.503 71.562 71.62 71.678 71.736 71.794 71.851 71.908 71.965 72.021 72.077 72.133 72.188 72.243 72.297 72.351 72.404 72.457 72.509 72.561 72.612 72.663 72.713 72.762 72.811 72.86
69.326 69.359 69.393 69.428 69.464 69.502 69.54 69.58 69.621 69.663 69.706 69.75 69.795 69.841 69.888 69.936 69.984 70.034 70.084 70.135 70.187 70.24 70.293 70.347 70.401 70.457 70.512 70.568 70.624 70.681 70.738 70.796 70.854 70.912 70.97 71.029 71.087 71.146 71.205 71.263 71.322 71.381 71.44 71.499 71.557 71.616 71.674 71.732 71.79 71.848 71.905 71.962 72.019 72.076 72.132 72.188 72.243 72.298 72.353 72.407 72.461 72.515 72.567 72.62 72.672 72.723 72.774 72.825 72.874 72.924 72.972 73.02
69.526 69.558 69.591 69.626 69.662 69.699 69.737 69.776 69.816 69.858 69.9 69.944 69.988 70.033 70.08 70.127 70.175 70.224 70.273 70.324 70.375 70.427 70.479 70.532 70.586 70.64 70.695 70.75 70.806 70.862 70.918 70.975 71.032 71.09 71.147 71.205 71.263 71.321 71.379 71.437 71.495 71.553 71.611 71.669 71.727 71.785 71.843 71.9 71.958 72.015 72.072 72.128 72.185 72.241 72.297 72.352 72.407 72.462 72.516 72.57 72.623 72.676 72.729 72.781 72.833 72.884 72.934 72.984 73.034 73.083 73.131 73.178
69.723 69.754 69.787 69.822 69.857 69.893 69.931 69.97 70.009 70.05 70.092 70.135 70.179 70.223 70.269 70.316 70.363 70.411 70.46 70.51 70.56 70.611 70.663 70.715 70.768 70.822 70.876 70.93 70.985 71.041 71.096 71.152 71.209 71.265 71.322 71.379 71.436 71.493 71.551 71.608 71.666 71.723 71.781 71.838 71.895 71.953 72.01 72.067 72.124 72.18 72.236 72.293 72.348 72.404 72.459 72.514 72.569 72.623 72.677 72.73 72.783 72.836 72.888 72.94 72.991 73.042 73.092 73.142 73.191 73.239 73.287 73.334
69.917 69.948 69.981 70.014 70.049 70.085 70.122 70.161 70.2 70.24 70.281 70.324 70.367 70.411 70.456 70.502 70.548 70.596 70.644 70.693 70.743 70.793 70.845 70.896 70.948 71.001 71.054 71.108 71.162 71.217 71.272 71.327 71.383 71.439 71.495 71.551 71.607 71.664 71.721 71.777 71.834 71.891 71.948 72.005 72.061 72.118 72.175 72.231 72.287 72.343 72.399 72.455 72.51 72.565 72.62 72.674 72.728 72.782 72.836 72.889 72.941 72.993 73.045 73.097 73.147 73.198 73.247 73.297 73.345 73.394 73.441 73.488
70.108 70.139 70.171 70.205 70.239 70.275 70.311 70.349 70.388 70.427 70.468 70.51 70.552 70.596 70.64 70.686 70.732 70.779 70.826 70.875 70.924 70.973 71.024 71.075 71.126 71.178 71.231 71.284 71.337 71.391 71.445 71.5 71.555 71.61 71.665 71.721 71.777 71.833 71.889 71.945 72.001 72.057 72.113 72.169 72.226 72.282 72.337 72.393 72.449 72.504 72.56 72.615 72.67 72.724 72.778 72.832 72.886 72.939 72.992 73.045 73.097 73.149 73.2 73.251 73.302 73.352 73.401 73.45 73.498 73.546 73.593 73.64
70.297 70.328 70.359 70.392 70.426 70.461 70.498 70.535 70.573 70.612 70.653 70.694 70.736 70.779 70.822 70.867 70.913 70.959 71.006 71.053 71.102 71.151 71.201 71.251 71.302 71.353 71.405 71.457 71.51 71.563 71.617 71.67 71.725 71.779 71.834 71.889 71.944 71.999 72.054 72.11 72.165 72.221 72.276 72.332 72.388 72.443 72.498 72.554 72.609 72.664 72.718 72.773 72.827 72.881 72.935 72.988 73.042 73.095 73.147 73.199 73.251 73.302 73.353 73.404 73.454 73.503 73.552 73.601 73.649 73.696 73.743 73.789
70.483 70.513 70.545 70.578 70.611 70.646 70.682 70.718 70.756 70.795 70.834 70.875 70.917 70.959 71.002 71.046 71.091 71.137 71.183 71.23 71.278 71.326 71.375 71.425 71.475 71.526 71.577 71.628 71.68 71.733 71.786 71.839 71.892 71.946 72 72.054 72.109 72.163 72.218 72.273 72.328 72.383 72.438 72.493 72.548 72.602 72.657 72.712 72.766 72.821 72.875 72.929 72.983 73.036 73.09 73.143 73.195 73.248 73.3 73.351 73.403 73.454 73.504 73.554 73.604 73.653 73.702 73.75 73.797 73.844 73.891 73.937
70.667 70.697 70.728 70.76 70.793 70.828 70.863 70.899 70.937 70.975 71.014 71.054 71.095 71.137 71.179 71.223 71.267 71.312 71.358 71.404 71.451 71.499 71.548 71.597 71.646 71.696 71.747 71.797 71.849 71.901 71.953 72.005 72.058 72.111 72.165 72.218 72.272 72.326 72.38 72.434 72.488 72.543 72.597 72.651 72.706 72.76 72.814 72.868 72.922 72.976 73.03 73.083 73.136 73.189 73.242 73.295 73.347 73.399 73.45 73.502 73.553 73.603 73.653 73.703 73.752 73.801 73.849 73.897 73.944 73.99 74.036 74.082
70.848 70.878 70.909 70.94 70.973 71.007 71.042 71.078 71.115 71.152 71.191 71.231 71.271 71.312 71.354 71.397 71.441 71.485 71.531 71.576 71.623 71.67 71.718 71.766 71.815 71.864 71.914 71.964 72.015 72.066 72.118 72.17 72.222 72.274 72.327 72.38 72.433 72.486 72.54 72.593 72.647 72.701 72.754 72.808 72.862 72.915 72.969 73.023 73.076 73.129 73.182 73.235 73.288 73.341 73.393 73.445 73.497 73.548 73.599 73.65 73.7 73.751 73.8 73.849 73.898 73.946 73.994 74.042 74.088 74.135 74.18 74.225
71.027 71.056 71.087 71.118 71.151 71.184 71.219 71.254 71.29 71.328 71.366 71.405 71.445 71.486 71.527 71.57 71.613 71.657 71.701 71.746 71.792 71.839 71.886 71.934 71.982 72.031 72.08 72.129 72.179 72.23 72.281 72.332 72.384 72.435 72.487 72.54 72.592 72.645 72.698 72.751 72.804 72.857 72.91 72.963 73.016 73.069 73.122 73.175 73.228 73.281 73.333 73.386 73.438 73.49 73.542 73.593 73.645 73.696 73.746 73.797 73.846 73.896 73.945 73.994 74.042 74.09 74.138 74.185 74.231 74.277 74.322 74.367
71.203 71.233 71.263 71.294 71.326 71.359 71.393 71.428 71.464 71.501 71.538 71.577 71.616 71.657 71.698 71.74 71.782 71.825 71.869 71.914 71.959 72.005 72.052 72.099 72.146 72.195 72.243 72.292 72.342 72.392 72.442 72.492 72.543 72.594 72.646 72.697 72.749 72.801 72.854 72.906 72.958 73.011 73.063 73.116 73.168 73.221 73.273 73.326 73.378 73.43 73.482 73.534 73.586 73.637 73.689 73.74 73.791 73.841 73.891 73.941 73.991 74.04 74.089 74.137 74.185 74.232 74.279 74.326 74.372 74.417 74.462 74.506
71.378 71.406 71.436 71.467 71.499 71.531 71.565 71.6 71.635 71.671 71.709 71.747 71.786 71.826 71.866 71.907 71.949 71.992 72.036 72.08 72.124 72.17 72.216 72.262 72.309 72.357 72.405 72.453 72.502 72.551 72.601 72.651 72.701 72.752 72.802 72.853 72.905 72.956 73.008 73.059 73.111 73.163 73.215 73.267 73.319 73.371 73.423 73.475 73.526 73.578 73.63 73.681 73.732 73.783 73.834 73.884 73.935 73.985 74.034 74.084 74.133 74.182 74.23 74.278 74.325 74.372 74.419 74.465 74.511 74.556 74.6 74.644
71.549 71.578 71.607 71.638 71.669 71.701 71.735 71.769 71.804 71.84 71.877 71.914 71.953 71.992 72.032 72.073 72.115 72.157 72.2 72.243 72.287 72.332 72.377 72.423 72.47 72.517 72.564 72.612 72.66 72.709 72.758 72.807 72.857 72.907 72.957 73.007 73.058 73.109 73.16 73.211 73.262 73.313 73.365 73.416 73.467 73.519 73.57 73.622 73.673 73.724 73.775 73.826 73.876 73.927 73.977 74.027 74.077 74.127 74.176 74.225 74.273 74.322 74.369 74.417 74.464 74.511 74.557 74.602 74.648 74.692 74.736 74.78
71.719 71.747 71.776 71.806 71.837 71.869 71.902 71.936 71.971 72.006 72.043 72.08 72.118 72.157 72.196 72.236 72.277 72.319 72.362 72.405 72.448 72.492 72.537 72.582 72.628 72.675 72.721 72.769 72.816 72.864 72.913 72.962 73.011 73.06 73.109 73.159 73.209 73.26 73.31 73.361 73.411 73.462 73.513 73.563 73.614 73.665 73.716 73.767 73.817 73.868 73.918 73.969 74.019 74.069 74.119 74.168 74.218 74.267 74.315 74.364 74.412 74.46 74.507 74.554 74.601 74.647 74.693 74.738 74.783 74.827 74.871 74.914
71.886 71.914 71.943 71.972 72.003 72.035 72.067 72.101 72.135 72.17 72.206 72.243 72.281 72.319 72.358 72.398 72.438 72.48 72.521 72.564 72.607 72.651 72.695 72.74 72.785 72.831 72.877 72.924 72.971 73.018 73.066 73.114 73.162 73.211 73.26 73.309 73.359 73.409 73.458 73.508 73.558 73.609 73.659 73.709 73.759 73.81 73.86 73.91 73.96 74.01 74.06 74.11 74.16 74.209 74.258 74.307 74.356 74.405 74.453 74.501 74.549 74.596 74.643 74.69 74.736 74.782 74.827 74.872 74.916 74.96 75.004 75.046
72.051 72.078 72.107 72.136 72.167 72.198 72.23 72.263 72.297 72.332 72.368 72.404 72.441 72.479 72.518 72.557 72.597 72.638 72.679 72.721 72.764 72.807 72.851 72.895 72.939 72.985 73.03 73.076 73.123 73.17 73.217 73.265 73.313 73.361 73.409 73.458 73.507 73.556 73.605 73.654 73.704 73.753 73.803 73.853 73.903 73.952 74.002 74.052 74.101 74.151 74.2 74.25 74.299 74.348 74.396 74.445 74.493 74.541 74.589 74.637 74.684 74.731 74.777 74.824 74.869 74.915 74.96 75.004 75.048 75.092 75.134 75.177
72.213 72.241 72.269 72.298 72.328 72.359 72.391 72.424 72.458 72.492 72.527 72.563 72.6 72.637 72.675 72.714 72.754 72.794 72.835 72.876 72.919 72.961 73.004 73.048 73.092 73.137 73.182 73.227 73.273 73.32 73.366 73.413 73.461 73.508 73.556 73.604 73.653 73.701 73.75 73.799 73.848 73.897 73.946 73.995 74.044 74.093 74.142 74.192 74.241 74.29 74.338 74.387 74.436 74.484 74.533 74.581 74.629 74.676 74.724 74.771 74.817 74.864 74.91 74.956 75.001 75.046 75.091 75.135 75.178 75.221 75.264 75.306
72.374 72.401 72.429 72.458 72.488 72.519 72.55 72.583 72.616 72.65 72.685 72.72 72.756 72.793 72.831 72.87 72.909 72.948 72.989 73.03 73.071 73.113 73.156 73.199 73.243 73.287 73.332 73.377 73.422 73.468 73.514 73.56 73.607 73.654 73.701 73.749 73.797 73.845 73.893 73.941 73.989 74.038 74.086 74.135 74.184 74.232 74.281 74.33 74.378 74.427 74.475 74.523 74.571 74.619 74.667 74.715 74.762 74.809 74.856 74.903 74.949 74.995 75.041 75.086 75.131 75.176 75.22 75.263 75.307 75.349 75.391 75.433
72.532 72.559 72.587 72.616 72.645 72.676 72.707 72.739 72.772 72.805 72.84 72.875 72.911 72.947 72.985 73.023 73.061 73.101 73.141 73.181 73.222 73.264 73.306 73.349 73.392 73.435 73.479 73.524 73.569 73.614 73.66 73.705 73.752 73.798 73.845 73.892 73.939 73.987 74.034 74.082 74.13 74.178 74.226 74.274 74.322 74.37 74.418 74.466 74.514 74.562 74.61 74.658 74.705 74.753 74.8 74.847 74.894 74.941 74.987 75.034 75.079 75.125 75.17 75.215 75.259 75.304 75.347 75.391 75.433 75.476 75.517 75.559
72.689 72.715 72.743 72.771 72.8 72.831 72.861 72.893 72.926 72.959 72.993 73.028 73.063 73.1 73.136 73.174 73.212 73.251 73.291 73.331 73.371 73.412 73.454 73.496 73.539 73.582 73.625 73.669 73.714 73.758 73.803 73.849 73.894 73.94 73.987 74.033 74.08 74.127 74.174 74.221 74.268 74.315 74.363 74.41 74.458 74.506 74.553 74.601 74.648 74.696 74.743 74.79 74.838 74.885 74.931 74.978 75.025 75.071 75.117 75.162 75.208 75.253 75.298 75.342 75.386 75.43 75.473 75.516 75.558 75.6 75.642 75.683
72.843 72.869 72.897 72.925 72.954 72.983 73.014 73.045 73.078 73.111 73.144 73.179 73.214 73.25 73.286 73.323 73.361 73.399 73.438 73.478 73.518 73.559 73.6 73.642 73.684 73.726 73.769 73.813 73.857 73.901 73.945 73.99 74.035 74.081 74.127 74.172 74.219 74.265 74.311 74.358 74.405 74.452 74.499 74.546 74.593 74.64 74.687 74.734 74.781 74.828 74.875 74.922 74.968 75.015 75.061 75.107 75.153 75.199 75.244 75.29 75.335 75.379 75.424 75.468 75.511 75.555 75.598 75.64 75.682 75.723 75.765 75.805
72.995 73.021 73.048 73.076 73.105 73.134 73.165 73.196 73.228 73.26 73.294 73.328 73.362 73.398 73.434 73.471 73.508 73.546 73.585 73.624 73.663 73.704 73.744 73.785 73.827 73.869 73.912 73.955 73.998 74.042 74.086 74.13 74.175 74.22 74.265 74.31 74.356 74.402 74.447 74.494 74.54 74.586 74.633 74.679 74.726 74.772 74.819 74.865 74.912 74.958 75.005 75.051 75.097 75.143 75.189 75.235 75.28 75.326 75.371 75.415 75.46 75.504 75.548 75.592 75.635 75.678 75.72 75.762 75.804 75.845 75.886 75.926
73.145 73.171 73.198 73.226 73.254 73.283 73.313 73.344 73.376 73.408 73.441 73.475 73.509 73.544 73.58 73.616 73.653 73.691 73.729 73.767 73.807 73.846 73.887 73.927 73.969 74.01 74.052 74.095 74.138 74.181 74.224 74.268 74.312 74.357 74.401 74.446 74.491 74.536 74.582 74.627 74.673 74.719 74.765 74.811 74.857 74.903 74.949 74.995 75.041 75.087 75.133 75.179 75.225 75.27 75.316 75.361 75.406 75.451 75.495 75.54 75.584 75.628 75.671 75.714 75.757 75.799 75.841 75.883 75.924 75.965 76.005 76.045
73.293 73.319 73.346 73.373 73.401 73.43 73.46 73.491 73.522 73.554 73.586 73.62 73.654 73.688 73.724 73.76 73.796 73.833 73.871 73.909 73.948 73.988 74.027 74.068 74.108 74.149 74.191 74.233 74.275 74.318 74.361 74.404 74.448 74.492 74.536 74.58 74.625 74.67 74.715 74.76 74.805 74.85 74.896 74.941 74.987 75.032 75.078 75.123 75.169 75.214 75.26 75.305 75.35 75.395 75.44 75.485 75.53 75.574 75.618 75.662 75.706 75.749 75.792 75.835 75.877 75.92 75.961 76.002 76.043 76.084 76.124 76.163
73.439 73.465 73.491 73.519 73.547 73.575 73.605 73.635 73.666 73.698 73.73 73.763 73.797 73.831 73.866 73.902 73.938 73.974 74.012 74.05 74.088 74.127 74.166 74.206 74.246 74.287 74.328 74.37 74.411 74.454 74.496 74.539 74.582 74.625 74.669 74.713 74.757 74.801 74.846 74.89 74.935 74.98 75.025 75.07 75.115 75.16 75.205 75.25 75.295 75.34 75.385 75.43 75.475 75.519 75.564 75.608 75.652 75.696 75.74 75.783 75.827 75.869 75.912 75.954 75.996 76.038 76.079 76.12 76.161 76.201 76.24 76.279
73.584 73.609 73.635 73.662 73.69 73.718 73.748 73.778 73.808 73.84 73.872 73.904 73.938 73.972 74.006 74.041 74.077 74.114 74.151 74.188 74.226 74.264 74.303 74.343 74.382 74.423 74.463 74.504 74.546 74.587 74.63 74.672 74.715 74.757 74.801 74.844 74.888 74.931 74.975 75.019 75.064 75.108 75.152 75.197 75.241 75.286 75.331 75.375 75.42 75.464 75.509 75.553 75.597 75.642 75.686 75.729 75.773 75.817 75.86 75.903 75.946 75.988 76.03 76.072 76.114 76.155 76.196 76.237 76.277 76.316 76.356 76.394
73.726 73.751 73.777 73.804 73.831 73.86 73.889 73.918 73.949 73.98 74.011 74.044 74.077 74.111 74.145 74.18 74.215 74.251 74.288 74.325 74.362 74.4 74.439 74.478 74.517 74.557 74.597 74.637 74.678 74.72 74.761 74.803 74.845 74.888 74.93 74.973 75.016 75.06 75.103 75.147 75.191 75.234 75.278 75.322 75.366 75.411 75.455 75.499 75.543 75.587 75.631 75.675 75.719 75.762 75.806 75.849 75.892 75.936 75.978 76.021 76.063 76.105 76.147 76.189 76.23 76.271 76.311 76.351 76.391 76.431 76.469 76.508
73.866 73.891 73.917 73.944 73.971 73.999 74.028 74.057 74.087 74.118 74.15 74.182 74.214 74.248 74.282 74.316 74.351 74.387 74.423 74.459 74.497 74.534 74.572 74.611 74.65 74.689 74.729 74.769 74.809 74.85 74.891 74.933 74.975 75.016 75.059 75.101 75.144 75.187 75.23 75.273 75.316 75.359 75.403 75.446 75.49 75.534 75.577 75.621 75.664 75.708 75.752 75.795 75.838 75.882 75.925 75.968 76.01 76.053 76.095 76.138 76.18 76.221 76.263 76.304 76.345 76.385 76.425 76.465 76.504 76.543 76.582 76.62
74.005 74.03 74.055 74.082 74.109 74.137 74.165 74.194 74.224 74.255 74.286 74.318 74.35 74.383 74.417 74.451 74.485 74.521 74.556 74.593 74.629 74.667 74.704 74.742 74.781 74.82 74.859 74.899 74.939 74.979 75.02 75.061 75.102 75.144 75.185 75.227 75.269 75.312 75.354 75.397 75.44 75.483 75.526 75.569 75.612 75.655 75.698 75.741 75.785 75.828 75.871 75.914 75.957 75.999 76.042 76.085 76.127 76.169 76.211 76.253 76.294 76.336 76.377 76.417 76.458 76.498 76.538 76.577 76.616 76.655 76.693 76.731
74.142 74.166 74.192 74.218 74.245 74.272 74.301 74.33 74.359 74.389 74.42 74.452 74.484 74.517 74.55 74.584 74.618 74.653 74.688 74.724 74.76 74.797 74.835 74.872 74.91 74.949 74.988 75.027 75.067 75.107 75.147 75.187 75.228 75.269 75.31 75.352 75.394 75.436 75.478 75.52 75.562 75.605 75.647 75.69 75.732 75.775 75.818 75.86 75.903 75.946 75.988 76.031 76.073 76.116 76.158 76.2 76.242 76.284 76.325 76.367 76.408 76.449 76.489 76.529 76.569 76.609 76.649 76.688 76.726 76.764 76.802 76.84
74.276 74.301 74.326 74.352 74.379 74.406 74.434 74.463 74.492 74.522 74.553 74.584 74.616 74.648 74.681 74.715 74.749 74.783 74.818 74.854 74.89 74.926 74.963 75 75.038 75.076 75.115 75.154 75.193 75.232 75.272 75.312 75.353 75.393 75.434 75.475 75.516 75.558 75.599 75.641 75.683 75.725 75.767 75.809 75.851 75.894 75.936 75.978 76.02 76.062 76.105 76.147 76.189 76.231 76.272 76.314 76.356 76.397 76.438 76.479 76.52 76.56 76.6 76.64 76.68 76.719 76.758 76.797 76.835 76.873 76.911 76.948
