raw_data/humedad_relativa/hora9/rh9nov.txt
ncols         501
nrows         361
xllcorner     109.95
yllcorner     -45.05
cellsize      0.1
NODATA_value  -9999
[rows 64 to 95 of 361, columns 0 to 71 of 501]
62.986 62.923 62.859 62.795 62.73 62.665 62.599 62.533 62.466 62.399 62.332 62.264 62.195 62.126 62.056 61.986 61.916 61.844 61.773 61.7 61.627 61.554 61.479 61.405 61.329 61.253 61.176 61.099 61.02 60.942 60.862 60.782 60.701 60.619 60.536 60.453 60.369 60.285 60.199 60.113 60.027 59.94 59.852 59.763 59.674 59.585 59.495 59.405 59.314 59.223 59.132 59.04 58.949 58.858 58.767 58.676 58.585 58.495 58.405 58.316 58.227 58.14 58.053 57.968 57.884 57.801 57.72 57.64 57.562 57.486 57.412 57.34
62.91 62.845 62.78 62.715 62.649 62.583 62.516 62.449 62.381 62.313 62.244 62.175 62.106 62.036 61.965 61.894 61.822 61.749 61.676 61.603 61.528 61.453 61.378 61.302 61.225 61.147 61.069 60.99 60.91 60.83 60.749 60.667 60.584 60.501 60.416 60.331 60.245 60.159 60.072 59.983 59.895 59.805 59.715 59.624 59.533 59.441 59.348 59.255 59.162 59.068 58.974 58.88 58.786 58.691 58.597 58.503 58.409 58.316 58.223 58.13 58.038 57.948 57.858 57.769 57.682 57.595 57.511 57.428 57.346 57.267 57.19 57.115
62.833 62.767 62.701 62.635 62.568 62.501 62.433 62.365 62.296 62.227 62.157 62.087 62.016 61.945 61.873 61.801 61.728 61.654 61.58 61.505 61.429 61.353 61.276 61.199 61.121 61.042 60.962 60.882 60.8 60.718 60.635 60.552 60.467 60.382 60.296 60.209 60.121 60.033 59.943 59.853 59.762 59.67 59.578 59.485 59.391 59.296 59.201 59.105 59.009 58.913 58.816 58.719 58.621 58.524 58.426 58.329 58.232 58.135 58.039 57.943 57.848 57.754 57.66 57.568 57.477 57.387 57.299 57.213 57.128 57.046 56.965 56.886
62.756 62.69 62.623 62.555 62.487 62.419 62.35 62.281 62.211 62.141 62.07 61.999 61.927 61.855 61.781 61.708 61.634 61.559 61.483 61.407 61.33 61.253 61.175 61.096 61.016 60.936 60.855 60.773 60.69 60.606 60.522 60.437 60.351 60.264 60.176 60.087 59.997 59.907 59.815 59.723 59.629 59.535 59.441 59.345 59.248 59.151 59.053 58.955 58.856 58.757 58.657 58.556 58.456 58.355 58.255 58.154 58.053 57.953 57.853 57.754 57.655 57.558 57.461 57.365 57.27 57.177 57.086 56.996 56.907 56.821 56.737 56.655
62.679 62.612 62.544 62.476 62.407 62.337 62.267 62.197 62.126 62.055 61.983 61.911 61.838 61.764 61.69 61.615 61.54 61.464 61.387 61.309 61.231 61.153 61.073 60.993 60.912 60.83 60.748 60.664 60.58 60.495 60.409 60.322 60.234 60.145 60.055 59.964 59.873 59.78 59.687 59.592 59.497 59.4 59.303 59.205 59.106 59.006 58.905 58.804 58.702 58.6 58.497 58.394 58.29 58.186 58.082 57.978 57.874 57.77 57.667 57.564 57.461 57.36 57.259 57.16 57.062 56.965 56.869 56.776 56.684 56.594 56.506 56.421
62.603 62.534 62.465 62.396 62.326 62.255 62.185 62.113 62.041 61.969 61.896 61.822 61.748 61.673 61.598 61.522 61.445 61.368 61.29 61.212 61.132 61.052 60.972 60.89 60.808 60.724 60.64 60.555 60.47 60.383 60.295 60.206 60.117 60.026 59.935 59.842 59.748 59.654 59.558 59.461 59.364 59.265 59.165 59.065 58.963 58.86 58.757 58.653 58.548 58.443 58.336 58.23 58.123 58.016 57.908 57.8 57.693 57.585 57.478 57.372 57.266 57.16 57.056 56.952 56.85 56.75 56.65 56.553 56.457 56.363 56.272 56.183
62.526 62.456 62.386 62.316 62.245 62.174 62.102 62.029 61.956 61.883 61.808 61.734 61.658 61.583 61.506 61.429 61.351 61.273 61.194 61.114 61.033 60.952 60.87 60.787 60.703 60.618 60.533 60.447 60.359 60.271 60.182 60.091 60 59.908 59.814 59.72 59.624 59.527 59.43 59.331 59.231 59.129 59.027 58.924 58.82 58.715 58.608 58.501 58.393 58.285 58.175 58.066 57.955 57.844 57.733 57.622 57.511 57.4 57.289 57.178 57.068 56.959 56.85 56.743 56.637 56.532 56.429 56.327 56.228 56.13 56.035 55.942
62.449 62.379 62.308 62.236 62.164 62.092 62.019 61.945 61.871 61.796 61.721 61.645 61.569 61.492 61.414 61.336 61.257 61.177 61.097 61.016 60.934 60.851 60.768 60.684 60.599 60.513 60.426 60.338 60.249 60.159 60.068 59.976 59.883 59.789 59.694 59.597 59.5 59.401 59.301 59.2 59.097 58.994 58.889 58.783 58.676 58.568 58.459 58.349 58.238 58.127 58.014 57.901 57.787 57.672 57.558 57.443 57.327 57.212 57.097 56.983 56.869 56.755 56.643 56.531 56.421 56.312 56.205 56.099 55.995 55.894 55.794 55.697
62.372 62.301 62.229 62.156 62.083 62.01 61.936 61.861 61.786 61.71 61.634 61.557 61.479 61.401 61.322 61.243 61.163 61.082 61 60.918 60.835 60.751 60.666 60.581 60.494 60.407 60.318 60.229 60.139 60.047 59.955 59.861 59.766 59.67 59.573 59.475 59.375 59.274 59.172 59.069 58.964 58.858 58.751 58.643 58.533 58.422 58.31 58.197 58.083 57.968 57.852 57.735 57.618 57.499 57.381 57.262 57.143 57.024 56.905 56.786 56.668 56.55 56.433 56.318 56.203 56.09 55.978 55.868 55.76 55.654 55.55 55.449
62.296 62.223 62.15 62.076 62.002 61.928 61.852 61.777 61.7 61.624 61.546 61.468 61.389 61.31 61.23 61.149 61.068 60.986 60.903 60.82 60.735 60.65 60.564 60.477 60.389 60.301 60.211 60.12 60.028 59.935 59.841 59.746 59.649 59.552 59.453 59.353 59.251 59.148 59.044 58.938 58.831 58.723 58.613 58.502 58.389 58.276 58.161 58.045 57.927 57.809 57.689 57.569 57.448 57.326 57.203 57.081 56.957 56.834 56.711 56.588 56.465 56.343 56.222 56.102 55.982 55.865 55.748 55.634 55.521 55.411 55.303 55.198
62.219 62.145 62.071 61.997 61.921 61.846 61.769 61.692 61.615 61.537 61.459 61.379 61.3 61.219 61.138 61.056 60.974 60.89 60.806 60.722 60.636 60.55 60.462 60.374 60.285 60.195 60.103 60.011 59.918 59.823 59.728 59.631 59.533 59.433 59.332 59.23 59.127 59.022 58.915 58.807 58.698 58.587 58.475 58.361 58.246 58.129 58.011 57.892 57.771 57.649 57.526 57.402 57.277 57.152 57.025 56.898 56.771 56.643 56.516 56.388 56.261 56.134 56.008 55.883 55.76 55.637 55.516 55.397 55.28 55.165 55.053 54.943
62.142 62.068 61.992 61.917 61.84 61.764 61.686 61.608 61.53 61.451 61.371 61.291 61.21 61.128 61.046 60.963 60.879 60.795 60.709 60.623 60.537 60.449 60.36 60.271 60.18 60.089 59.996 59.902 59.808 59.711 59.614 59.516 59.416 59.315 59.212 59.108 59.003 58.896 58.787 58.677 58.565 58.452 58.337 58.22 58.102 57.983 57.862 57.739 57.615 57.49 57.363 57.235 57.106 56.977 56.846 56.715 56.583 56.451 56.319 56.187 56.055 55.923 55.793 55.663 55.534 55.407 55.281 55.157 55.035 54.916 54.799 54.684
62.066 61.99 61.913 61.837 61.759 61.681 61.603 61.524 61.444 61.364 61.283 61.202 61.12 61.037 60.953 60.869 60.784 60.699 60.612 60.525 60.437 60.348 60.258 60.167 60.075 59.983 59.889 59.793 59.697 59.6 59.501 59.401 59.299 59.196 59.092 58.986 58.879 58.769 58.659 58.546 58.432 58.316 58.199 58.08 57.959 57.836 57.712 57.586 57.459 57.33 57.199 57.068 56.935 56.801 56.666 56.531 56.394 56.258 56.121 55.984 55.847 55.711 55.575 55.44 55.307 55.174 55.043 54.915 54.788 54.663 54.541 54.422
61.989 61.912 61.835 61.757 61.678 61.599 61.52 61.439 61.359 61.277 61.195 61.113 61.029 60.945 60.861 60.776 60.689 60.603 60.515 60.427 60.337 60.247 60.156 60.064 59.971 59.876 59.781 59.685 59.587 59.488 59.388 59.286 59.183 59.078 58.972 58.864 58.755 58.644 58.531 58.416 58.3 58.181 58.061 57.939 57.815 57.69 57.562 57.433 57.302 57.17 57.036 56.9 56.763 56.625 56.486 56.345 56.205 56.063 55.921 55.78 55.638 55.496 55.356 55.215 55.077 54.939 54.803 54.669 54.537 54.407 54.28 54.156
61.912 61.834 61.756 61.677 61.597 61.517 61.436 61.355 61.273 61.19 61.107 61.024 60.939 60.854 60.768 60.682 60.595 60.506 60.418 60.328 60.237 60.146 60.054 59.96 59.866 59.77 59.674 59.576 59.477 59.376 59.274 59.171 59.066 58.96 58.852 58.742 58.631 58.518 58.403 58.286 58.167 58.046 57.924 57.799 57.672 57.544 57.413 57.28 57.146 57.01 56.872 56.732 56.591 56.448 56.304 56.16 56.014 55.868 55.721 55.574 55.427 55.28 55.134 54.988 54.844 54.701 54.559 54.42 54.282 54.147 54.015 53.885
61.835 61.756 61.677 61.597 61.516 61.435 61.353 61.27 61.187 61.104 61.019 60.934 60.849 60.762 60.676 60.588 60.499 60.41 60.32 60.229 60.138 60.045 59.951 59.857 59.761 59.664 59.566 59.467 59.366 59.264 59.161 59.056 58.95 58.842 58.732 58.621 58.508 58.392 58.275 58.156 58.035 57.912 57.786 57.659 57.529 57.398 57.264 57.128 56.99 56.849 56.707 56.564 56.418 56.271 56.123 55.973 55.823 55.671 55.519 55.367 55.214 55.062 54.91 54.759 54.609 54.46 54.313 54.168 54.025 53.884 53.746 53.611
61.759 61.679 61.598 61.516 61.435 61.352 61.269 61.186 61.101 61.017 60.931 60.845 60.758 60.671 60.583 60.494 60.404 60.314 60.222 60.13 60.037 59.944 59.849 59.753 59.656 59.558 59.458 59.358 59.256 59.153 59.048 58.941 58.834 58.724 58.613 58.499 58.384 58.267 58.148 58.027 57.903 57.778 57.65 57.519 57.387 57.252 57.115 56.975 56.833 56.689 56.543 56.395 56.245 56.094 55.941 55.786 55.63 55.474 55.316 55.158 55 54.842 54.684 54.527 54.371 54.217 54.064 53.912 53.764 53.617 53.473 53.333
61.682 61.601 61.519 61.436 61.353 61.27 61.186 61.101 61.015 60.929 60.843 60.755 60.667 60.579 60.49 60.399 60.309 60.217 60.125 60.031 59.937 59.842 59.746 59.649 59.551 59.451 59.351 59.249 59.145 59.041 58.935 58.827 58.717 58.606 58.493 58.378 58.261 58.142 58.021 57.898 57.772 57.644 57.513 57.38 57.245 57.106 56.966 56.823 56.677 56.53 56.379 56.227 56.073 55.916 55.758 55.598 55.437 55.275 55.112 54.948 54.784 54.62 54.457 54.293 54.131 53.97 53.811 53.654 53.499 53.346 53.197 53.051
61.605 61.523 61.44 61.356 61.272 61.187 61.102 61.016 60.929 60.842 60.754 60.666 60.577 60.487 60.396 60.305 60.213 60.12 60.026 59.932 59.837 59.74 59.643 59.545 59.445 59.344 59.243 59.139 59.035 58.929 58.821 58.712 58.601 58.488 58.374 58.257 58.138 58.018 57.894 57.769 57.641 57.51 57.377 57.241 57.103 56.962 56.818 56.671 56.522 56.37 56.216 56.059 55.9 55.738 55.575 55.41 55.243 55.076 54.907 54.737 54.567 54.397 54.227 54.057 53.889 53.721 53.556 53.392 53.231 53.072 52.916 52.764
61.528 61.445 61.361 61.276 61.19 61.104 61.018 60.931 60.843 60.755 60.665 60.576 60.485 60.394 60.303 60.21 60.117 60.023 59.928 59.832 59.736 59.638 59.54 59.44 59.34 59.238 59.135 59.03 58.924 58.817 58.708 58.597 58.485 58.371 58.255 58.136 58.016 57.893 57.768 57.64 57.51 57.377 57.241 57.103 56.961 56.817 56.67 56.52 56.367 56.211 56.052 55.891 55.727 55.561 55.392 55.221 55.049 54.875 54.7 54.524 54.348 54.171 53.995 53.819 53.643 53.469 53.297 53.127 52.959 52.793 52.631 52.473
61.452 61.367 61.281 61.195 61.109 61.022 60.934 60.845 60.756 60.667 60.577 60.486 60.394 60.302 60.209 60.115 60.021 59.925 59.829 59.733 59.635 59.536 59.436 59.336 59.234 59.131 59.026 58.921 58.814 58.705 58.595 58.483 58.369 58.253 58.136 58.016 57.894 57.769 57.642 57.512 57.38 57.245 57.106 56.965 56.821 56.673 56.523 56.369 56.212 56.052 55.889 55.723 55.554 55.383 55.209 55.032 54.854 54.674 54.493 54.311 54.128 53.944 53.761 53.578 53.395 53.214 53.035 52.858 52.683 52.511 52.342 52.177
61.375 61.289 61.202 61.115 61.027 60.939 60.85 60.76 60.67 60.579 60.487 60.395 60.302 60.209 60.115 60.02 59.924 59.828 59.73 59.632 59.533 59.433 59.333 59.231 59.128 59.023 58.918 58.811 58.703 58.593 58.481 58.368 58.253 58.136 58.017 57.895 57.772 57.645 57.516 57.385 57.25 57.113 56.972 56.828 56.681 56.53 56.376 56.219 56.058 55.894 55.726 55.556 55.382 55.205 55.025 54.843 54.659 54.473 54.285 54.096 53.906 53.715 53.525 53.334 53.145 52.957 52.77 52.585 52.403 52.224 52.049 51.876
61.298 61.211 61.123 61.035 60.945 60.856 60.765 60.675 60.583 60.491 60.398 60.305 60.211 60.116 60.02 59.924 59.827 59.73 59.631 59.532 59.432 59.33 59.228 59.125 59.021 58.916 58.809 58.701 58.591 58.48 58.368 58.253 58.137 58.019 57.898 57.775 57.65 57.522 57.391 57.258 57.121 56.981 56.838 56.692 56.542 56.388 56.231 56.07 55.905 55.736 55.564 55.389 55.21 55.027 54.842 54.654 54.463 54.27 54.076 53.879 53.682 53.484 53.286 53.088 52.891 52.695 52.501 52.309 52.12 51.933 51.75 51.571
61.221 61.133 61.044 60.954 60.864 60.773 60.681 60.589 60.496 60.403 60.308 60.214 60.118 60.022 59.926 59.828 59.73 59.631 59.531 59.431 59.329 59.227 59.124 59.02 58.914 58.808 58.7 58.591 58.48 58.368 58.254 58.138 58.021 57.901 57.779 57.655 57.528 57.399 57.266 57.131 56.992 56.851 56.705 56.556 56.403 56.246 56.086 55.921 55.752 55.58 55.403 55.222 55.038 54.85 54.659 54.465 54.267 54.068 53.866 53.662 53.457 53.252 53.046 52.84 52.635 52.431 52.229 52.029 51.832 51.638 51.447 51.261
61.145 61.055 60.964 60.873 60.782 60.689 60.596 60.503 60.409 60.314 60.219 60.122 60.026 59.928 59.83 59.732 59.632 59.532 59.431 59.329 59.227 59.123 59.019 58.913 58.807 58.699 58.59 58.48 58.368 58.255 58.14 58.023 57.904 57.784 57.66 57.535 57.407 57.276 57.142 57.005 56.864 56.72 56.573 56.421 56.266 56.106 55.942 55.774 55.601 55.424 55.243 55.057 54.867 54.674 54.476 54.275 54.071 53.864 53.655 53.444 53.231 53.017 52.803 52.589 52.376 52.164 51.953 51.745 51.54 51.338 51.139 50.945
61.068 60.977 60.885 60.793 60.7 60.606 60.512 60.417 60.321 60.225 60.128 60.031 59.933 59.834 59.735 59.635 59.534 59.433 59.33 59.227 59.123 59.019 58.913 58.806 58.699 58.59 58.48 58.369 58.256 58.141 58.025 57.908 57.788 57.666 57.542 57.415 57.285 57.153 57.018 56.879 56.737 56.591 56.441 56.287 56.129 55.966 55.799 55.627 55.451 55.269 55.083 54.892 54.697 54.497 54.294 54.086 53.875 53.661 53.444 53.224 53.003 52.781 52.559 52.336 52.114 51.893 51.674 51.457 51.243 51.033 50.826 50.624
60.991 60.899 60.806 60.712 60.617 60.522 60.427 60.33 60.234 60.136 60.038 59.939 59.84 59.74 59.639 59.537 59.435 59.333 59.229 59.125 59.02 58.914 58.807 58.699 58.59 58.48 58.369 58.257 58.143 58.028 57.911 57.792 57.671 57.548 57.423 57.295 57.164 57.031 56.894 56.754 56.61 56.462 56.31 56.154 55.993 55.828 55.657 55.482 55.301 55.116 54.925 54.729 54.528 54.322 54.112 53.897 53.679 53.457 53.232 53.004 52.774 52.543 52.312 52.08 51.849 51.619 51.39 51.165 50.942 50.723 50.508 50.297
60.914 60.82 60.726 60.631 60.535 60.439 60.342 60.244 60.146 60.047 59.947 59.847 59.746 59.644 59.542 59.44 59.336 59.232 59.127 59.022 58.915 58.808 58.7 58.591 58.481 58.37 58.258 58.144 58.029 57.913 57.795 57.675 57.554 57.43 57.303 57.175 57.043 56.908 56.77 56.629 56.484 56.334 56.18 56.022 55.859 55.691 55.517 55.338 55.154 54.964 54.768 54.567 54.36 54.148 53.931 53.709 53.483 53.253 53.019 52.783 52.544 52.304 52.063 51.821 51.58 51.341 51.103 50.868 50.636 50.407 50.184 49.965
60.838 60.742 60.646 60.55 60.453 60.355 60.256 60.157 60.057 59.957 59.856 59.754 59.652 59.549 59.445 59.341 59.236 59.131 59.025 58.918 58.81 58.701 58.592 58.482 58.371 58.259 58.145 58.031 57.915 57.798 57.679 57.558 57.436 57.311 57.184 57.054 56.922 56.786 56.647 56.504 56.358 56.207 56.051 55.891 55.725 55.555 55.378 55.196 55.007 54.813 54.612 54.406 54.193 53.975 53.75 53.521 53.287 53.048 52.806 52.56 52.312 52.062 51.811 51.56 51.309 51.059 50.811 50.566 50.324 50.087 49.854 49.626
60.761 60.664 60.567 60.469 60.37 60.271 60.171 60.07 59.969 59.867 59.764 59.661 59.557 59.453 59.348 59.242 59.136 59.029 58.921 58.813 58.704 58.594 58.484 58.372 58.26 58.147 58.032 57.917 57.8 57.682 57.562 57.441 57.317 57.192 57.064 56.933 56.8 56.664 56.524 56.38 56.232 56.08 55.923 55.761 55.593 55.42 55.24 55.055 54.863 54.664 54.459 54.247 54.028 53.803 53.571 53.334 53.092 52.844 52.592 52.337 52.079 51.819 51.557 51.295 51.034 50.773 50.515 50.259 50.007 49.76 49.517 49.281
60.684 60.586 60.487 60.388 60.287 60.186 60.085 59.983 59.88 59.776 59.672 59.567 59.462 59.356 59.25 59.142 59.035 58.926 58.817 58.707 58.597 58.486 58.374 58.261 58.148 58.033 57.918 57.802 57.684 57.565 57.444 57.322 57.198 57.072 56.943 56.812 56.678 56.541 56.4 56.256 56.107 55.954 55.795 55.632 55.462 55.286 55.104 54.916 54.72 54.517 54.307 54.089 53.864 53.632 53.393 53.148 52.897 52.64 52.379 52.113 51.845 51.573 51.301 51.028 50.755 50.483 50.214 49.947 49.685 49.427 49.175 48.928
60.608 60.508 60.407 60.306 60.205 60.102 59.999 59.895 59.791 59.686 59.58 59.473 59.366 59.259 59.151 59.042 58.933 58.823 58.712 58.601 58.489 58.377 58.263 58.149 58.035 57.919 57.803 57.685 57.566 57.447 57.325 57.202 57.077 56.951 56.822 56.69 56.555 56.418 56.277 56.131 55.982 55.828 55.668 55.503 55.332 55.155 54.97 54.778 54.579 54.372 54.157 53.934 53.703 53.464 53.217 52.963 52.703 52.437 52.165 51.889 51.609 51.326 51.042 50.757 50.472 50.189 49.908 49.63 49.356 49.088 48.825 48.569
