raw_data/humedad_relativa/hora9/rh9nov.txt
ncols         501
nrows         361
xllcorner     109.95
yllcorner     -45.05
cellsize      0.1
NODATA_value  -9999
[rows 224 to 255 of 361, columns 72 to 143 of 501]
49.957 49.63 49.206 49.051 49.071 49.104 48.78 48.463 48.21 47.984 48.072 48.315 48.153 47.893 47.75 47.749 47.884 47.609 47.886 47.458 47.405 47.395 47.364 47.531 47.203 47.111 47.054 47.154 47.235 47.037 46.995 47.048 47.088 46.948 46.758 46.841 47.03 47.066 47.042 46.99 46.831 46.778 46.709 46.48 46.286 46.32 46.511 46.913 46.765 46.871 47.008 46.923 46.873 46.922 47.033 47.121 47.356 47.636 47.466 47.446 47.495 47.586 47.672 47.642 47.595 47.842 47.835 47.913 47.961 48.027 48.09 48.161
50.248 50.032 49.708 49.352 49.559 49.425 49.147 49.06 48.604 48.373 48.382 48.474 48.492 48.376 48.182 48.332 48.283 48.405 48.036 47.862 48.018 47.849 47.921 48.003 47.682 47.446 47.617 47.775 47.578 47.437 47.54 47.632 47.621 47.532 47.357 47.284 47.453 47.504 47.384 47.451 47.24 47.114 47.061 47.254 46.799 46.963 47.073 47.331 47.272 47.185 47.295 47.304 47.319 47.42 47.605 47.761 47.941 47.95 47.904 48.051 48.07 48.187 48.289 48.23 48.134 48.121 48.225 48.322 48.389 48.475 48.557 48.626
50.328 50.06 50.042 49.728 49.773 49.421 49.266 49.008 48.893 48.796 48.831 48.854 48.948 49.022 48.769 48.621 48.986 48.679 48.399 48.396 48.479 48.318 48.528 48.445 48.045 48.104 48.153 48.293 48.319 47.936 47.932 48.035 48.069 47.943 47.968 47.921 47.901 47.916 47.736 47.795 47.744 47.688 47.621 47.512 47.522 47.454 47.707 47.719 47.581 47.584 47.658 47.795 47.863 48.149 48.397 48.423 48.339 48.311 48.575 48.643 48.672 48.751 48.751 48.622 48.599 48.607 48.629 48.773 48.832 48.923 49.006 49.099
50.79 50.567 50.363 50.234 50.276 49.701 49.785 49.629 49.616 49.302 49.204 49.121 49.154 49.116 49.326 49.214 49.201 49.34 48.921 48.877 49.011 49.013 48.885 48.922 48.494 48.477 48.667 48.877 48.597 48.392 48.404 48.549 48.52 48.53 48.618 48.529 48.431 48.263 48.133 48.186 48.154 48.147 48.127 48.159 47.956 48.351 48.157 48.049 48.023 48.135 48.367 48.444 48.435 48.688 48.956 48.967 48.769 48.894 49.08 49.154 49.13 49.145 49.08 48.991 49.04 49.143 49.109 49.228 49.268 49.377 49.464 49.553
51.197 51.136 50.961 50.521 50.275 50.153 50.241 50.5 49.968 49.774 49.684 49.718 49.679 49.598 49.579 49.549 49.655 49.836 49.528 49.43 49.642 49.307 49.185 49.118 49.095 49.081 49.274 49.197 48.88 48.906 48.881 49.098 49.039 48.958 49.051 48.952 48.645 48.567 48.515 48.461 48.408 48.5 48.496 48.628 48.78 48.502 48.603 48.47 48.544 48.75 49.054 48.98 48.994 49.01 49.242 49.381 49.329 49.444 49.622 49.652 49.539 49.505 49.496 49.485 49.48 49.506 49.566 49.608 49.71 49.838 49.923 50.008
51.672 51.41 51.176 50.767 50.973 50.759 50.34 50.408 50.186 50.06 50.05 50.127 50.219 50.162 50.144 50.044 50.045 49.945 50.129 50.092 50.022 50.026 49.739 49.811 49.641 49.798 49.706 49.539 49.373 49.436 49.356 49.555 49.601 49.432 49.313 49.265 49.018 48.916 49.034 49.025 48.967 48.986 48.969 49.056 49.144 48.996 48.953 49.045 49.121 49.239 49.386 49.498 49.491 49.524 49.698 49.846 49.974 50.071 50.085 50.042 49.975 49.952 49.92 49.942 49.993 50.043 50.094 50.07 50.174 50.308 50.384 50.46
52.425 51.994 51.431 51.209 51.328 51.162 50.843 50.64 50.574 50.6 50.353 50.47 50.629 50.383 50.246 50.31 50.527 50.3 50.297 50.455 50.38 50.176 50.246 50.291 50.093 50.173 50.162 49.939 50.057 49.826 49.901 50.078 50.049 50.069 49.857 49.635 49.43 49.518 49.707 49.595 49.621 49.57 49.563 49.823 49.662 49.481 49.481 49.779 49.926 49.699 49.864 50.068 50.149 50.023 50.203 50.444 50.865 50.646 50.762 50.463 50.343 50.289 50.285 50.329 50.443 50.477 50.479 50.573 50.631 50.767 50.844 50.921
52.205 52.093 51.724 52.001 51.716 51.57 51.614 51.392 51.195 50.958 50.795 50.759 50.858 50.705 50.65 50.77 50.595 50.707 50.784 50.757 50.574 50.681 50.839 50.814 50.757 50.685 50.502 50.371 50.345 50.374 50.501 50.546 50.401 50.634 50.243 50.081 49.947 50.251 50.199 50.071 50.219 50.177 50.172 50.342 50.378 50.054 50.056 50.197 50.407 50.33 50.375 50.533 50.706 50.574 50.61 50.858 51.69 51.231 50.895 50.927 50.667 50.781 50.854 50.929 50.871 50.885 50.987 51.071 51.088 51.198 51.291 51.39
52.891 52.259 52.139 52.058 52.073 51.996 52.036 51.854 51.487 51.334 51.665 51.227 51.426 51.385 51.186 51.254 51.259 51.295 51.193 51.008 51.092 51.229 51.228 51.151 51.069 51.091 50.926 50.935 50.995 50.901 50.808 50.864 50.76 50.812 50.521 50.473 50.493 50.756 50.737 50.656 50.836 50.962 50.836 50.895 50.849 50.82 50.691 50.722 50.915 50.797 51.211 51.191 51.203 51.281 51.136 51.573 51.635 51.47 51.216 51.184 51.209 51.367 51.462 51.475 51.397 51.445 51.43 51.487 51.567 51.641 51.723 51.839
52.871 52.664 52.872 52.725 52.449 52.436 52.459 52.191 52.027 51.797 51.772 51.93 51.807 51.89 51.74 51.994 51.747 51.707 51.82 51.522 51.479 51.472 51.595 51.707 51.474 51.515 51.383 51.519 51.572 51.598 51.151 51.074 51.084 51.042 50.98 50.976 51.008 51.163 51.29 51.294 51.331 51.395 51.363 51.18 51.166 51.124 51.465 51.285 51.437 51.3 51.438 51.704 51.854 51.699 51.714 51.832 51.791 51.689 51.587 51.722 51.834 51.839 51.813 51.829 51.812 51.857 51.885 51.943 52.043 52.112 52.189 52.291
53.648 53.233 53.032 52.916 53.045 53.006 52.949 52.699 52.457 52.334 52.194 52.24 52.438 52.364 52.046 52.2 51.967 51.902 52.151 51.859 51.77 51.95 51.933 51.969 51.845 52.055 51.981 52.039 52.021 51.748 51.572 51.507 51.479 51.48 51.482 51.587 51.519 51.608 51.781 51.863 51.763 51.697 51.823 51.698 51.581 51.567 51.576 51.789 51.811 52.033 51.912 51.928 52.078 52.191 52.201 52.241 52.044 52.024 52.058 52.202 52.347 52.242 52.193 52.19 52.267 52.279 52.331 52.371 52.464 52.505 52.656 52.73
54.377 54.039 53.802 53.417 53.396 53.225 53.132 53.362 53.027 52.766 52.634 52.695 52.661 52.673 52.452 52.397 52.464 52.517 52.303 52.303 52.378 52.224 52.293 52.34 52.322 52.531 52.429 52.546 52.468 52.546 52.149 52.265 51.999 51.987 52.035 52.481 52.166 52.162 52.272 52.337 52.236 52.091 52.15 52.264 52.196 52.038 52.413 52.131 52.354 52.562 52.407 52.616 52.641 52.719 52.625 52.698 52.676 52.665 52.562 52.664 52.679 52.597 52.583 52.632 52.695 52.744 52.796 52.866 52.888 52.988 52.967 53.119
54.99 54.634 54.186 54.043 53.754 53.855 53.692 53.729 53.535 53.324 53.234 53.063 52.996 53.073 53.299 53.309 53.365 53.267 53.182 52.895 53.124 52.866 52.741 52.79 52.907 53.213 53.035 53.029 52.87 52.832 52.599 52.519 52.501 52.503 52.538 52.777 52.645 52.791 52.846 52.781 52.692 52.711 52.512 52.508 52.496 52.588 52.618 52.67 52.933 52.972 52.942 52.995 53.051 53.214 53.211 53.033 53.07 53.154 53.096 53.156 53.122 53.066 53.055 53.048 53.121 53.191 53.239 53.294 53.331 53.433 53.386 53.405
55.008 54.991 54.695 54.476 54.551 54.247 54.096 54.229 54.032 53.93 53.706 53.563 53.485 53.632 53.461 53.394 53.654 53.638 53.679 53.485 53.483 53.325 53.176 53.147 53.287 53.413 53.487 53.565 53.405 53.181 53.142 53.081 53.089 53.1 53.125 53.079 53.26 53.126 53.19 53.035 53.017 53.185 53.015 52.984 53.175 53.157 53.148 53.212 53.307 53.546 53.624 53.631 53.584 53.548 53.662 53.555 53.546 53.64 53.578 53.49 53.536 53.507 53.521 53.555 53.646 53.625 53.667 53.722 53.785 53.841 53.846 53.855
55.528 55.531 55.359 55.148 55.044 54.82 54.746 54.706 54.717 54.442 54.323 54.202 54.137 53.91 53.915 53.909 53.907 53.923 54.299 54.078 53.996 53.904 53.625 53.603 53.662 53.785 53.847 53.917 53.792 53.564 53.602 53.631 53.588 53.614 53.667 53.462 53.388 53.392 53.49 53.517 53.391 53.556 53.469 53.544 53.676 53.835 53.67 53.684 53.713 53.897 54.028 54.145 54.179 54.049 54.054 54.067 54.038 53.948 54.156 54.055 53.872 53.878 53.928 53.987 54.066 54.061 54.119 54.192 54.247 54.3 54.2 54.092
56.496 56.046 55.759 55.876 55.52 55.374 55.435 55.262 55.293 55.072 55.045 54.829 54.683 54.541 54.518 54.457 54.296 54.438 54.44 54.354 54.349 54.617 54.307 54.14 54.154 54.284 54.365 54.207 54.413 54.111 53.908 53.912 53.931 53.904 53.939 53.924 53.817 53.821 53.883 53.959 53.887 53.936 53.99 54.094 54.321 54.31 54.182 54.191 54.223 54.245 54.328 54.449 54.613 54.58 54.583 54.58 54.439 54.503 54.445 54.426 54.305 54.307 54.439 54.434 54.46 54.487 54.551 54.649 54.715 54.745 54.773 54.648
56.465 56.384 56.281 56.165 55.929 56.084 55.93 55.635 55.507 55.446 55.402 55.205 55.02 54.946 54.931 55.146 54.872 54.74 54.816 54.722 54.788 54.892 55.015 54.661 54.663 54.656 54.651 54.788 54.85 54.901 54.587 54.369 54.292 54.26 54.274 54.306 54.41 54.422 54.341 54.344 54.387 54.399 54.586 54.771 54.696 54.656 54.688 54.728 54.715 54.865 54.863 54.848 54.939 55.045 54.935 54.94 54.86 55.009 54.929 54.962 54.785 54.943 55.049 54.851 54.923 54.988 55.025 55.029 55.144 55.125 54.933 54.733
57.164 56.809 57.117 56.593 56.567 56.731 56.271 56.034 56.081 56.098 56.081 55.808 55.536 55.609 55.363 55.492 55.598 55.304 55.212 55.234 55.34 55.435 55.252 55.123 55.023 55.069 55.242 55.304 55.21 55.319 55.174 55.185 54.954 54.8 54.816 54.935 54.887 54.896 54.864 54.874 54.938 54.86 55.138 55.157 55.224 55.107 55.203 55.147 55.178 55.3 55.293 55.249 55.38 55.328 55.28 55.296 55.334 55.389 55.428 55.237 55.24 55.35 55.433 55.241 55.338 55.382 55.466 55.395 55.505 55.138 55.076 55.156
57.676 57.467 57.298 57.221 57.15 56.835 56.809 56.501 56.608 56.501 56.482 56.198 56.018 56.127 56.042 55.866 56.053 55.989 55.76 55.648 55.709 55.717 55.798 55.728 55.535 55.512 55.67 55.621 55.511 55.589 55.662 55.512 55.36 55.579 55.376 55.678 55.494 55.339 55.375 55.363 55.327 55.284 55.372 55.458 55.599 55.614 55.549 55.665 55.631 55.601 55.661 55.656 55.642 55.73 55.791 55.804 55.798 55.754 55.759 55.752 55.644 55.622 55.609 55.678 55.823 55.8 55.809 55.83 55.579 55.422 55.495 55.573
58.544 58.305 57.769 57.607 57.613 57.311 57.244 57.143 57.297 56.917 57.091 57.028 56.583 56.554 56.647 56.38 56.37 56.461 56.267 56.11 56.132 56.152 56.152 56.132 56.06 56.105 55.94 55.903 56.089 56.158 56.014 56.178 55.884 55.788 55.924 55.756 55.798 55.869 55.973 55.847 55.786 55.753 55.745 55.856 55.933 56.021 56.065 56.044 56.078 56.237 56.093 56.05 56.116 56.275 56.155 56.304 56.344 56.211 56.066 56.035 55.992 55.988 56.047 56.224 56.369 56.422 56.29 56.202 55.788 55.838 55.909 55.984
59.098 58.678 58.422 58.372 58.232 57.873 57.757 57.618 57.582 57.449 57.419 57.355 57.073 56.994 57.128 56.967 56.792 56.767 56.774 56.639 56.533 56.594 56.551 56.526 56.563 56.649 56.274 56.35 56.482 56.272 56.534 56.345 56.055 56.26 56.177 56.262 56.119 56.235 56.219 56.156 56.166 56.222 56.161 56.288 56.414 56.471 56.509 56.559 56.473 56.622 56.591 56.48 56.771 56.595 56.562 56.699 56.615 56.477 56.371 56.409 56.441 56.466 56.578 58.018 57.156 56.906 56.623 56.32 56.184 56.249 56.317 56.389
59.577 59.356 59.097 59.049 59.023 58.553 58.336 58.482 58.181 58.156 58.16 57.852 57.636 57.472 57.585 57.533 57.339 57.315 57.297 57.075 56.996 56.988 57.014 57.051 57.1 56.978 56.941 56.339 57.046 56.469 56.757 56.579 56.341 56.274 56.373 56.587 56.532 56.455 56.446 56.567 56.523 56.592 56.669 56.68 56.827 56.928 56.969 57.007 57.011 56.953 56.881 56.933 56.918 56.94 56.965 56.892 56.844 56.949 56.794 56.809 56.793 57.007 57.006 57.009 56.974 57.058 56.893 56.648 56.591 56.653 56.719 56.789
60.262 60.005 59.933 59.618 59.63 59.138 58.981 58.992 58.663 58.588 58.54 58.407 58.216 57.974 57.944 57.936 57.919 57.822 58.012 57.542 57.437 57.463 57.396 57.299 57.327 57.355 56.977 56.706 57.147 56.748 56.542 56.706 56.771 56.698 56.584 56.878 56.917 56.838 56.764 56.948 56.839 56.859 57.071 57.022 57.115 57.253 57.378 57.332 57.284 57.237 57.262 57.256 57.342 57.419 57.626 57.283 57.288 57.316 57.342 57.388 57.133 57.357 57.217 57.854 57.283 57.358 56.97 56.936 56.992 57.051 57.115 57.182
61.015 60.621 60.412 60.32 60.108 59.669 59.474 59.286 59.228 59.042 58.945 58.906 58.897 58.527 58.393 58.286 58.277 58.259 58.3 58.042 57.871 58.09 57.892 57.702 57.904 57.725 57.756 57.019 57.162 57.283 57.117 56.858 57.066 56.994 56.967 56.914 57.033 57.022 57.174 57.025 57.13 57.164 57.266 57.355 57.329 57.549 57.741 57.603 57.466 57.668 57.624 57.697 57.604 57.543 57.521 57.606 57.688 57.578 57.708 57.491 57.651 57.754 57.823 57.628 57.505 57.381 57.284 57.333 57.386 57.443 57.504 57.569
61.784 61.272 61.161 61.141 60.632 60.365 60.186 59.852 59.754 59.673 59.498 59.421 59.375 58.96 58.926 58.83 58.502 58.38 58.625 58.614 58.373 58.299 58.344 58.322 57.854 57.691 57.313 57.164 57.141 57.354 57.079 57.099 57.24 57.273 57.28 57.27 57.094 57.379 57.414 57.328 57.282 57.305 57.46 57.422 57.549 57.701 57.873 57.86 57.78 57.925 58.142 57.892 58.105 57.919 57.915 57.724 57.759 57.721 57.715 57.892 57.748 58.065 57.853 57.82 57.712 57.672 57.676 57.723 57.773 57.828 57.887 57.95
62.397 62.129 61.739 61.499 61.419 60.916 60.662 60.354 60.145 59.996 59.835 59.823 59.715 59.438 59.408 59.47 59.117 58.92 58.831 58.995 58.924 58.376 58.119 58.141 58.754 57.836 57.584 57.553 57.862 57.371 57.307 57.368 57.372 57.402 57.348 57.379 57.416 57.457 57.502 57.553 57.609 57.671 57.737 57.808 57.883 57.959 58.031 58.075 58.06 58.081 58.569 58.594 57.985 58.098 57.888 57.876 57.868 57.865 57.868 57.875 58.325 58.429 57.927 57.991 57.985 58.021 58.061 58.106 58.155 58.207 58.264 58.325
62.899 62.612 62.323 61.952 61.479 61.443 61.202 60.71 60.525 60.396 60.304 60.14 59.979 60.006 59.944 59.875 59.67 59.371 59.128 59.044 58.939 58.609 58.238 58.007 58.232 58.085 57.736 57.718 57.706 57.701 57.702 57.71 57.723 57.742 57.767 57.796 57.831 57.87 57.913 57.962 58.015 58.073 58.135 58.201 58.267 58.332 58.386 58.417 58.417 58.806 58.37 58.343 58.318 58.296 58.279 58.266 58.258 58.255 58.257 58.264 58.275 58.291 58.312 58.337 58.367 58.401 58.439 58.482 58.529 58.58 58.635 58.694
63.269 62.76 62.647 62.423 61.773 61.716 61.489 61.283 60.977 60.696 60.47 60.418 60.372 60.343 60.247 60.157 59.682 59.543 59.335 58.992 58.932 58.926 58.723 58.513 58.324 58.191 58.164 58.144 58.13 58.123 58.122 58.127 58.138 58.155 58.177 58.204 58.236 58.272 58.313 58.358 58.408 58.461 58.518 58.576 58.633 58.686 58.728 58.754 58.76 58.75 58.732 58.711 58.691 58.672 58.657 58.646 58.638 58.635 58.637 58.643 58.691 58.669 58.688 58.712 58.741 58.774 58.811 58.852 58.897 58.947 59 59.057
63.469 63.116 62.934 62.547 62.301 62.111 61.898 61.641 61.431 61.219 60.912 60.816 61.004 60.705 60.247 59.971 59.88 59.96 59.686 59.369 59.269 59.421 59.188 58.884 58.65 58.614 58.585 58.563 58.547 58.537 58.534 58.537 58.545 58.559 58.578 58.602 58.631 58.664 58.702 58.744 58.789 58.837 58.887 58.937 58.986 59.029 59.064 59.086 59.095 59.092 59.081 59.066 59.051 59.036 59.023 59.014 59.008 59.006 59.007 59.013 59.024 59.038 59.057 59.081 59.108 59.14 59.175 59.215 59.259 59.307 59.358 59.413
64.149 63.683 63.706 63.153 63.408 63.057 62.271 62.156 61.772 61.727 61.45 61.174 60.784 60.508 60.334 60.106 60.316 60.13 59.927 59.752 59.582 59.425 59.311 59.119 59.068 59.03 58.999 58.974 58.956 58.944 58.938 58.938 58.944 58.955 58.971 58.992 59.017 59.047 59.081 59.118 59.159 59.201 59.245 59.288 59.33 59.366 59.395 59.415 59.425 59.426 59.421 59.411 59.4 59.389 59.38 59.372 59.368 59.367 59.369 59.376 59.386 59.4 59.419 59.441 59.468 59.499 59.533 59.572 59.614 59.661 59.71 59.764
64.388 64.093 63.798 63.68 63.375 62.888 64.112 62.608 62.405 63.206 62.948 62.677 61.265 61.072 60.771 60.42 60.377 60.345 60.163 60.067 59.92 59.807 59.767 59.527 59.479 59.439 59.405 59.378 59.357 59.343 59.334 59.331 59.334 59.342 59.355 59.373 59.395 59.421 59.451 59.484 59.519 59.557 59.594 59.632 59.667 59.697 59.723 59.74 59.751 59.755 59.753 59.748 59.741 59.733 59.726 59.721 59.719 59.719 59.723 59.73 59.74 59.755 59.773 59.795 59.821 59.851 59.885 59.922 59.963 60.008 60.057 60.109
64.734 64.449 64.295 64.016 63.641 63.236 62.915 62.618 62.543 62.398 62.042 61.629 61.714 61.511 61.295 61.102 60.493 61.118 60.292 60.204 60.125 60.053 59.989 59.932 59.882 59.839 59.803 59.774 59.751 59.734 59.723 59.717 59.717 59.722 59.732 59.746 59.765 59.787 59.813 59.841 59.872 59.904 59.937 59.968 59.998 60.024 60.046 60.062 60.073 60.078 60.08 60.077 60.074 60.069 60.065 60.062 60.062 60.064 60.068 60.076 60.087 60.102 60.12 60.142 60.167 60.197 60.229 60.266 60.306 60.35 60.397 60.448
