raw_data/humedad_relativa/hora9/rh9oct.txt
ncols         501
nrows         361
xllcorner     109.95
yllcorner     -45.05
cellsize      0.1
NODATA_value  -9999
[rows 0 to 31 of 361, columns 72 to 143 of 501]
66.896 66.888 66.88 66.872 66.865 66.859 66.853 66.848 66.843 66.838 66.834 66.831 66.828 66.826 66.824 66.822 66.821 66.821 66.82 66.821 66.822 66.823 66.825 66.827 66.829 66.832 66.836 66.84 66.844 66.848 66.853 66.859 66.865 66.871 66.877 66.884 66.891 66.899 66.907 66.915 66.924 66.933 66.942 66.952 66.962 66.972 66.983 66.994 67.005 67.017 67.03 67.042 67.055 67.069 67.083 67.097 67.112 67.127 67.143 67.159 67.176 67.194 67.212 67.231 67.25 67.27 67.291 67.312 67.335 67.358 67.381 67.406
66.775 66.766 66.758 66.75 66.742 66.735 66.729 66.723 66.718 66.713 66.708 66.704 66.701 66.698 66.696 66.694 66.692 66.691 66.691 66.691 66.691 66.692 66.693 66.695 66.697 66.699 66.702 66.706 66.709 66.713 66.718 66.723 66.728 66.734 66.74 66.746 66.753 66.76 66.767 66.775 66.783 66.792 66.8 66.809 66.819 66.829 66.839 66.849 66.86 66.871 66.883 66.895 66.907 66.92 66.933 66.947 66.961 66.975 66.99 67.006 67.022 67.038 67.056 67.074 67.092 67.111 67.131 67.152 67.173 67.195 67.218 67.242
66.654 66.644 66.635 66.626 66.618 66.611 66.604 66.598 66.592 66.586 66.581 66.577 66.573 66.57 66.567 66.564 66.562 66.561 66.56 66.559 66.559 66.559 66.56 66.562 66.563 66.565 66.568 66.571 66.574 66.578 66.582 66.586 66.591 66.596 66.601 66.607 66.613 66.62 66.627 66.634 66.642 66.649 66.658 66.666 66.675 66.684 66.693 66.703 66.713 66.724 66.735 66.746 66.758 66.769 66.782 66.795 66.808 66.822 66.836 66.851 66.866 66.882 66.898 66.915 66.932 66.951 66.97 66.989 67.01 67.031 67.053 67.076
66.531 66.521 66.511 66.502 66.494 66.486 66.478 66.471 66.465 66.459 66.453 66.448 66.444 66.44 66.437 66.434 66.431 66.429 66.428 66.427 66.426 66.426 66.427 66.427 66.428 66.43 66.432 66.435 66.437 66.441 66.444 66.448 66.452 66.457 66.462 66.467 66.473 66.479 66.485 66.492 66.499 66.506 66.514 66.521 66.53 66.538 66.547 66.556 66.566 66.575 66.585 66.596 66.607 66.618 66.63 66.642 66.654 66.667 66.68 66.694 66.708 66.723 66.739 66.755 66.771 66.789 66.807 66.825 66.845 66.865 66.886 66.908
66.407 66.397 66.386 66.377 66.368 66.359 66.351 66.344 66.337 66.33 66.324 66.319 66.314 66.31 66.306 66.302 66.299 66.297 66.295 66.293 66.292 66.292 66.292 66.292 66.293 66.294 66.295 66.297 66.3 66.302 66.306 66.309 66.313 66.317 66.321 66.326 66.331 66.337 66.343 66.349 66.355 66.362 66.369 66.376 66.383 66.391 66.399 66.408 66.417 66.426 66.435 66.445 66.455 66.465 66.476 66.487 66.499 66.511 66.523 66.536 66.549 66.563 66.578 66.593 66.609 66.625 66.642 66.66 66.678 66.697 66.717 66.738
66.283 66.271 66.261 66.25 66.241 66.232 66.223 66.215 66.208 66.201 66.194 66.188 66.183 66.178 66.173 66.17 66.166 66.163 66.161 66.159 66.157 66.156 66.156 66.156 66.156 66.157 66.158 66.159 66.161 66.163 66.166 66.169 66.172 66.176 66.18 66.184 66.189 66.194 66.199 66.204 66.21 66.216 66.222 66.229 66.236 66.243 66.251 66.258 66.266 66.275 66.283 66.292 66.301 66.311 66.321 66.331 66.342 66.353 66.365 66.377 66.389 66.402 66.415 66.429 66.444 66.459 66.475 66.492 66.509 66.528 66.547 66.567
66.157 66.145 66.134 66.123 66.113 66.103 66.094 66.085 66.077 66.07 66.063 66.056 66.051 66.045 66.04 66.036 66.032 66.029 66.026 66.023 66.021 66.02 66.019 66.018 66.018 66.018 66.019 66.02 66.021 66.023 66.025 66.028 66.03 66.034 66.037 66.041 66.045 66.049 66.054 66.059 66.064 66.07 66.075 66.081 66.087 66.094 66.101 66.108 66.115 66.123 66.13 66.139 66.147 66.156 66.165 66.174 66.184 66.194 66.205 66.216 66.227 66.239 66.252 66.265 66.278 66.292 66.307 66.323 66.339 66.356 66.374 66.393
66.03 66.018 66.006 65.995 65.984 65.974 65.964 65.955 65.946 65.938 65.931 65.924 65.917 65.911 65.906 65.901 65.897 65.893 65.89 65.887 65.884 65.882 65.881 65.88 65.879 65.879 65.879 65.88 65.88 65.882 65.883 65.885 65.888 65.89 65.893 65.897 65.9 65.904 65.908 65.912 65.917 65.922 65.927 65.932 65.938 65.944 65.95 65.956 65.962 65.969 65.976 65.984 65.991 65.999 66.007 66.016 66.025 66.034 66.043 66.053 66.064 66.075 66.086 66.098 66.11 66.124 66.137 66.152 66.167 66.183 66.2 66.217
65.903 65.89 65.877 65.865 65.854 65.843 65.833 65.823 65.814 65.805 65.797 65.79 65.783 65.777 65.771 65.765 65.76 65.756 65.752 65.749 65.746 65.744 65.742 65.74 65.739 65.738 65.738 65.738 65.738 65.739 65.74 65.742 65.744 65.746 65.748 65.751 65.754 65.757 65.761 65.765 65.769 65.773 65.777 65.782 65.787 65.792 65.797 65.803 65.809 65.815 65.821 65.827 65.834 65.841 65.848 65.856 65.864 65.872 65.881 65.89 65.899 65.909 65.919 65.93 65.941 65.953 65.966 65.979 65.993 66.008 66.023 66.04
65.774 65.76 65.747 65.735 65.723 65.711 65.7 65.69 65.681 65.671 65.663 65.655 65.647 65.641 65.634 65.628 65.623 65.618 65.614 65.61 65.607 65.604 65.601 65.599 65.598 65.597 65.596 65.595 65.595 65.596 65.596 65.597 65.599 65.6 65.602 65.605 65.607 65.61 65.613 65.616 65.619 65.623 65.627 65.631 65.635 65.639 65.644 65.649 65.654 65.659 65.664 65.67 65.676 65.682 65.688 65.695 65.702 65.709 65.717 65.724 65.733 65.741 65.751 65.76 65.77 65.781 65.792 65.804 65.817 65.831 65.845 65.86
65.644 65.63 65.616 65.603 65.59 65.579 65.567 65.556 65.546 65.536 65.527 65.519 65.511 65.503 65.496 65.49 65.484 65.479 65.474 65.47 65.466 65.463 65.46 65.457 65.455 65.454 65.452 65.452 65.451 65.451 65.451 65.452 65.453 65.454 65.455 65.457 65.459 65.461 65.463 65.466 65.469 65.472 65.475 65.478 65.482 65.486 65.49 65.494 65.498 65.502 65.507 65.511 65.516 65.522 65.527 65.533 65.538 65.545 65.551 65.558 65.565 65.572 65.58 65.589 65.598 65.607 65.617 65.628 65.639 65.652 65.665 65.678
65.513 65.499 65.484 65.47 65.457 65.445 65.433 65.421 65.41 65.4 65.391 65.381 65.373 65.365 65.358 65.351 65.345 65.339 65.333 65.329 65.324 65.321 65.317 65.314 65.312 65.31 65.308 65.307 65.306 65.305 65.305 65.305 65.305 65.306 65.307 65.308 65.31 65.311 65.313 65.315 65.317 65.32 65.322 65.325 65.328 65.331 65.334 65.337 65.341 65.344 65.348 65.352 65.356 65.36 65.364 65.369 65.374 65.379 65.384 65.39 65.396 65.402 65.409 65.416 65.424 65.432 65.441 65.45 65.46 65.471 65.482 65.495
65.382 65.366 65.351 65.337 65.323 65.31 65.297 65.285 65.274 65.263 65.253 65.243 65.234 65.226 65.218 65.21 65.204 65.197 65.192 65.186 65.182 65.177 65.173 65.17 65.167 65.165 65.162 65.161 65.159 65.158 65.158 65.157 65.157 65.157 65.158 65.158 65.159 65.16 65.161 65.163 65.165 65.166 65.168 65.17 65.172 65.175 65.177 65.18 65.182 65.185 65.188 65.191 65.194 65.197 65.2 65.204 65.208 65.212 65.216 65.22 65.225 65.23 65.236 65.242 65.248 65.255 65.262 65.27 65.279 65.288 65.298 65.309
65.249 65.232 65.217 65.202 65.187 65.173 65.16 65.148 65.136 65.124 65.114 65.103 65.094 65.085 65.076 65.069 65.061 65.055 65.048 65.043 65.037 65.033 65.028 65.025 65.021 65.018 65.016 65.013 65.012 65.01 65.009 65.008 65.008 65.007 65.007 65.007 65.008 65.008 65.009 65.01 65.011 65.012 65.013 65.015 65.016 65.018 65.019 65.021 65.023 65.025 65.027 65.029 65.031 65.033 65.035 65.038 65.04 65.043 65.046 65.05 65.053 65.057 65.061 65.066 65.071 65.076 65.082 65.088 65.096 65.103 65.112 65.121
65.114 65.097 65.081 65.065 65.05 65.036 65.022 65.009 64.996 64.985 64.973 64.963 64.952 64.943 64.934 64.926 64.918 64.911 64.904 64.898 64.892 64.887 64.882 64.878 64.874 64.871 64.868 64.865 64.863 64.861 64.859 64.858 64.857 64.856 64.855 64.855 64.855 64.855 64.855 64.855 64.856 64.856 64.857 64.858 64.858 64.859 64.86 64.861 64.862 64.863 64.864 64.865 64.866 64.868 64.869 64.87 64.872 64.873 64.875 64.877 64.88 64.882 64.885 64.888 64.892 64.896 64.9 64.905 64.911 64.917 64.924 64.932
64.979 64.962 64.945 64.928 64.912 64.897 64.883 64.869 64.856 64.844 64.832 64.821 64.81 64.8 64.79 64.782 64.773 64.766 64.758 64.752 64.746 64.74 64.735 64.73 64.726 64.722 64.719 64.716 64.713 64.71 64.708 64.707 64.705 64.704 64.703 64.702 64.701 64.701 64.7 64.7 64.7 64.7 64.7 64.7 64.7 64.7 64.7 64.7 64.7 64.7 64.701 64.701 64.701 64.701 64.701 64.702 64.702 64.702 64.703 64.704 64.705 64.706 64.707 64.709 64.711 64.713 64.716 64.72 64.724 64.729 64.734 64.74
64.843 64.824 64.807 64.79 64.773 64.758 64.743 64.728 64.715 64.701 64.689 64.677 64.666 64.655 64.646 64.636 64.627 64.619 64.612 64.604 64.598 64.592 64.586 64.581 64.576 64.572 64.568 64.565 64.562 64.559 64.556 64.554 64.552 64.55 64.549 64.547 64.546 64.545 64.544 64.543 64.543 64.542 64.541 64.541 64.54 64.539 64.539 64.538 64.537 64.537 64.536 64.535 64.534 64.533 64.533 64.532 64.531 64.53 64.529 64.529 64.528 64.528 64.528 64.528 64.529 64.53 64.531 64.533 64.535 64.538 64.542 64.546
64.705 64.686 64.668 64.65 64.633 64.617 64.601 64.586 64.572 64.558 64.545 64.533 64.521 64.51 64.499 64.489 64.48 64.472 64.463 64.456 64.449 64.442 64.436 64.431 64.426 64.421 64.417 64.413 64.409 64.406 64.403 64.4 64.398 64.396 64.394 64.392 64.39 64.389 64.387 64.386 64.384 64.383 64.382 64.381 64.379 64.378 64.376 64.375 64.373 64.372 64.37 64.368 64.366 64.364 64.363 64.36 64.358 64.356 64.354 64.353 64.351 64.349 64.347 64.346 64.345 64.344 64.344 64.344 64.345 64.346 64.348 64.351
64.566 64.546 64.527 64.509 64.491 64.474 64.458 64.442 64.427 64.413 64.4 64.387 64.374 64.363 64.352 64.341 64.332 64.323 64.314 64.306 64.299 64.292 64.285 64.279 64.274 64.268 64.264 64.259 64.255 64.252 64.248 64.245 64.243 64.24 64.237 64.235 64.233 64.231 64.229 64.227 64.225 64.223 64.221 64.219 64.217 64.215 64.213 64.211 64.208 64.206 64.203 64.2 64.197 64.194 64.191 64.188 64.185 64.182 64.178 64.175 64.172 64.168 64.165 64.162 64.16 64.157 64.155 64.154 64.153 64.152 64.152 64.153
64.426 64.406 64.386 64.367 64.348 64.331 64.314 64.298 64.282 64.267 64.253 64.239 64.227 64.214 64.203 64.192 64.182 64.172 64.163 64.155 64.147 64.139 64.133 64.126 64.12 64.115 64.11 64.105 64.101 64.096 64.093 64.089 64.086 64.083 64.08 64.077 64.075 64.072 64.07 64.067 64.065 64.062 64.06 64.057 64.054 64.051 64.048 64.045 64.042 64.039 64.035 64.031 64.027 64.023 64.019 64.015 64.01 64.005 64.001 63.996 63.991 63.987 63.982 63.977 63.973 63.969 63.965 63.962 63.959 63.956 63.954 63.953
64.285 64.264 64.243 64.223 64.204 64.186 64.168 64.151 64.135 64.12 64.105 64.091 64.077 64.065 64.053 64.041 64.031 64.021 64.011 64.002 63.994 63.986 63.979 63.972 63.966 63.96 63.954 63.949 63.944 63.94 63.936 63.932 63.928 63.925 63.921 63.918 63.915 63.912 63.909 63.906 63.903 63.9 63.897 63.894 63.89 63.887 63.883 63.879 63.875 63.871 63.866 63.861 63.856 63.851 63.846 63.84 63.834 63.828 63.822 63.816 63.81 63.803 63.797 63.791 63.785 63.779 63.773 63.768 63.763 63.758 63.754 63.751
64.142 64.12 64.099 64.078 64.059 64.04 64.021 64.004 63.987 63.971 63.955 63.941 63.927 63.914 63.901 63.889 63.878 63.868 63.858 63.848 63.839 63.831 63.823 63.816 63.81 63.803 63.797 63.792 63.787 63.782 63.778 63.773 63.769 63.765 63.762 63.758 63.755 63.751 63.748 63.744 63.74 63.737 63.733 63.729 63.725 63.721 63.716 63.712 63.707 63.701 63.696 63.69 63.684 63.678 63.671 63.664 63.657 63.65 63.642 63.634 63.627 63.619 63.611 63.603 63.595 63.587 63.579 63.572 63.565 63.559 63.552 63.547
63.998 63.976 63.953 63.932 63.912 63.892 63.873 63.855 63.837 63.821 63.805 63.789 63.775 63.761 63.748 63.736 63.724 63.713 63.703 63.693 63.684 63.675 63.667 63.659 63.652 63.646 63.639 63.634 63.628 63.623 63.618 63.613 63.609 63.605 63.601 63.597 63.593 63.589 63.585 63.581 63.577 63.573 63.568 63.564 63.559 63.554 63.549 63.543 63.537 63.531 63.525 63.518 63.511 63.503 63.495 63.487 63.479 63.47 63.461 63.452 63.442 63.433 63.423 63.413 63.403 63.394 63.384 63.375 63.366 63.357 63.349 63.341
63.853 63.829 63.807 63.785 63.763 63.743 63.723 63.704 63.686 63.669 63.652 63.637 63.622 63.607 63.594 63.581 63.569 63.557 63.546 63.536 63.526 63.517 63.509 63.501 63.493 63.486 63.48 63.474 63.468 63.462 63.457 63.452 63.447 63.443 63.438 63.434 63.43 63.425 63.421 63.416 63.412 63.407 63.402 63.397 63.392 63.386 63.38 63.374 63.367 63.36 63.352 63.345 63.336 63.328 63.319 63.309 63.299 63.289 63.279 63.268 63.257 63.245 63.234 63.222 63.211 63.199 63.187 63.176 63.165 63.154 63.143 63.133
63.706 63.682 63.658 63.636 63.614 63.592 63.572 63.553 63.534 63.516 63.499 63.482 63.467 63.452 63.438 63.424 63.412 63.4 63.388 63.378 63.368 63.358 63.349 63.341 63.333 63.326 63.319 63.313 63.306 63.301 63.295 63.29 63.285 63.28 63.275 63.27 63.265 63.261 63.256 63.251 63.246 63.241 63.235 63.229 63.223 63.217 63.21 63.203 63.196 63.188 63.179 63.17 63.161 63.151 63.141 63.13 63.119 63.107 63.095 63.083 63.07 63.057 63.044 63.03 63.016 63.003 62.989 62.975 62.962 62.948 62.936 62.923
63.558 63.533 63.509 63.485 63.463 63.441 63.419 63.399 63.38 63.361 63.343 63.326 63.31 63.295 63.28 63.266 63.253 63.241 63.229 63.218 63.207 63.198 63.188 63.18 63.172 63.164 63.157 63.15 63.144 63.137 63.132 63.126 63.121 63.115 63.11 63.105 63.1 63.095 63.09 63.084 63.079 63.073 63.067 63.061 63.054 63.047 63.04 63.032 63.023 63.014 63.005 62.995 62.985 62.974 62.962 62.95 62.937 62.924 62.911 62.897 62.882 62.867 62.852 62.836 62.821 62.805 62.789 62.773 62.757 62.742 62.726 62.711
63.409 63.383 63.358 63.333 63.31 63.287 63.265 63.244 63.224 63.205 63.187 63.169 63.152 63.136 63.121 63.107 63.093 63.08 63.068 63.057 63.046 63.036 63.026 63.017 63.009 63.001 62.993 62.986 62.979 62.973 62.967 62.961 62.955 62.95 62.944 62.939 62.933 62.928 62.922 62.917 62.911 62.904 62.898 62.891 62.884 62.876 62.868 62.859 62.85 62.84 62.83 62.819 62.807 62.795 62.782 62.769 62.755 62.74 62.725 62.709 62.693 62.676 62.659 62.642 62.624 62.606 62.587 62.569 62.551 62.533 62.515 62.497
63.258 63.231 63.205 63.18 63.156 63.132 63.11 63.088 63.067 63.047 63.028 63.01 62.993 62.976 62.96 62.946 62.931 62.918 62.906 62.894 62.882 62.872 62.862 62.853 62.844 62.836 62.828 62.82 62.813 62.807 62.8 62.794 62.788 62.783 62.777 62.771 62.765 62.76 62.754 62.748 62.741 62.735 62.728 62.72 62.712 62.704 62.695 62.686 62.676 62.665 62.654 62.642 62.629 62.616 62.602 62.587 62.572 62.555 62.538 62.521 62.503 62.484 62.465 62.445 62.425 62.405 62.384 62.364 62.343 62.322 62.302 62.282
63.106 63.078 63.051 63.025 63 62.976 62.952 62.93 62.908 62.888 62.868 62.849 62.831 62.814 62.798 62.783 62.768 62.754 62.741 62.729 62.717 62.707 62.696 62.687 62.678 62.669 62.661 62.653 62.646 62.639 62.633 62.626 62.62 62.614 62.608 62.602 62.596 62.59 62.584 62.578 62.571 62.564 62.556 62.548 62.54 62.531 62.522 62.512 62.501 62.489 62.477 62.464 62.45 62.436 62.42 62.404 62.387 62.369 62.351 62.332 62.312 62.291 62.27 62.248 62.226 62.203 62.18 62.157 62.134 62.11 62.087 62.064
62.952 62.923 62.896 62.869 62.843 62.818 62.794 62.77 62.748 62.727 62.706 62.687 62.668 62.651 62.634 62.618 62.603 62.589 62.575 62.563 62.551 62.54 62.529 62.519 62.51 62.501 62.493 62.485 62.478 62.47 62.464 62.457 62.451 62.445 62.438 62.432 62.426 62.42 62.413 62.406 62.399 62.392 62.384 62.376 62.367 62.357 62.347 62.336 62.325 62.312 62.299 62.285 62.27 62.255 62.238 62.22 62.202 62.183 62.162 62.141 62.119 62.097 62.074 62.05 62.025 62 61.974 61.948 61.922 61.896 61.87 61.844
62.797 62.767 62.738 62.711 62.684 62.658 62.633 62.609 62.586 62.564 62.543 62.523 62.504 62.486 62.468 62.452 62.436 62.422 62.408 62.395 62.383 62.371 62.36 62.35 62.34 62.331 62.323 62.315 62.307 62.3 62.293 62.286 62.28 62.273 62.267 62.261 62.254 62.248 62.241 62.234 62.227 62.219 62.211 62.202 62.192 62.182 62.172 62.16 62.148 62.135 62.121 62.106 62.09 62.073 62.055 62.036 62.016 61.995 61.973 61.95 61.926 61.902 61.876 61.85 61.823 61.795 61.767 61.739 61.71 61.681 61.652 61.623
62.64 62.609 62.58 62.551 62.523 62.496 62.471 62.446 62.422 62.4 62.378 62.357 62.337 62.319 62.301 62.284 62.268 62.253 62.239 62.225 62.213 62.201 62.19 62.179 62.169 62.16 62.151 62.143 62.135 62.128 62.121 62.114 62.107 62.101 62.094 62.088 62.081 62.075 62.068 62.06 62.053 62.045 62.036 62.027 62.017 62.007 61.995 61.983 61.97 61.956 61.941 61.925 61.908 61.89 61.871 61.85 61.829 61.806 61.783 61.758 61.732 61.705 61.678 61.649 61.62 61.59 61.559 61.528 61.496 61.464 61.432 61.399
