raw_data/humedad_relativa/hora9/rh9oct.txt
ncols         501
nrows         361
xllcorner     109.95
yllcorner     -45.05
cellsize      0.1
NODATA_value  -9999
[rows 96 to 127 of 361, columns 216 to 287 of 501]
33.828 33.854 33.946 34.097 34.282 34.41 34.481 34.438 34.535 34.538 34.635 34.728 34.621 34.635 34.712 34.814 34.737 34.851 34.764 34.892 34.869 34.942 35.06 35.125 35.277 35.256 35.177 35.238 35.341 35.466 35.564 35.692 35.852 36.032 36.207 36.38 36.579 36.752 36.941 37.121 37.313 37.525 37.759 37.941 38.127 38.283 38.474 38.678 38.867 39.061 39.222 39.533 39.83 40.029 40.102 40.409 40.633 40.573 40.809 40.941 40.823 40.924 40.905 40.865 40.965 40.842 40.968 41.17 41.411 40.819 40.873 41.082
33.394 33.457 33.482 33.578 33.732 33.867 33.989 33.979 33.965 34.078 34.126 34.14 34.051 34.065 34.125 34.104 34.155 34.197 34.192 34.234 34.371 34.423 34.514 34.576 34.739 34.561 34.643 34.663 34.745 34.86 34.99 35.13 35.27 35.443 35.614 35.806 35.989 36.2 36.394 36.555 36.732 36.938 37.143 37.335 37.549 37.751 37.943 38.07 38.269 38.449 38.635 38.889 39.145 39.322 39.343 39.526 39.645 39.736 39.965 40.245 40.569 40.21 40.258 40.262 40.213 40.328 40.417 40.353 40.245 40.207 40.399 40.364
32.913 33.002 33.015 33.154 33.222 33.311 33.43 33.479 33.453 33.557 33.613 33.533 33.553 33.53 33.663 33.578 33.573 33.67 33.617 33.693 33.822 33.922 34.032 34.046 34.017 34.026 34.01 34.052 34.132 34.26 34.395 34.537 34.682 34.869 35.051 35.264 35.44 35.646 35.85 36.015 36.196 36.363 36.58 36.787 37.003 37.166 37.367 37.533 37.704 37.893 38.059 38.269 38.641 38.912 38.823 38.826 38.955 39.093 39.187 39.34 39.461 39.424 39.446 39.474 39.477 39.555 39.561 39.52 39.661 39.616 39.979 39.83
32.533 32.587 32.633 32.777 32.809 32.807 32.867 32.924 33.007 33.156 33.079 33.109 33.091 33.003 33.056 33.068 33.042 33.142 33.089 33.098 33.265 33.359 33.442 33.595 33.416 33.415 33.422 33.452 33.549 33.678 33.81 33.937 34.118 34.307 34.494 34.698 34.922 35.113 35.29 35.455 35.647 35.853 36.048 36.212 36.401 36.594 36.776 36.954 37.156 37.325 37.514 37.942 38.053 38.113 38.208 38.207 38.349 38.471 38.556 38.632 38.735 38.695 38.819 38.883 38.949 39.003 39.087 39.128 39.14 39.186 39.286 39.537
32.169 32.19 32.258 32.314 32.312 32.374 32.411 32.429 32.575 32.725 32.645 32.706 32.593 32.502 32.582 32.554 32.555 32.56 32.607 32.646 32.624 32.713 32.754 32.844 32.946 32.932 32.844 32.873 32.971 33.201 33.196 33.368 33.591 33.795 33.962 34.179 34.381 34.564 34.745 34.93 35.122 35.33 35.523 35.73 35.907 36.096 36.302 36.445 36.636 36.786 36.943 37.121 37.23 37.362 37.485 37.635 37.746 37.852 37.93 37.99 38.053 38.15 38.241 38.274 38.314 38.375 38.299 38.441 38.514 38.543 38.614 38.297
31.774 31.767 31.8 31.899 31.884 31.908 31.94 31.979 32.122 32.263 32.249 32.107 32.032 32.044 32.132 32.082 32.186 32.086 32.098 32.21 32.193 32.115 32.143 32.2 32.433 32.323 32.344 32.295 32.378 32.506 33.105 32.821 33.039 33.283 33.457 33.689 33.942 34.1 34.274 34.468 34.616 34.818 35.022 35.255 35.451 35.58 35.763 35.936 36.086 36.248 36.373 36.539 36.696 36.855 36.95 37.047 37.147 37.264 37.339 37.416 37.46 37.537 37.598 37.657 37.707 37.648 37.674 37.601 37.632 37.791 37.701 37.764
31.318 31.349 31.351 31.409 31.449 31.501 31.57 31.607 31.729 31.823 31.816 31.599 31.588 31.662 31.762 31.736 31.743 31.692 31.599 31.757 31.738 31.625 31.821 31.706 31.81 31.924 31.641 31.725 31.853 31.933 32.263 32.321 32.515 32.777 32.961 33.207 33.396 33.577 33.759 33.939 34.152 34.322 34.535 34.707 34.905 35.095 35.254 35.435 35.62 35.723 35.864 36.011 36.137 36.259 36.375 36.481 36.578 36.671 36.764 36.826 36.889 36.951 37 36.993 37.05 37.024 37.093 36.962 37.233 37.162 37.386 37.162
30.795 30.907 30.924 30.978 31.033 31.21 31.258 31.332 31.31 31.28 31.148 31.185 31.171 31.232 31.336 31.415 31.385 31.277 31.174 31.228 31.178 31.145 31.168 31.202 31.289 31.31 31.043 31.372 31.375 31.465 31.6 31.824 32.024 32.27 32.499 32.729 32.901 33.093 33.299 33.493 33.68 33.881 34.102 34.277 34.419 34.647 34.785 34.935 35.098 35.228 35.355 35.514 35.664 35.773 35.864 35.961 36.047 36.114 36.187 36.256 36.309 36.35 36.395 36.423 36.487 36.464 36.445 36.442 36.581 36.574 36.696 36.892
30.399 30.491 30.568 30.613 30.651 30.815 30.917 30.974 30.894 30.778 30.739 30.796 30.786 30.784 30.836 30.86 30.825 30.769 30.647 30.581 30.598 30.637 30.619 30.536 30.496 30.671 30.531 30.686 30.902 31.001 31.152 31.379 31.608 31.812 32.09 32.263 32.445 32.615 32.828 33.051 33.235 33.45 33.656 33.811 33.991 34.22 34.401 34.496 34.668 34.778 34.874 35.021 35.156 35.259 35.349 35.441 35.519 35.588 35.65 35.7 35.735 35.761 35.802 35.849 35.869 35.844 35.864 35.999 36.049 36 36.03 35.904
30.059 30.123 30.221 30.357 30.415 30.394 30.561 30.598 30.501 30.391 30.371 30.363 30.345 30.333 30.33 30.313 30.278 30.226 30.172 30.102 30.075 30.069 30.045 30.164 30.2 30.215 30.095 30.262 30.357 30.503 30.731 30.963 31.165 31.4 31.654 31.814 32.028 32.202 32.415 32.627 32.824 33.018 33.196 33.364 33.563 33.75 33.935 34.085 34.258 34.341 34.443 34.545 34.664 34.778 34.866 34.962 35.027 35.093 35.144 35.155 35.197 35.199 35.243 35.283 35.286 35.309 35.375 35.441 35.492 35.484 35.653 35.744
29.73 29.827 29.885 29.998 30.154 30.211 30.289 30.275 30.122 30.082 30.047 30.017 30.012 29.99 29.95 29.904 29.864 29.817 29.767 29.716 29.652 29.598 29.561 29.526 29.526 29.573 29.608 29.818 29.918 30.099 30.279 30.544 30.764 31.023 31.235 31.42 31.611 31.818 32.045 32.243 32.43 32.609 32.794 32.975 33.155 33.319 33.515 33.673 33.821 33.94 34.01 34.115 34.226 34.304 34.411 34.491 34.551 34.596 34.624 34.651 34.687 34.68 34.649 34.637 34.678 34.711 34.792 34.861 34.88 35.028 35.176 35.182
29.496 29.654 29.639 29.644 29.78 29.888 29.989 29.881 29.724 29.799 29.751 29.716 29.69 29.647 29.637 29.624 29.539 29.484 29.447 29.39 29.311 29.236 29.159 29.112 29.07 29.09 29.173 29.412 29.621 29.986 29.937 30.212 30.435 30.671 30.863 31.062 31.251 31.472 31.677 31.888 32.072 32.253 32.42 32.611 32.773 32.934 33.082 33.247 33.388 33.526 33.625 33.7 33.793 33.901 33.964 34.019 34.077 34.105 34.146 34.176 34.184 34.175 34.141 34.097 34.036 34.089 34.206 34.306 34.385 34.551 34.731 34.845
29.215 29.344 29.35 29.344 29.472 29.542 29.579 29.401 29.497 29.578 29.516 29.448 29.383 29.344 29.324 29.313 29.273 29.17 29.148 29.101 29.015 28.949 28.87 28.864 28.807 28.813 28.913 29.216 29.381 29.548 29.74 29.963 30.165 30.361 30.556 30.72 30.916 31.167 31.4 31.557 31.733 31.914 32.082 32.261 32.402 32.591 32.744 32.855 33 33.147 33.222 33.305 33.396 33.448 33.55 33.583 33.656 33.676 33.704 33.719 33.712 33.708 33.664 33.616 33.507 33.482 33.587 33.743 33.945 34.105 34.385 34.461
28.904 28.998 29.049 29.084 29.127 29.152 29.094 29.193 29.17 29.278 29.235 29.154 29.083 29.072 29.069 29.108 29.062 28.91 28.906 28.853 28.771 28.714 28.652 28.615 28.675 28.735 28.815 29.011 29.21 29.372 29.547 29.756 29.936 30.085 30.312 30.437 30.642 30.874 31.087 31.254 31.428 31.596 31.765 31.917 32.059 32.267 32.417 32.544 32.684 32.864 32.919 33.003 33.076 33.102 33.121 33.207 33.306 33.295 33.29 33.298 33.276 33.217 33.201 33.153 33.104 32.906 33.097 33.268 33.502 33.785 33.914 33.964
28.657 28.747 28.805 28.856 28.875 28.847 28.851 28.937 28.949 29.063 28.985 28.84 28.819 28.804 28.795 28.808 28.8 28.727 28.714 28.631 28.571 28.517 28.474 28.475 28.565 28.694 28.73 28.992 29.125 29.26 29.415 29.606 29.812 29.886 30.035 30.209 30.397 30.599 30.797 30.972 31.14 31.305 31.454 31.594 31.749 31.915 32.1 32.306 32.527 32.607 32.644 32.851 32.804 32.759 32.74 32.844 32.88 32.876 32.92 32.867 32.871 32.855 32.699 32.706 32.71 32.565 32.678 32.88 33.091 33.394 33.528 33.527
28.432 28.553 28.611 28.626 28.668 28.682 28.667 28.613 28.648 28.677 28.625 28.615 28.611 28.584 28.566 28.57 28.578 28.536 28.503 28.446 28.383 28.347 28.32 28.318 28.441 28.614 28.673 29.36 29.134 29.171 29.307 29.469 29.699 29.792 29.904 29.992 30.173 30.362 30.544 30.712 30.875 31.033 31.171 31.294 31.47 31.667 31.852 32.015 32.139 32.279 32.428 32.5 32.489 32.426 32.417 32.446 32.51 32.518 32.529 32.553 32.543 32.494 32.38 32.385 32.33 32.318 32.442 32.535 32.718 32.964 33.085 33.154
28.31 28.298 28.373 28.435 28.562 28.579 28.588 28.508 28.55 28.493 28.526 28.508 28.425 28.395 28.378 28.365 28.363 28.359 28.335 28.289 28.252 28.217 28.195 28.198 28.269 28.416 28.504 29.1 29.05 29.15 29.283 29.359 29.494 29.638 29.802 29.864 29.99 30.149 30.313 30.472 30.639 30.776 30.9 31.019 31.21 31.39 31.559 31.687 31.756 31.951 32.143 32.247 32.262 32.164 32.12 32.125 32.164 32.205 32.194 32.209 32.19 32.162 32.105 32.091 32.071 32.101 32.171 32.236 32.387 32.614 32.642 32.555
28.207 28.213 28.271 28.244 28.296 28.416 28.576 28.474 28.455 28.409 28.446 28.508 28.4 28.265 28.235 28.203 28.213 28.236 28.198 28.16 28.136 28.108 28.087 28.091 28.139 28.231 28.369 28.605 28.804 29.03 29.187 29.254 29.291 29.387 29.52 29.665 29.799 29.949 30.113 30.257 30.409 30.536 30.653 30.766 30.938 31.084 31.235 31.374 31.516 31.743 31.912 32.003 31.973 31.883 31.872 31.865 31.877 31.911 31.903 31.913 31.931 31.899 31.874 31.852 31.829 31.834 31.895 31.973 32.04 31.876 32.036 32.109
28.104 28.088 28.095 28.06 28.116 28.215 28.404 28.405 28.427 28.288 28.269 28.306 28.202 28.159 28.146 28.113 28.148 28.179 28.081 28.055 28.026 28.009 27.993 28.011 28.043 28.149 28.276 28.451 28.742 29.181 29.161 29.051 29.132 29.25 29.367 29.492 29.64 29.778 29.958 30.081 30.212 30.322 30.428 30.551 30.689 30.837 30.969 31.104 31.241 31.445 31.576 31.653 31.642 31.667 31.714 31.646 31.651 31.657 31.649 31.661 31.688 31.692 31.646 31.638 31.638 31.625 31.575 31.615 31.859 31.781 32.129 32.058
27.991 27.968 27.947 27.912 27.96 28.021 28.098 28.178 28.232 28.103 28.184 28.146 28.073 28.067 28.005 28.01 28.034 28.075 27.983 27.958 27.941 27.928 27.947 27.931 27.945 28.078 28.263 28.605 28.561 28.836 29.066 29.023 29.101 29.192 29.248 29.423 29.488 29.715 29.826 30.045 30.136 30.156 30.227 30.345 30.499 30.648 30.746 30.869 31.009 31.133 31.258 31.364 31.402 31.467 31.491 31.426 31.389 31.419 31.429 31.443 31.455 31.5 31.47 31.491 31.431 31.505 31.541 31.597 31.703 31.696 31.935 32.182
27.881 27.855 27.824 27.815 27.832 27.875 27.912 27.968 28.071 28.072 28.108 28.024 27.965 27.978 27.953 27.933 27.93 27.943 27.879 27.881 27.909 27.895 27.865 27.862 27.889 27.981 28.161 28.433 28.599 28.787 29.2 29.741 29.081 29.082 29.215 29.309 29.364 29.584 29.666 29.883 29.98 30.018 30.073 30.166 30.287 30.439 30.56 30.678 30.778 30.899 31.032 31.173 31.224 31.252 31.268 31.229 31.189 31.202 31.23 31.252 31.354 31.305 31.332 31.291 31.354 31.375 31.41 31.445 31.564 31.547 31.565 31.583
27.794 27.716 27.697 27.77 27.808 27.799 27.802 27.841 27.905 27.968 28.111 27.984 27.884 27.906 27.902 27.894 27.878 27.891 27.878 27.816 27.837 27.832 27.809 27.857 27.875 27.906 28.033 28.225 28.381 28.708 28.977 29.26 29.16 29.068 29.14 29.179 29.363 29.507 29.604 29.981 29.93 29.859 29.935 30.028 30.151 30.254 30.386 30.547 30.654 30.723 30.832 30.99 31.045 31.086 31.084 31.056 31.021 31.061 31.1 31.089 31.465 31.151 31.209 31.172 31.201 31.24 31.294 31.335 31.342 31.367 31.368 31.401
27.652 27.606 27.614 27.733 27.801 27.758 27.727 27.737 27.785 27.832 27.954 27.938 27.882 27.881 27.893 27.881 27.86 27.882 27.782 27.748 27.778 27.794 27.81 27.826 27.96 27.916 27.957 28.083 28.261 28.57 28.821 28.895 29.054 29.06 29.162 29.437 29.32 29.498 29.805 30.156 29.947 29.734 29.799 29.885 30.009 30.102 30.245 30.429 30.496 30.558 30.678 30.774 30.855 30.916 30.928 30.943 30.913 30.933 30.979 30.979 30.985 31.004 31.089 31.059 31.165 31.214 31.19 31.23 31.201 31.23 31.22 31.22
27.603 27.601 27.598 27.701 27.715 27.708 27.656 27.683 27.716 27.739 27.822 27.918 27.836 27.901 27.857 27.846 27.852 27.823 27.739 27.722 27.772 27.825 27.825 27.839 27.879 27.91 27.982 28.029 28.134 28.336 28.528 28.718 29.091 29.121 29.226 29.15 29.314 29.559 29.677 29.858 29.741 29.725 29.721 29.755 29.86 29.965 30.089 30.212 30.295 30.332 30.476 30.548 30.643 30.696 30.755 30.811 30.796 30.806 30.854 30.894 30.917 30.934 30.919 31.059 31.062 31.106 31.154 31.116 31.104 31.1 31.099 31.111
27.356 27.523 27.608 27.717 27.676 27.682 27.681 27.682 27.685 27.733 27.711 27.837 27.908 27.923 27.868 27.861 27.876 27.819 27.743 27.7 27.75 27.864 27.994 27.965 27.909 27.93 27.996 28.06 28.093 28.233 28.399 28.557 28.827 29.066 29.153 29.595 29.342 29.506 29.418 29.437 29.473 29.593 29.575 29.64 29.765 29.834 29.908 30.029 30.123 30.172 30.266 30.321 30.423 30.473 30.525 30.597 30.647 30.699 30.761 30.803 30.844 30.873 30.924 30.91 30.947 31.125 31.102 31.045 31.018 31.025 31.018 31.033
27.243 27.347 27.414 27.576 27.679 27.739 27.793 27.702 27.672 27.693 27.67 27.747 27.883 27.936 27.92 27.883 27.844 27.75 27.703 27.681 27.763 27.858 28.037 28.211 27.991 27.972 28.019 28.058 28.099 28.163 28.338 28.53 28.763 29.035 29.494 29.402 29.132 29.199 29.274 29.4 29.346 29.384 29.457 29.541 29.618 29.695 29.779 29.865 29.956 30.048 30.135 30.219 30.283 30.348 30.407 30.491 30.564 30.614 30.683 30.723 30.759 30.802 30.843 30.868 30.907 30.949 30.993 30.972 30.995 30.982 30.956 30.948
27.231 27.253 27.349 27.424 27.56 27.732 27.756 27.661 27.64 27.666 27.668 27.657 27.756 27.906 27.952 27.852 27.783 27.686 27.644 27.675 27.814 27.906 28.073 28.326 28.339 27.999 28.041 28.049 28.108 28.156 28.247 28.449 28.671 28.87 29.023 29.052 29.003 29.082 29.193 29.164 29.23 29.306 29.377 29.448 29.525 29.591 29.692 29.758 29.863 29.98 30.139 30.175 30.236 30.303 30.333 30.407 30.477 30.519 30.576 30.643 30.693 30.751 30.799 30.857 30.89 30.906 30.93 30.986 31.025 30.949 30.927 30.9
27.266 27.352 27.42 27.421 27.479 27.57 27.635 27.631 27.654 27.658 27.631 27.681 27.704 27.851 27.943 27.832 27.784 27.713 27.645 27.703 27.831 27.965 28.108 28.046 28.21 28.025 28.233 28.076 28.125 28.193 28.219 28.324 28.469 28.719 28.869 28.957 29.137 29.142 29.064 29.146 29.324 29.267 29.292 29.354 29.426 29.511 29.602 29.724 29.908 30.071 30.082 30.087 30.136 30.171 30.258 30.334 30.415 30.485 30.511 30.623 30.684 30.722 30.781 30.826 30.886 30.92 30.947 30.99 30.989 30.945 30.919 30.881
27.251 27.376 27.41 27.448 27.507 27.525 27.607 27.673 27.68 27.695 27.653 27.692 27.696 27.779 27.852 27.797 27.752 27.708 27.661 27.704 27.865 27.988 28.08 28.038 28.089 28.141 28.184 28.134 28.156 28.232 28.273 28.371 28.471 28.538 28.719 28.88 28.97 28.992 29.01 29.228 29.24 29.28 29.246 29.285 29.359 29.462 29.569 29.749 29.891 29.939 29.939 30.048 30.053 30.116 30.197 30.289 30.355 30.378 30.489 30.549 30.61 30.712 30.755 30.805 30.867 30.922 31.001 30.998 31.043 31.027 30.935 30.89
27.292 27.32 27.425 27.494 27.542 27.556 27.604 27.66 27.68 27.721 27.691 27.744 27.717 27.765 27.923 28.173 27.792 27.713 27.694 27.729 27.892 28.141 28.173 28.171 28.156 28.208 28.189 28.152 28.211 28.334 28.41 28.376 28.478 28.498 28.612 28.795 28.829 28.955 29.12 29.193 29.195 29.546 29.263 29.31 29.333 29.447 29.679 29.774 29.766 29.765 29.803 29.905 29.962 30.044 30.122 30.181 30.246 30.314 30.406 30.457 30.547 30.609 30.68 30.766 30.831 30.91 31.007 31.079 31.12 31.03 30.921 30.864
27.315 27.377 27.429 27.535 27.559 27.603 27.627 27.696 27.721 28.455 27.751 27.751 27.764 27.819 27.843 27.961 27.777 27.744 27.771 27.763 27.913 28.068 28.406 28.87 28.387 28.444 28.279 28.205 28.327 28.5 28.433 28.471 28.501 28.534 28.609 28.709 28.731 28.843 29.062 29.144 29.259 29.433 29.29 29.345 29.321 29.528 29.633 29.607 29.631 29.676 29.748 29.834 29.912 29.997 30.091 30.158 30.224 30.292 30.364 30.488 30.609 30.64 30.717 30.736 30.805 30.897 31.006 31.117 31.108 30.998 30.876 30.802
27.356 27.436 27.47 27.614 27.658 27.671 27.699 27.736 27.767 27.738 27.816 27.842 27.87 27.868 27.887 27.918 27.846 27.829 27.902 27.823 27.874 28.031 28.255 28.369 28.536 28.569 28.272 28.275 28.472 28.522 28.645 28.706 28.647 28.536 28.563 28.63 28.706 28.781 28.858 28.907 29.061 29.247 29.246 29.243 29.266 29.329 29.399 29.477 29.543 29.62 29.709 29.793 29.909 30.025 30.097 30.144 30.209 30.257 30.377 30.486 30.742 30.66 30.707 30.732 30.774 30.841 30.937 30.983 30.95 30.885 30.823 30.742
