raw_data/humedad_relativa/hora9/rh9oct.txt
ncols         501
nrows         361
xllcorner     109.95
yllcorner     -45.05
cellsize      0.1
NODATA_value  -9999
[rows 64 to 95 of 361, columns 0 to 71 of 501]
63.452 63.371 63.289 63.207 63.125 63.042 62.959 62.875 62.791 62.707 62.622 62.537 62.451 62.365 62.278 62.191 62.103 62.015 61.926 61.837 61.746 61.656 61.564 61.472 61.379 61.286 61.191 61.096 61 60.903 60.806 60.707 60.608 60.508 60.407 60.305 60.202 60.098 59.993 59.888 59.781 59.674 59.566 59.457 59.347 59.237 59.125 59.014 58.901 58.788 58.675 58.561 58.447 58.333 58.219 58.105 57.991 57.877 57.764 57.651 57.538 57.427 57.316 57.207 57.099 56.992 56.886 56.782 56.68 56.58 56.482 56.386
63.371 63.289 63.206 63.123 63.04 62.956 62.872 62.787 62.702 62.617 62.531 62.445 62.358 62.271 62.183 62.095 62.006 61.916 61.826 61.736 61.644 61.552 61.46 61.366 61.272 61.177 61.081 60.985 60.888 60.789 60.69 60.59 60.489 60.387 60.284 60.181 60.076 59.97 59.863 59.756 59.647 59.537 59.427 59.315 59.203 59.09 58.976 58.862 58.746 58.63 58.514 58.397 58.28 58.163 58.045 57.928 57.81 57.693 57.576 57.459 57.344 57.228 57.114 57.001 56.889 56.778 56.669 56.562 56.456 56.353 56.251 56.152
63.29 63.207 63.123 63.039 62.955 62.87 62.785 62.699 62.613 62.527 62.44 62.353 62.265 62.177 62.088 61.998 61.908 61.818 61.727 61.635 61.542 61.449 61.355 61.26 61.165 61.069 60.972 60.874 60.775 60.675 60.575 60.473 60.37 60.267 60.162 60.056 59.95 59.842 59.733 59.623 59.512 59.401 59.288 59.174 59.059 58.943 58.827 58.709 58.591 58.472 58.353 58.233 58.112 57.992 57.871 57.75 57.629 57.508 57.387 57.267 57.147 57.028 56.91 56.793 56.677 56.563 56.45 56.339 56.229 56.122 56.017 55.914
63.209 63.124 63.04 62.955 62.87 62.784 62.698 62.611 62.524 62.437 62.349 62.26 62.172 62.082 61.992 61.902 61.811 61.719 61.627 61.534 61.44 61.346 61.251 61.155 61.058 60.96 60.862 60.763 60.662 60.561 60.459 60.356 60.252 60.146 60.04 59.932 59.824 59.714 59.603 59.491 59.378 59.264 59.148 59.032 58.915 58.796 58.677 58.557 58.435 58.313 58.191 58.068 57.944 57.82 57.695 57.571 57.446 57.321 57.197 57.073 56.949 56.826 56.704 56.583 56.464 56.345 56.228 56.113 56 55.888 55.779 55.673
63.127 63.042 62.957 62.871 62.784 62.698 62.611 62.523 62.435 62.347 62.258 62.168 62.078 61.988 61.897 61.805 61.713 61.62 61.527 61.433 61.338 61.242 61.146 61.049 60.951 60.852 60.752 60.652 60.55 60.447 60.344 60.239 60.133 60.026 59.918 59.808 59.698 59.586 59.473 59.359 59.244 59.127 59.009 58.89 58.77 58.649 58.527 58.404 58.279 58.154 58.028 57.902 57.775 57.647 57.519 57.39 57.262 57.133 57.005 56.877 56.75 56.623 56.497 56.371 56.248 56.125 56.004 55.885 55.767 55.652 55.539 55.428
63.046 62.96 62.874 62.787 62.699 62.612 62.523 62.435 62.346 62.256 62.166 62.076 61.985 61.894 61.801 61.709 61.616 61.522 61.427 61.332 61.236 61.139 61.042 60.943 60.844 60.744 60.643 60.541 60.438 60.333 60.228 60.122 60.014 59.906 59.796 59.684 59.572 59.458 59.343 59.227 59.109 58.99 58.87 58.749 58.626 58.502 58.377 58.251 58.123 57.995 57.866 57.736 57.605 57.474 57.342 57.209 57.077 56.945 56.812 56.68 56.548 56.417 56.287 56.157 56.029 55.902 55.777 55.653 55.532 55.412 55.295 55.18
62.965 62.878 62.79 62.702 62.614 62.525 62.436 62.347 62.257 62.166 62.075 61.984 61.892 61.799 61.706 61.612 61.518 61.423 61.327 61.231 61.134 61.036 60.937 60.838 60.737 60.636 60.533 60.43 60.325 60.22 60.113 60.005 59.896 59.785 59.674 59.561 59.446 59.331 59.214 59.095 58.975 58.854 58.731 58.607 58.482 58.355 58.227 58.097 57.967 57.835 57.703 57.569 57.435 57.299 57.164 57.028 56.891 56.755 56.618 56.481 56.345 56.21 56.075 55.941 55.809 55.677 55.547 55.419 55.293 55.169 55.047 54.928
62.884 62.796 62.707 62.618 62.529 62.439 62.349 62.258 62.167 62.076 61.984 61.891 61.798 61.705 61.61 61.516 61.42 61.324 61.227 61.13 61.032 60.933 60.833 60.732 60.63 60.527 60.424 60.319 60.213 60.106 59.998 59.888 59.778 59.666 59.552 59.437 59.321 59.203 59.084 58.963 58.841 58.717 58.592 58.466 58.337 58.208 58.076 57.944 57.81 57.675 57.539 57.402 57.264 57.125 56.985 56.845 56.704 56.563 56.422 56.282 56.141 56.001 55.862 55.723 55.586 55.45 55.315 55.182 55.052 54.923 54.797 54.673
62.803 62.713 62.624 62.534 62.443 62.353 62.262 62.17 62.078 61.985 61.892 61.799 61.705 61.61 61.515 61.419 61.322 61.225 61.127 61.029 60.929 60.829 60.728 60.626 60.523 60.419 60.314 60.208 60.101 59.993 59.883 59.772 59.66 59.546 59.431 59.314 59.196 59.076 58.955 58.832 58.707 58.581 58.454 58.324 58.193 58.061 57.926 57.791 57.654 57.515 57.375 57.235 57.093 56.95 56.806 56.661 56.516 56.371 56.226 56.08 55.935 55.79 55.646 55.503 55.361 55.22 55.08 54.943 54.807 54.674 54.543 54.415
62.721 62.631 62.54 62.45 62.358 62.266 62.174 62.081 61.988 61.895 61.801 61.706 61.611 61.515 61.419 61.322 61.225 61.126 61.027 60.928 60.827 60.726 60.624 60.521 60.416 60.311 60.205 60.098 59.989 59.879 59.768 59.656 59.542 59.426 59.309 59.191 59.071 58.949 58.826 58.701 58.574 58.445 58.315 58.183 58.049 57.914 57.776 57.638 57.497 57.355 57.212 57.067 56.921 56.774 56.626 56.477 56.328 56.178 56.028 55.877 55.727 55.578 55.429 55.28 55.133 54.987 54.843 54.7 54.56 54.421 54.285 54.152
62.64 62.549 62.457 62.365 62.273 62.18 62.087 61.993 61.899 61.804 61.709 61.613 61.517 61.42 61.323 61.225 61.127 61.027 60.927 60.827 60.725 60.623 60.519 60.415 60.31 60.203 60.096 59.987 59.877 59.766 59.653 59.54 59.424 59.307 59.189 59.068 58.946 58.823 58.697 58.57 58.441 58.31 58.177 58.042 57.906 57.767 57.627 57.484 57.34 57.195 57.048 56.899 56.749 56.598 56.445 56.292 56.138 55.983 55.829 55.673 55.518 55.364 55.209 55.056 54.903 54.752 54.603 54.455 54.309 54.165 54.024 53.886
62.559 62.466 62.374 62.281 62.187 62.093 61.999 61.904 61.809 61.713 61.617 61.521 61.423 61.326 61.227 61.128 61.029 60.928 60.827 60.725 60.623 60.519 60.415 60.309 60.203 60.095 59.987 59.877 59.765 59.653 59.539 59.424 59.307 59.188 59.068 58.946 58.822 58.697 58.569 58.44 58.308 58.175 58.039 57.902 57.762 57.621 57.477 57.332 57.184 57.035 56.884 56.731 56.577 56.421 56.264 56.107 55.948 55.788 55.628 55.468 55.308 55.148 54.988 54.829 54.671 54.515 54.36 54.206 54.055 53.906 53.76 53.616
62.477 62.384 62.29 62.196 62.102 62.007 61.911 61.815 61.719 61.622 61.525 61.428 61.329 61.23 61.131 61.031 60.93 60.829 60.727 60.624 60.52 60.416 60.31 60.204 60.096 59.987 59.877 59.766 59.654 59.54 59.425 59.308 59.189 59.069 58.948 58.824 58.698 58.571 58.441 58.31 58.176 58.04 57.902 57.762 57.619 57.475 57.328 57.179 57.028 56.875 56.72 56.563 56.405 56.245 56.083 55.92 55.757 55.592 55.427 55.261 55.096 54.93 54.765 54.6 54.437 54.275 54.114 53.955 53.798 53.643 53.492 53.343
62.396 62.301 62.207 62.111 62.016 61.92 61.823 61.726 61.629 61.531 61.433 61.334 61.235 61.135 61.035 60.934 60.832 60.73 60.626 60.522 60.418 60.312 60.205 60.098 59.989 59.879 59.768 59.656 59.542 59.427 59.311 59.192 59.073 58.951 58.828 58.702 58.575 58.445 58.314 58.18 58.044 57.906 57.765 57.622 57.477 57.329 57.179 57.027 56.872 56.715 56.556 56.395 56.232 56.068 55.901 55.734 55.565 55.395 55.225 55.053 54.882 54.711 54.54 54.37 54.2 54.032 53.865 53.7 53.537 53.377 53.219 53.065
62.314 62.219 62.123 62.027 61.93 61.833 61.735 61.637 61.539 61.44 61.341 61.241 61.141 61.04 60.938 60.836 60.733 60.63 60.526 60.421 60.315 60.208 60.101 59.992 59.882 59.771 59.659 59.546 59.431 59.315 59.197 59.077 58.956 58.833 58.708 58.581 58.452 58.32 58.187 58.051 57.913 57.772 57.629 57.483 57.335 57.184 57.031 56.875 56.717 56.556 56.393 56.227 56.06 55.891 55.72 55.547 55.373 55.197 55.021 54.844 54.667 54.49 54.313 54.137 53.961 53.787 53.614 53.443 53.274 53.107 52.944 52.783
62.233 62.136 62.039 61.942 61.844 61.746 61.647 61.548 61.449 61.349 61.248 61.148 61.046 60.944 60.842 60.739 60.635 60.53 60.425 60.319 60.212 60.104 59.996 59.886 59.775 59.663 59.55 59.435 59.319 59.202 59.083 58.962 58.839 58.715 58.588 58.46 58.329 58.196 58.061 57.923 57.782 57.639 57.493 57.345 57.194 57.04 56.883 56.724 56.562 56.397 56.23 56.06 55.888 55.714 55.537 55.359 55.18 54.999 54.817 54.634 54.451 54.268 54.084 53.901 53.719 53.539 53.359 53.182 53.007 52.834 52.664 52.497
62.151 62.053 61.955 61.857 61.758 61.659 61.559 61.459 61.358 61.257 61.156 61.054 60.951 60.848 60.745 60.641 60.536 60.43 60.324 60.217 60.109 60 59.891 59.78 59.668 59.555 59.441 59.325 59.208 59.089 58.969 58.847 58.723 58.597 58.469 58.339 58.207 58.072 57.935 57.795 57.652 57.507 57.359 57.207 57.053 56.896 56.736 56.573 56.407 56.239 56.067 55.893 55.716 55.537 55.355 55.172 54.987 54.8 54.612 54.423 54.233 54.043 53.854 53.664 53.476 53.288 53.102 52.918 52.736 52.557 52.38 52.207
62.069 61.97 61.871 61.772 61.672 61.571 61.47 61.369 61.267 61.165 61.063 60.96 60.856 60.752 60.648 60.542 60.436 60.33 60.223 60.115 60.006 59.896 59.785 59.674 59.561 59.447 59.332 59.215 59.097 58.977 58.856 58.732 58.607 58.48 58.351 58.219 58.085 57.949 57.81 57.668 57.523 57.375 57.225 57.071 56.914 56.754 56.59 56.424 56.254 56.081 55.905 55.726 55.544 55.36 55.173 54.984 54.793 54.6 54.406 54.211 54.014 53.818 53.621 53.425 53.229 53.035 52.842 52.651 52.462 52.276 52.092 51.913
61.988 61.888 61.787 61.686 61.585 61.484 61.382 61.279 61.176 61.073 60.97 60.865 60.761 60.656 60.55 60.444 60.337 60.229 60.121 60.012 59.902 59.792 59.68 59.567 59.453 59.338 59.222 59.105 58.985 58.865 58.742 58.618 58.492 58.363 58.233 58.1 57.964 57.826 57.685 57.541 57.394 57.244 57.091 56.935 56.775 56.612 56.445 56.275 56.101 55.924 55.744 55.56 55.373 55.184 54.991 54.796 54.599 54.4 54.199 53.997 53.794 53.591 53.387 53.183 52.981 52.779 52.579 52.38 52.184 51.991 51.8 51.614
61.906 61.804 61.703 61.601 61.499 61.396 61.293 61.189 61.085 60.981 60.876 60.771 60.665 60.559 60.452 60.345 60.237 60.128 60.019 59.909 59.798 59.687 59.574 59.46 59.346 59.23 59.113 58.994 58.874 58.752 58.629 58.503 58.376 58.246 58.115 57.98 57.843 57.704 57.561 57.415 57.267 57.114 56.959 56.8 56.637 56.471 56.301 56.127 55.949 55.768 55.583 55.394 55.203 55.007 54.809 54.608 54.405 54.199 53.992 53.783 53.573 53.362 53.151 52.94 52.729 52.52 52.312 52.106 51.903 51.702 51.504 51.31
61.824 61.721 61.618 61.515 61.412 61.308 61.204 61.099 60.994 60.888 60.782 60.676 60.569 60.462 60.354 60.246 60.137 60.027 59.917 59.806 59.694 59.581 59.468 59.353 59.238 59.121 59.003 58.883 58.762 58.64 58.515 58.389 58.261 58.13 57.997 57.861 57.723 57.582 57.438 57.29 57.14 56.985 56.828 56.666 56.5 56.331 56.158 55.98 55.798 55.613 55.423 55.23 55.033 54.832 54.628 54.421 54.211 53.999 53.784 53.568 53.35 53.132 52.913 52.694 52.476 52.259 52.043 51.829 51.617 51.409 51.203 51.002
61.742 61.638 61.534 61.429 61.325 61.22 61.114 61.008 60.902 60.795 60.688 60.581 60.473 60.364 60.255 60.146 60.036 59.925 59.814 59.702 59.589 59.476 59.361 59.246 59.129 59.012 58.893 58.772 58.651 58.527 58.402 58.275 58.145 58.014 57.88 57.743 57.603 57.461 57.315 57.166 57.014 56.857 56.697 56.533 56.365 56.192 56.016 55.834 55.649 55.459 55.265 55.066 54.864 54.657 54.447 54.234 54.017 53.798 53.576 53.352 53.127 52.9 52.673 52.446 52.22 51.994 51.77 51.548 51.328 51.111 50.898 50.689
61.659 61.554 61.449 61.344 61.238 61.131 61.024 60.917 60.81 60.702 60.594 60.485 60.376 60.266 60.156 60.046 59.935 59.823 59.711 59.598 59.484 59.37 59.254 59.138 59.021 58.902 58.782 58.661 58.539 58.414 58.288 58.16 58.03 57.897 57.762 57.625 57.484 57.34 57.193 57.043 56.889 56.73 56.568 56.402 56.231 56.055 55.875 55.69 55.501 55.306 55.107 54.904 54.696 54.483 54.267 54.047 53.823 53.596 53.367 53.135 52.902 52.667 52.432 52.196 51.961 51.727 51.494 51.263 51.035 50.81 50.588 50.371
61.577 61.471 61.364 61.257 61.15 61.042 60.934 60.826 60.717 60.608 60.499 60.389 60.278 60.168 60.057 59.945 59.833 59.72 59.607 59.493 59.378 59.263 59.147 59.029 58.911 58.792 58.672 58.55 58.426 58.301 58.174 58.046 57.915 57.781 57.646 57.507 57.365 57.22 57.072 56.92 56.764 56.604 56.44 56.271 56.098 55.919 55.736 55.548 55.354 55.155 54.951 54.743 54.529 54.311 54.088 53.861 53.63 53.395 53.158 52.918 52.676 52.433 52.188 51.944 51.7 51.456 51.214 50.975 50.737 50.504 50.274 50.048
61.495 61.387 61.279 61.171 61.062 60.953 60.844 60.734 60.624 60.514 60.403 60.292 60.181 60.069 59.956 59.844 59.73 59.617 59.502 59.387 59.272 59.155 59.038 58.92 58.801 58.681 58.56 58.438 58.314 58.188 58.06 57.931 57.799 57.665 57.529 57.389 57.247 57.101 56.952 56.798 56.641 56.479 56.313 56.142 55.966 55.785 55.598 55.406 55.209 55.006 54.797 54.583 54.363 54.139 53.909 53.675 53.437 53.194 52.949 52.7 52.449 52.197 51.943 51.689 51.436 51.183 50.931 50.682 50.436 50.193 49.954 49.719
61.412 61.303 61.194 61.084 60.974 60.864 60.753 60.642 60.531 60.419 60.307 60.195 60.082 59.969 59.855 59.742 59.627 59.512 59.397 59.281 59.164 59.047 58.929 58.811 58.691 58.57 58.448 58.325 58.2 58.074 57.946 57.816 57.684 57.549 57.412 57.272 57.129 56.982 56.832 56.677 56.519 56.356 56.188 56.015 55.836 55.652 55.463 55.267 55.066 54.858 54.645 54.425 54.2 53.968 53.732 53.49 53.244 52.993 52.739 52.482 52.222 51.96 51.696 51.432 51.169 50.906 50.645 50.386 50.13 49.877 49.629 49.385
61.33 61.219 61.109 60.998 60.886 60.774 60.662 60.55 60.437 60.324 60.211 60.097 59.983 59.869 59.754 59.639 59.523 59.407 59.291 59.174 59.056 58.938 58.819 58.7 58.579 58.458 58.335 58.211 58.086 57.959 57.831 57.7 57.568 57.433 57.295 57.155 57.011 56.863 56.712 56.557 56.397 56.233 56.063 55.888 55.708 55.521 55.329 55.13 54.924 54.712 54.494 54.269 54.037 53.8 53.556 53.307 53.052 52.793 52.53 52.263 51.993 51.721 51.447 51.173 50.899 50.626 50.354 50.085 49.819 49.556 49.298 49.045
61.247 61.135 61.023 60.91 60.798 60.685 60.571 60.457 60.343 60.229 60.114 59.999 59.883 59.768 59.652 59.535 59.419 59.301 59.184 59.066 58.947 58.828 58.709 58.588 58.467 58.345 58.222 58.097 57.971 57.844 57.715 57.584 57.451 57.316 57.178 57.037 56.893 56.745 56.593 56.437 56.277 56.111 55.94 55.764 55.581 55.392 55.197 54.994 54.785 54.569 54.345 54.115 53.877 53.633 53.382 53.124 52.861 52.593 52.32 52.043 51.763 51.481 51.197 50.912 50.627 50.342 50.06 49.78 49.503 49.23 48.962 48.699
61.164 61.051 60.937 60.823 60.709 60.594 60.479 60.364 60.248 60.132 60.016 59.9 59.783 59.666 59.549 59.431 59.313 59.195 59.076 58.957 58.837 58.717 58.597 58.475 58.353 58.231 58.107 57.982 57.856 57.728 57.599 57.468 57.334 57.199 57.061 56.92 56.775 56.627 56.475 56.318 56.157 55.991 55.819 55.641 55.456 55.265 55.067 54.861 54.648 54.428 54.199 53.963 53.719 53.468 53.209 52.943 52.671 52.394 52.111 51.824 51.533 51.239 50.944 50.647 50.351 50.055 49.761 49.47 49.182 48.898 48.619 48.346
61.081 60.966 60.851 60.736 60.62 60.504 60.387 60.27 60.153 60.036 59.918 59.8 59.682 59.564 59.445 59.326 59.207 59.087 58.967 58.847 58.726 58.605 58.484 58.362 58.239 58.115 57.991 57.865 57.739 57.611 57.481 57.35 57.217 57.081 56.943 56.802 56.657 56.509 56.357 56.2 56.038 55.871 55.698 55.519 55.333 55.14 54.939 54.731 54.514 54.289 54.056 53.814 53.563 53.305 53.038 52.764 52.483 52.195 51.902 51.604 51.302 50.996 50.689 50.38 50.072 49.764 49.458 49.155 48.855 48.56 48.27 47.987
60.998 60.882 60.765 60.648 60.53 60.413 60.295 60.176 60.058 59.939 59.819 59.7 59.58 59.46 59.34 59.22 59.099 58.978 58.857 58.736 58.614 58.492 58.369 58.246 58.123 57.998 57.873 57.748 57.621 57.492 57.363 57.231 57.098 56.962 56.824 56.683 56.539 56.391 56.239 56.082 55.92 55.753 55.579 55.399 55.212 55.017 54.814 54.602 54.382 54.153 53.915 53.667 53.41 53.144 52.87 52.587 52.296 51.998 51.694 51.384 51.07 50.752 50.432 50.111 49.789 49.469 49.15 48.834 48.523 48.216 47.915 47.62
60.915 60.797 60.679 60.56 60.441 60.321 60.202 60.082 59.961 59.841 59.72 59.599 59.478 59.356 59.234 59.112 58.99 58.868 58.746 58.623 58.5 58.377 58.253 58.13 58.005 57.88 57.755 57.628 57.501 57.372 57.242 57.111 56.978 56.842 56.705 56.564 56.42 56.272 56.12 55.964 55.802 55.635 55.461 55.28 55.092 54.896 54.691 54.477 54.254 54.02 53.777 53.524 53.26 52.987 52.704 52.411 52.11 51.802 51.486 51.164 50.837 50.506 50.173 49.838 49.503 49.169 48.837 48.508 48.184 47.865 47.552 47.246
