raw_data/humedad_relativa/hora9/rh9oct.txt
ncols         501
nrows         361
xllcorner     109.95
yllcorner     -45.05
cellsize      0.1
NODATA_value  -9999
[rows 160 to 191 of 361, columns 288 to 359 of 501]
31.227 31.317 31.404 31.417 31.449 31.477 31.507 31.465 31.521 31.487 31.373 31.302 31.268 31.242 31.222 31.201 31.191 31.167 31.149 31.152 31.176 31.233 31.334 31.383 31.394 31.308 31.342 31.441 31.508 31.593 31.756 31.895 32.178 32.161 32.116 32.1 32.229 32.421 32.507 32.532 32.646 32.741 32.929 33.109 33.39 33.647 33.859 34.077 34.266 34.395 34.682 35.014 35.277 35.595 36.316 36.5 36.755 37.142 37.635 37.924 38.175 38.478 38.666 39.109 39.319 39.349 39.779 40.201 40.517 41.077 41.621 41.964
31.38 31.5 31.55 31.597 31.685 31.735 31.705 31.67 31.613 31.523 31.459 31.424 31.392 31.353 31.323 31.3 31.292 31.257 31.228 31.211 31.222 31.272 31.346 31.42 31.378 31.345 31.382 31.452 31.562 31.688 31.85 31.984 32.113 32.069 32.037 32.066 32.162 32.348 32.462 32.493 32.593 32.721 32.892 33.109 33.301 33.527 33.704 33.909 34.15 34.382 34.656 34.993 35.406 35.583 35.885 36.232 36.621 37.065 37.477 37.538 37.973 38.125 38.372 38.756 38.936 39.277 39.632 40.082 40.29 41.036 41.267 41.839
31.508 31.681 31.706 31.695 31.816 31.837 31.822 31.769 31.76 31.647 31.605 31.6 31.566 31.487 31.426 31.396 31.362 31.35 31.31 31.285 31.287 31.304 31.341 31.437 31.366 31.389 31.433 31.563 31.783 31.72 31.87 32.047 31.976 31.983 31.998 32.043 32.127 32.295 32.434 32.447 32.568 32.711 32.895 33.083 33.272 33.467 33.689 33.924 34.154 34.396 34.615 34.935 35.316 35.551 35.85 36.451 36.611 37.018 37.218 37.412 37.823 37.857 38.338 38.599 38.815 39.202 39.619 39.912 40.036 40.705 41.149 41.453
31.686 31.813 31.834 31.866 31.846 31.911 31.96 31.888 31.841 31.833 31.828 31.78 31.72 31.62 31.527 31.481 31.449 31.421 31.391 31.365 31.357 31.368 31.399 31.464 31.403 31.434 31.498 31.582 31.691 31.711 31.967 32.201 31.965 31.956 31.964 32.046 32.125 32.228 32.36 32.458 32.566 32.722 32.9 33.084 33.276 33.526 33.755 34.072 34.305 34.548 34.637 34.876 35.132 35.548 35.911 36.292 36.46 36.77 36.968 37.195 37.585 37.65 38.217 38.236 38.567 38.983 39.44 39.877 40.093 40.228 40.723 41.303
31.818 31.914 31.955 32.049 32.055 32.013 32.077 32.056 32.015 31.971 31.885 31.875 31.774 31.677 31.617 31.587 31.531 31.504 31.471 31.442 31.432 31.442 31.451 31.449 31.457 31.498 31.572 31.64 31.685 31.805 32.285 31.988 31.982 31.943 31.974 32.053 32.127 32.209 32.309 32.447 32.568 32.726 32.885 33.072 33.269 33.557 33.887 34.097 34.427 34.904 34.703 34.917 35.114 35.63 35.83 36.054 36.351 36.617 36.89 37.03 37.39 37.46 37.777 38.062 38.332 38.693 39.077 39.599 39.875 39.816 40.438 40.861
31.894 32.041 32.106 32.252 32.223 32.254 32.168 32.148 32.154 32.108 31.952 31.901 31.83 31.766 31.71 31.662 31.624 31.589 31.549 31.522 31.499 31.815 31.516 31.527 31.57 31.652 31.834 32.391 31.789 31.875 31.986 31.976 32.163 31.998 32.005 32.08 32.156 32.25 32.349 32.454 32.596 32.753 32.921 33.095 33.303 33.535 33.86 34.05 34.338 34.758 34.883 34.983 35.119 35.317 35.639 35.906 36.229 36.417 36.599 36.939 37.181 37.294 37.642 38 38.361 38.851 39.058 39.421 39.493 39.556 40.149 40.568
31.977 32.165 32.19 32.291 32.366 32.411 32.396 32.28 32.245 32.149 32.07 31.992 31.925 31.859 31.797 31.751 31.72 31.657 31.608 31.583 31.612 31.797 31.719 31.646 31.66 31.758 31.888 31.857 32.02 31.959 31.935 32.067 32.293 32.055 32.05 32.121 32.206 32.295 32.39 32.495 32.626 32.772 33 33.144 33.349 33.555 33.833 34.211 34.384 34.62 34.914 35.07 35.137 35.342 35.545 35.821 36.109 36.301 36.507 36.818 36.944 37.2 37.569 37.95 38.318 38.778 39.031 39.135 39.307 39.435 40.062 40.309
32.084 32.211 32.312 32.374 32.506 32.636 32.517 32.421 32.346 32.267 32.181 32.124 32.089 32.041 31.913 31.828 31.775 31.743 31.698 31.691 31.756 31.94 31.889 31.818 31.839 31.852 31.973 31.864 31.972 32.038 31.947 32.007 32.066 32.045 32.106 32.18 32.261 32.342 32.436 32.555 32.71 32.862 32.963 33.163 33.368 33.594 33.836 34.105 34.314 34.577 34.722 34.923 35.242 35.399 35.64 35.83 35.904 36.195 36.386 36.589 36.766 37.102 37.538 37.754 38.19 38.369 38.669 38.923 38.817 39.275 39.662 39.97
32.171 32.267 32.381 32.486 32.676 32.697 32.717 32.55 32.495 32.417 32.286 32.335 32.214 32.167 32.039 31.955 31.894 31.863 31.846 31.802 31.804 31.958 31.878 31.935 31.951 31.963 32.016 31.969 32.027 32.091 31.995 31.991 32.043 32.109 32.167 32.242 32.315 32.392 32.493 32.612 32.816 32.948 33.026 33.206 33.455 33.774 33.864 34.053 34.259 34.467 34.714 34.876 35.237 35.339 35.639 35.842 35.883 36.014 36.307 36.424 36.665 36.999 37.281 37.637 37.96 38.112 38.325 38.522 38.661 39.011 39.26 39.513
32.253 32.328 32.423 32.557 32.698 32.787 32.769 32.688 32.63 32.523 32.427 32.298 32.271 32.21 32.092 32.093 32.007 31.932 32.038 31.988 31.866 31.852 31.913 31.964 32.042 32.115 32.198 32.099 32.072 32.223 32.074 32.055 32.104 32.17 32.233 32.299 32.371 32.453 32.581 32.723 32.881 33.037 33.199 33.235 33.481 33.768 33.901 33.999 34.197 34.373 34.597 34.808 35.172 35.307 35.42 35.59 35.764 35.912 36.109 36.443 36.656 36.877 37.274 37.502 37.775 37.921 38.111 38.303 38.491 38.817 38.952 39.149
32.35 32.394 32.544 32.692 32.74 32.78 32.773 32.714 32.678 32.626 32.443 32.503 32.258 32.255 32.189 32.203 32.173 32.089 32.154 32.171 31.958 31.932 31.965 32.003 32.212 32.163 32.048 32.112 32.067 32.082 32.08 32.151 32.185 32.244 32.299 32.352 32.786 32.7 32.774 32.907 32.974 33.131 33.258 33.293 33.543 33.829 33.945 34.015 34.181 34.338 34.58 34.857 35.257 35.291 35.373 35.498 35.681 35.97 36.343 36.386 36.548 36.847 37.373 37.554 37.653 37.775 37.945 38.146 38.235 38.588 38.76 38.877
32.395 32.471 32.541 32.621 32.696 32.745 32.724 32.673 32.774 32.564 32.4 32.317 32.302 32.277 32.192 32.163 32.127 32.115 32.149 32.366 32.123 32.045 32.022 32.082 32.335 32.221 32.092 32.102 32.102 32.149 32.158 32.2 32.247 32.307 32.368 32.426 32.698 32.98 33.139 33.195 33.364 33.231 33.286 33.385 33.618 33.822 33.909 34.068 34.165 34.36 34.603 34.838 35.089 35.294 35.454 35.49 35.705 36.057 36.138 36.311 36.534 36.821 37.258 37.56 37.609 37.679 37.823 37.921 38.085 38.294 38.705 38.685
32.456 32.51 32.571 32.617 32.679 32.708 32.7 32.641 32.595 32.582 32.407 32.401 32.444 32.339 32.23 32.16 32.183 32.332 32.402 32.819 32.251 32.329 32.124 32.34 32.305 32.117 32.114 32.108 32.158 32.186 32.224 32.277 32.329 32.371 32.434 32.543 32.889 33.218 33.148 33.583 33.288 33.438 33.395 33.455 33.638 33.819 33.889 34.037 34.18 34.351 34.632 34.958 35.331 35.252 35.347 35.491 35.633 36.063 36.178 36.298 36.546 36.748 37.118 37.396 37.358 37.676 37.749 37.808 37.935 38.069 38.217 38.335
32.47 32.528 32.582 32.621 32.66 32.67 32.665 32.627 32.611 32.497 32.627 32.494 32.408 32.365 32.27 32.268 32.293 32.388 32.659 32.59 32.672 32.317 32.28 32.438 32.227 32.182 32.17 32.184 32.301 32.258 32.305 32.385 32.402 32.448 32.534 32.685 32.933 33.06 33.119 33.669 33.576 33.932 33.617 33.56 33.655 33.861 33.915 34.061 34.209 34.475 34.677 34.941 35.216 35.29 35.277 35.439 35.747 35.987 36.173 36.279 36.528 36.72 36.979 37.275 37.244 37.532 37.722 37.854 37.872 38.153 38.074 38.139
32.511 32.562 32.584 32.621 32.661 32.647 32.65 32.627 32.66 32.517 32.497 32.454 32.423 32.358 32.255 32.249 32.318 32.506 32.492 32.621 32.706 32.979 32.564 32.431 32.389 32.25 32.233 32.265 32.52 32.335 32.382 32.439 32.489 32.548 32.615 32.778 32.987 33.098 33.26 33.889 33.915 33.627 33.665 33.713 33.746 33.851 33.983 34.121 34.284 34.47 34.668 34.858 35.266 35.329 35.454 35.406 35.877 35.957 36.077 36.222 36.573 36.854 36.805 37.075 37.178 37.335 37.676 37.736 37.917 37.989 37.987 38.062
32.558 32.567 32.597 32.625 32.633 32.627 32.629 32.649 32.594 32.518 32.492 32.518 32.449 32.352 32.28 32.263 32.276 32.313 32.367 32.506 32.728 32.638 32.652 32.386 32.42 32.452 32.338 32.363 32.454 32.422 32.455 32.516 32.558 32.64 32.699 32.829 32.906 33.11 33.364 33.687 33.966 33.796 33.838 33.81 33.871 33.943 34.082 34.207 34.364 34.565 34.778 35.145 35.305 35.657 35.341 35.416 35.671 35.849 35.968 36.263 36.692 36.781 36.762 37.125 37.097 37.208 37.522 37.519 37.822 37.766 37.944 38.284
32.557 32.586 32.619 32.626 32.624 32.616 32.609 32.583 32.542 32.569 32.543 32.426 32.347 32.304 32.295 32.335 32.303 32.633 32.651 32.706 32.605 32.438 32.451 32.42 32.44 32.549 32.563 32.527 32.633 32.57 32.536 32.589 32.652 32.711 32.802 32.952 33.066 33.265 33.873 33.588 33.817 33.926 33.947 33.995 34.063 34.055 34.239 34.345 34.484 34.664 34.876 35.11 35.247 35.473 35.326 35.431 35.684 35.788 35.958 36.236 36.443 36.696 36.736 37.004 37.112 37.237 37.337 37.42 37.775 37.926 37.792 38.019
32.595 32.608 32.62 32.628 32.628 32.62 32.614 32.65 32.563 32.525 32.521 32.579 32.374 32.333 32.347 32.297 32.313 32.458 32.307 32.352 32.502 32.474 32.463 32.502 32.519 32.646 32.74 32.798 32.814 32.841 32.649 32.675 32.736 32.81 32.909 33.018 33.128 33.281 33.429 33.605 33.892 34.234 34.121 34.113 34.189 34.191 34.453 34.429 34.587 34.948 35.269 35.302 35.352 35.573 35.63 35.485 35.621 35.796 36.067 36.402 36.589 36.693 36.729 37.076 37.187 37.133 37.238 37.61 37.704 38.032 37.795 38.129
32.628 32.638 32.641 32.636 32.649 32.639 32.621 32.586 32.575 32.546 32.541 32.523 32.408 32.419 32.34 32.291 32.3 32.337 32.562 32.38 32.374 32.418 32.501 32.61 32.658 32.678 32.756 32.85 32.916 32.969 32.806 32.791 32.843 32.936 33.006 33.124 33.241 33.368 33.494 33.717 33.989 34.163 34.116 34.264 34.3 34.31 34.498 34.591 34.725 35.009 35.301 35.257 35.597 35.45 35.439 35.551 35.694 35.909 36.164 36.544 36.668 36.92 36.815 36.83 37.307 37.209 37.245 37.641 37.676 37.713 37.838 38.059
32.668 32.667 32.667 32.68 32.655 32.669 32.691 32.653 32.63 32.584 32.524 32.479 32.403 32.381 32.326 32.421 32.315 32.348 32.34 32.341 32.405 32.452 32.561 32.642 32.757 32.71 32.759 32.883 33.087 32.919 32.853 32.875 32.964 33.035 33.445 33.292 33.372 33.522 33.707 33.854 33.942 34.175 34.175 34.36 34.38 34.45 34.588 34.718 34.898 35.028 35.438 35.374 35.555 35.641 35.512 35.642 35.849 36.049 36.243 36.428 36.592 36.81 36.96 36.887 37.256 37.436 37.345 37.586 37.915 37.766 37.924 38.103
32.719 32.72 32.736 32.717 32.704 32.695 32.761 32.724 32.677 32.606 32.527 32.474 32.504 32.417 32.446 32.375 32.365 32.352 32.382 32.403 32.461 32.512 32.599 32.735 32.715 32.73 32.829 32.874 33.117 33.062 33.161 33 33.067 33.222 33.659 33.621 33.55 33.619 33.808 34.251 34.149 34.121 34.211 34.432 34.433 34.559 34.689 34.958 35.182 35.189 35.726 35.439 35.446 35.623 35.604 35.719 35.877 36.026 36.271 36.641 36.594 36.695 36.851 36.929 37.348 37.52 37.499 37.545 38.02 37.895 38.02 38.21
32.77 32.826 32.838 32.894 32.809 32.795 32.914 32.756 32.639 32.558 32.551 32.483 32.466 32.431 32.422 32.449 32.398 32.393 32.424 32.463 32.536 32.634 32.778 32.808 32.865 32.891 32.935 32.98 33.199 33.379 33.151 33.099 33.166 33.259 33.428 33.556 33.745 33.873 33.987 34.115 34.252 34.379 34.313 34.404 34.749 34.892 34.862 35.064 35.253 35.268 35.517 35.805 35.665 35.616 35.731 35.815 35.994 36.225 36.469 36.636 36.87 36.802 36.884 37.036 37.334 37.527 37.43 37.709 37.981 38.129 38.101 38.295
32.865 33.032 32.968 32.949 32.999 32.936 32.84 32.714 32.707 32.626 32.549 32.536 32.547 32.493 32.483 32.454 32.448 32.46 32.483 32.538 32.63 32.763 32.948 33.045 33.048 33.096 33.181 33.152 33.177 33.481 33.273 33.223 33.289 33.383 33.576 33.926 34.008 34.146 34.267 34.235 34.328 34.498 34.41 34.525 34.687 35.014 35.167 35.274 35.32 35.403 35.713 35.689 35.836 35.713 35.829 35.931 36.122 36.472 36.59 36.697 36.733 37.019 37.138 37.111 37.587 37.402 37.637 38.001 37.944 38.11 38.235 38.425
32.968 33.019 33.119 33.089 33.093 32.937 32.813 32.763 32.71 32.607 32.631 32.573 32.524 32.53 32.52 32.495 32.55 32.531 32.573 32.637 32.764 32.971 33.242 33.463 33.41 33.536 33.436 33.223 33.222 33.303 33.481 33.659 33.421 33.499 33.605 33.885 34.099 34.249 34.222 34.307 34.377 34.445 34.524 34.67 34.861 35.06 35.199 35.433 35.604 35.494 35.698 35.724 35.849 35.826 35.939 36.096 36.27 36.526 36.753 36.867 36.87 37.018 37.202 37.19 37.467 37.503 37.989 38 38.157 38.178 38.368 38.565
33.042 33.129 33.095 33.19 33.093 33.022 32.926 32.796 32.675 32.64 32.66 32.631 32.591 32.608 32.575 32.601 32.612 32.622 32.645 32.762 32.924 33.141 33.229 33.157 33.319 33.326 33.24 33.285 33.304 33.383 33.565 33.51 33.559 33.646 33.779 33.991 34.116 34.434 34.31 34.353 34.46 34.55 34.659 34.863 35.037 35.161 35.47 35.694 35.843 35.855 35.712 35.865 35.929 35.959 36.104 36.299 36.465 36.781 37.034 37.034 37.042 37.235 37.282 37.541 37.434 37.723 37.883 38.193 38.195 38.307 38.494 38.688
33.139 33.149 33.115 33.201 33.052 33.015 32.948 32.924 32.729 32.718 32.687 32.707 32.696 32.607 32.631 32.678 32.717 32.721 32.744 33.105 33.331 33.142 33.178 33.259 33.161 33.263 33.258 33.309 33.395 33.504 33.648 33.63 33.701 33.824 34.014 34.466 34.326 34.645 34.665 34.506 34.563 34.671 34.844 34.99 35.244 35.486 35.767 35.818 35.846 35.854 35.887 35.975 36.083 36.115 36.293 36.408 36.597 36.97 37.09 37.182 37.412 37.21 37.666 37.697 37.591 37.784 38.343 38.439 38.527 38.602 38.624 38.822
33.314 33.31 33.241 33.197 33.104 33.035 32.97 32.846 32.826 32.792 32.769 32.75 32.695 32.775 32.746 32.7 32.752 32.783 32.866 33.023 33.34 33.373 33.144 33.112 33.199 33.285 33.36 33.438 33.515 33.6 33.684 33.773 33.857 33.959 34.127 34.423 34.403 34.48 34.638 34.624 34.706 34.847 35.092 35.109 35.364 35.535 35.646 35.823 35.873 35.942 35.993 36.126 36.202 36.281 36.408 36.64 36.763 37.027 37.134 37.389 37.519 37.493 37.482 37.77 37.738 37.999 38.385 38.365 38.657 38.799 38.824 38.96
33.273 33.269 33.374 33.35 33.195 33.074 32.987 32.96 32.919 32.843 32.827 32.787 32.764 32.782 32.758 32.768 32.832 32.852 32.935 33.018 33.155 33.112 33.2 33.365 33.447 33.506 33.657 33.59 33.674 33.754 33.841 33.935 34.017 34.105 34.198 34.317 34.497 34.835 34.844 34.821 34.876 35.056 35.267 35.685 35.602 35.774 35.703 35.94 35.96 36.188 36.19 36.325 36.355 36.439 36.594 36.784 36.909 37.139 37.274 37.442 37.755 37.952 37.718 37.844 37.855 38.269 38.43 38.404 38.675 38.819 38.928 39.129
33.431 33.362 33.478 33.375 33.294 33.12 33.085 33.013 33.013 32.956 32.897 32.857 32.828 32.829 32.828 32.849 32.877 32.97 33.021 33.128 33.292 33.314 33.432 33.663 33.865 33.832 33.854 33.865 33.841 33.925 34.013 34.096 34.183 34.272 34.377 34.489 34.671 34.974 34.863 34.973 35.1 35.256 35.441 35.66 35.942 35.839 35.973 35.958 36.081 36.232 36.37 36.37 36.529 36.699 36.771 36.876 37.014 37.26 37.482 37.484 37.76 37.927 38.065 38.047 38.01 38.375 38.661 38.623 38.692 38.892 39.089 39.278
33.605 33.683 33.637 33.495 33.353 33.276 33.207 33.173 33.134 33.086 33.037 32.986 32.941 32.903 32.902 32.937 32.972 33.089 33.14 33.29 33.409 33.469 33.604 33.94 34.052 34.021 33.985 34.074 34.061 34.095 34.186 34.269 34.361 34.467 34.578 34.706 34.831 34.907 35.044 35.317 35.385 35.498 35.77 35.977 36.092 36.322 36.115 36.105 36.23 36.37 36.509 36.637 36.776 36.876 36.941 37.009 37.183 37.455 37.685 37.637 37.734 37.919 38.23 38.054 38.219 38.717 38.853 38.94 38.903 39.078 39.261 39.434
33.918 33.833 33.688 33.58 33.454 33.349 33.356 33.356 33.286 33.201 33.139 33.091 33.042 32.961 32.983 33.035 33.166 33.188 33.291 33.457 33.727 33.723 33.856 33.995 34.089 34.247 34.274 34.425 34.285 34.281 34.368 34.464 34.571 34.67 34.794 34.908 35.043 35.123 35.383 35.688 36.036 35.95 35.864 36.277 36.436 36.429 36.275 36.381 36.431 36.573 36.683 36.842 37.041 37.17 37.131 37.392 37.41 37.537 37.972 38.113 37.925 38.197 38.15 38.182 38.498 38.907 38.763 38.9 39.069 39.243 39.426 39.6
34.201 33.951 33.785 33.693 33.577 33.52 33.486 33.445 33.371 33.316 33.266 33.243 33.175 33.082 33.03 33.149 33.257 33.334 33.472 33.586 33.734 33.914 33.992 34.183 34.416 34.387 34.528 34.545 34.498 34.487 34.6 34.649 34.807 34.922 35.084 35.279 35.364 35.41 35.712 35.792 36.281 36.237 36.13 36.176 36.625 36.401 36.335 36.534 36.931 36.899 36.974 37.003 37.284 37.359 37.348 37.442 37.623 37.778 38.078 38.04 38.063 38.197 38.299 38.407 38.655 38.865 38.898 39.097 39.259 39.424 39.607 39.783
