raw_data/humedad_relativa/hora9/rh9sep.txt
ncols         501
nrows         361
xllcorner     109.95
yllcorner     -45.05
cellsize      0.1
NODATA_value  -9999
[rows 96 to 127 of 361, columns 216 to 287 of 501]
31.683 31.727 31.842 32.021 32.237 32.397 32.499 32.488 32.622 32.661 32.797 32.929 32.859 32.912 33.028 33.17 33.13 33.283 33.231 33.396 33.406 33.512 33.662 33.755 33.935 33.938 33.879 33.96 34.081 34.22 34.33 34.468 34.635 34.819 34.996 35.167 35.362 35.528 35.707 35.875 36.052 36.248 36.463 36.623 36.786 36.916 37.08 37.255 37.413 37.577 37.705 37.985 38.252 38.418 38.457 38.737 38.933 38.838 39.05 39.156 39.009 39.09 39.05 38.993 39.083 38.948 39.07 39.273 39.519 38.92 38.979 39.195
31.373 31.451 31.494 31.613 31.793 31.956 32.108 32.126 32.142 32.289 32.371 32.419 32.363 32.412 32.507 32.521 32.607 32.684 32.711 32.785 32.955 33.036 33.157 33.244 33.434 33.275 33.376 33.414 33.512 33.64 33.781 33.929 34.075 34.252 34.424 34.615 34.794 35 35.185 35.334 35.498 35.688 35.876 36.048 36.241 36.42 36.587 36.688 36.861 37.013 37.17 37.397 37.625 37.774 37.765 37.92 38.013 38.078 38.285 38.549 38.86 38.471 38.505 38.494 38.435 38.544 38.629 38.562 38.452 38.416 38.614 38.584
31.013 31.115 31.143 31.301 31.39 31.502 31.647 31.722 31.722 31.855 31.941 31.89 31.941 31.949 32.115 32.06 32.086 32.215 32.19 32.296 32.455 32.583 32.719 32.756 32.748 32.776 32.777 32.835 32.929 33.069 33.214 33.363 33.514 33.704 33.887 34.099 34.272 34.472 34.668 34.823 34.991 35.145 35.346 35.535 35.732 35.875 36.055 36.198 36.345 36.509 36.65 36.836 37.186 37.434 37.317 37.294 37.401 37.519 37.592 37.729 37.834 37.782 37.791 37.809 37.804 37.877 37.88 37.837 37.98 37.937 38.307 38.161
30.757 30.82 30.878 31.038 31.086 31.101 31.182 31.261 31.369 31.545 31.492 31.549 31.557 31.495 31.577 31.617 31.618 31.747 31.72 31.754 31.949 32.068 32.175 32.35 32.188 32.203 32.226 32.269 32.379 32.52 32.66 32.794 32.98 33.172 33.359 33.562 33.783 33.97 34.139 34.294 34.476 34.67 34.85 34.999 35.17 35.345 35.508 35.666 35.848 35.996 36.164 36.574 36.663 36.701 36.775 36.753 36.876 36.981 37.05 37.112 37.203 37.151 37.267 37.324 37.385 37.436 37.519 37.56 37.573 37.621 37.726 37.984
30.515 30.542 30.619 30.686 30.695 30.772 30.826 30.862 31.031 31.205 31.145 31.229 31.138 31.069 31.175 31.171 31.196 31.226 31.297 31.36 31.36 31.471 31.533 31.643 31.763 31.764 31.689 31.729 31.838 32.078 32.08 32.258 32.486 32.692 32.859 33.076 33.275 33.454 33.628 33.804 33.987 34.184 34.365 34.558 34.72 34.893 35.083 35.209 35.383 35.514 35.653 35.813 35.904 36.018 36.125 36.26 36.355 36.449 36.514 36.564 36.618 36.708 36.793 36.822 36.859 36.919 36.842 36.985 37.061 37.093 37.167 36.852
30.241 30.236 30.273 30.381 30.374 30.409 30.455 30.509 30.671 30.832 30.836 30.711 30.654 30.687 30.798 30.769 30.896 30.815 30.849 30.983 30.985 30.925 30.971 31.046 31.297 31.198 31.232 31.192 31.285 31.421 32.032 31.747 31.969 32.217 32.391 32.621 32.872 33.026 33.194 33.381 33.52 33.713 33.906 34.128 34.311 34.426 34.595 34.753 34.888 35.035 35.145 35.296 35.439 35.585 35.667 35.751 35.84 35.949 36.015 36.084 36.123 36.196 36.255 36.312 36.362 36.302 36.329 36.257 36.292 36.455 36.368 36.435
29.902 29.933 29.936 29.999 30.046 30.106 30.186 30.234 30.372 30.483 30.49 30.285 30.29 30.384 30.504 30.497 30.522 30.489 30.412 30.591 30.589 30.491 30.705 30.603 30.721 30.849 30.573 30.665 30.802 30.888 31.226 31.287 31.485 31.749 31.933 32.178 32.364 32.542 32.719 32.892 33.098 33.26 33.464 33.625 33.812 33.991 34.139 34.308 34.481 34.572 34.7 34.836 34.95 35.063 35.169 35.266 35.356 35.443 35.532 35.59 35.652 35.712 35.762 35.755 35.815 35.791 35.863 35.734 36.011 35.942 36.172 35.951
29.494 29.605 29.62 29.676 29.735 29.921 29.976 30.06 30.046 30.026 29.904 29.955 29.955 30.032 30.153 30.25 30.235 30.141 30.052 30.123 30.087 30.068 30.105 30.152 30.252 30.283 30.021 30.361 30.37 30.465 30.604 30.832 31.035 31.283 31.511 31.741 31.911 32.1 32.301 32.489 32.671 32.864 33.078 33.245 33.378 33.596 33.725 33.865 34.018 34.139 34.257 34.407 34.549 34.651 34.736 34.828 34.911 34.975 35.047 35.116 35.171 35.214 35.262 35.295 35.364 35.345 35.329 35.331 35.475 35.472 35.599 35.801
29.214 29.302 29.376 29.419 29.458 29.627 29.735 29.799 29.724 29.613 29.583 29.651 29.652 29.662 29.728 29.765 29.743 29.699 29.589 29.535 29.566 29.618 29.612 29.538 29.507 29.695 29.559 29.722 29.945 30.047 30.201 30.432 30.663 30.868 31.147 31.318 31.498 31.665 31.874 32.092 32.271 32.481 32.68 32.829 33.002 33.224 33.397 33.484 33.65 33.752 33.843 33.983 34.114 34.213 34.3 34.39 34.468 34.537 34.602 34.655 34.695 34.727 34.775 34.829 34.857 34.839 34.865 35.007 35.062 35.017 35.051 34.929
28.989 29.045 29.139 29.273 29.33 29.307 29.478 29.518 29.423 29.316 29.302 29.302 29.293 29.29 29.297 29.29 29.265 29.223 29.18 29.12 29.103 29.108 29.093 29.224 29.269 29.293 29.177 29.35 29.448 29.597 29.827 30.062 30.265 30.502 30.756 30.914 31.126 31.298 31.508 31.716 31.909 32.098 32.271 32.433 32.628 32.809 32.989 33.134 33.303 33.38 33.479 33.577 33.695 33.808 33.896 33.993 34.061 34.131 34.188 34.206 34.256 34.267 34.321 34.372 34.386 34.418 34.492 34.565 34.623 34.619 34.795 34.891
28.774 28.862 28.911 29.02 29.174 29.228 29.307 29.292 29.136 29.099 29.067 29.041 29.042 29.027 28.993 28.955 28.923 28.884 28.842 28.8 28.743 28.698 28.668 28.641 28.648 28.703 28.743 28.958 29.06 29.243 29.424 29.692 29.912 30.172 30.383 30.567 30.757 30.961 31.186 31.381 31.565 31.74 31.921 32.099 32.274 32.435 32.628 32.783 32.928 33.045 33.114 33.218 33.331 33.41 33.521 33.605 33.671 33.723 33.759 33.796 33.844 33.85 33.832 33.834 33.89 33.935 34.026 34.103 34.128 34.283 34.437 34.449
28.654 28.803 28.775 28.77 28.901 29.006 29.105 28.991 28.83 28.907 28.86 28.826 28.804 28.764 28.759 28.752 28.672 28.622 28.592 28.541 28.467 28.398 28.326 28.285 28.248 28.274 28.362 28.604 28.816 29.185 29.133 29.41 29.634 29.869 30.061 30.258 30.445 30.665 30.868 31.077 31.258 31.437 31.6 31.789 31.949 32.108 32.255 32.419 32.559 32.697 32.798 32.874 32.971 33.083 33.152 33.214 33.281 33.319 33.372 33.415 33.437 33.445 33.428 33.402 33.358 33.427 33.555 33.664 33.75 33.922 34.109 34.23
28.483 28.6 28.592 28.574 28.694 28.758 28.789 28.602 28.696 28.777 28.713 28.645 28.58 28.542 28.524 28.517 28.48 28.38 28.363 28.32 28.237 28.175 28.099 28.098 28.044 28.053 28.157 28.465 28.63 28.797 28.99 29.214 29.415 29.611 29.804 29.966 30.161 30.411 30.643 30.798 30.972 31.151 31.318 31.495 31.635 31.824 31.976 32.088 32.235 32.385 32.463 32.55 32.647 32.706 32.816 32.859 32.944 32.977 33.019 33.05 33.061 33.076 33.053 33.027 32.94 32.935 33.052 33.216 33.424 33.591 33.88 33.963
28.28 28.358 28.394 28.416 28.448 28.464 28.396 28.49 28.461 28.567 28.52 28.436 28.362 28.351 28.349 28.39 28.345 28.193 28.192 28.141 28.061 28.006 27.946 27.911 27.974 28.036 28.118 28.316 28.515 28.677 28.851 29.06 29.239 29.386 29.613 29.736 29.939 30.17 30.382 30.548 30.72 30.887 31.056 31.208 31.35 31.559 31.711 31.84 31.983 32.169 32.228 32.319 32.4 32.435 32.464 32.563 32.676 32.68 32.693 32.719 32.717 32.681 32.688 32.665 32.644 32.473 32.674 32.851 33.092 33.383 33.521 33.581
28.139 28.212 28.254 28.29 28.295 28.255 28.249 28.327 28.332 28.442 28.358 28.206 28.181 28.164 28.154 28.166 28.158 28.085 28.073 27.989 27.929 27.876 27.833 27.834 27.926 28.057 28.092 28.356 28.489 28.622 28.776 28.966 29.171 29.242 29.389 29.561 29.748 29.948 30.146 30.32 30.487 30.652 30.801 30.941 31.098 31.266 31.455 31.665 31.892 31.978 32.022 32.238 32.201 32.166 32.16 32.279 32.331 32.345 32.408 32.375 32.402 32.41 32.28 32.314 32.347 32.226 32.355 32.567 32.787 33.101 33.245 33.256
28.02 28.121 28.162 28.16 28.187 28.187 28.159 28.094 28.121 28.141 28.082 28.066 28.057 28.026 28.005 28.006 28.012 27.968 27.934 27.874 27.81 27.772 27.745 27.742 27.866 28.039 28.096 28.791 28.558 28.592 28.726 28.885 29.114 29.204 29.314 29.398 29.579 29.766 29.948 30.115 30.277 30.436 30.575 30.699 30.878 31.079 31.268 31.438 31.568 31.716 31.874 31.957 31.957 31.906 31.912 31.958 32.04 32.068 32.1 32.148 32.162 32.138 32.051 32.084 32.056 32.068 32.211 32.319 32.515 32.775 32.909 32.992
28.002 27.966 28.023 28.068 28.18 28.181 28.177 28.083 28.115 28.047 28.072 28.046 27.955 27.918 27.897 27.879 27.873 27.866 27.838 27.789 27.749 27.711 27.687 27.687 27.757 27.902 27.988 28.589 28.533 28.63 28.761 28.833 28.965 29.107 29.268 29.327 29.451 29.609 29.771 29.93 30.097 30.235 30.36 30.481 30.677 30.862 31.037 31.172 31.248 31.453 31.656 31.772 31.801 31.717 31.69 31.713 31.772 31.835 31.847 31.887 31.894 31.893 31.863 31.877 31.884 31.939 32.031 32.114 32.282 32.525 32.57 32.498
28 27.983 28.021 27.973 28.008 28.113 28.261 28.143 28.111 28.052 28.08 28.135 28.016 27.871 27.834 27.796 27.799 27.819 27.775 27.733 27.704 27.672 27.646 27.646 27.69 27.779 27.915 28.15 28.346 28.57 28.723 28.786 28.818 28.911 29.041 29.184 29.315 29.464 29.627 29.77 29.923 30.052 30.17 30.287 30.463 30.615 30.772 30.919 31.071 31.31 31.491 31.597 31.582 31.507 31.515 31.528 31.562 31.619 31.636 31.672 31.717 31.714 31.717 31.724 31.728 31.759 31.844 31.943 32.03 31.884 32.064 32.156
27.997 27.956 27.941 27.884 27.921 28.004 28.181 28.166 28.174 28.02 27.989 28.016 27.899 27.847 27.825 27.784 27.812 27.838 27.732 27.7 27.665 27.642 27.62 27.633 27.66 27.762 27.885 28.057 28.346 28.784 28.758 28.64 28.717 28.832 28.945 29.066 29.213 29.349 29.529 29.651 29.783 29.895 30.002 30.129 30.273 30.427 30.567 30.711 30.859 31.075 31.221 31.313 31.318 31.362 31.429 31.382 31.411 31.442 31.46 31.499 31.555 31.588 31.571 31.593 31.622 31.636 31.61 31.674 31.941 31.885 32.255 32.205
27.98 27.932 27.887 27.829 27.858 27.901 27.961 28.026 28.067 27.921 27.99 27.939 27.853 27.837 27.764 27.76 27.776 27.81 27.709 27.675 27.652 27.631 27.643 27.621 27.628 27.756 27.936 28.277 28.225 28.497 28.723 28.673 28.746 28.832 28.883 29.055 29.117 29.344 29.454 29.673 29.764 29.785 29.859 29.981 30.141 30.297 30.404 30.537 30.689 30.826 30.966 31.089 31.145 31.23 31.276 31.234 31.222 31.278 31.316 31.359 31.4 31.476 31.477 31.528 31.498 31.6 31.664 31.745 31.876 31.893 32.155 32.424
27.965 27.913 27.857 27.825 27.821 27.845 27.863 27.903 27.992 27.977 28 27.9 27.828 27.83 27.793 27.762 27.749 27.752 27.679 27.672 27.692 27.669 27.63 27.619 27.639 27.725 27.899 28.167 28.327 28.51 28.921 29.462 28.786 28.78 28.91 28.999 29.05 29.269 29.349 29.567 29.664 29.704 29.762 29.859 29.986 30.146 30.276 30.406 30.519 30.654 30.803 30.962 31.033 31.082 31.121 31.107 31.093 31.134 31.191 31.244 31.377 31.359 31.418 31.408 31.503 31.553 31.617 31.68 31.825 31.834 31.877 31.92
27.971 27.865 27.821 27.872 27.888 27.859 27.842 27.863 27.911 27.959 28.09 27.945 27.829 27.839 27.822 27.802 27.775 27.777 27.754 27.68 27.692 27.678 27.645 27.684 27.693 27.716 27.835 28.021 28.17 28.493 28.757 29.036 28.927 28.826 28.893 28.927 29.108 29.249 29.344 29.724 29.672 29.601 29.68 29.778 29.908 30.019 30.161 30.334 30.454 30.539 30.665 30.842 30.918 30.982 31.004 31.003 30.995 31.064 31.134 31.155 31.563 31.282 31.373 31.369 31.43 31.501 31.585 31.655 31.69 31.741 31.768 31.827
27.918 27.845 27.828 27.926 27.972 27.907 27.855 27.845 27.876 27.907 28.015 27.982 27.911 27.895 27.894 27.868 27.835 27.846 27.732 27.686 27.706 27.711 27.716 27.722 27.847 27.792 27.825 27.942 28.113 28.416 28.661 28.728 28.88 28.878 28.975 29.247 29.123 29.298 29.605 29.958 29.746 29.532 29.6 29.691 29.823 29.924 30.077 30.275 30.355 30.434 30.572 30.689 30.791 30.876 30.914 30.956 30.955 31.005 31.083 31.117 31.157 31.21 31.33 31.334 31.474 31.556 31.563 31.633 31.633 31.689 31.705 31.732
27.958 27.93 27.901 27.982 27.973 27.944 27.869 27.878 27.892 27.897 27.965 28.045 27.946 27.998 27.938 27.912 27.905 27.863 27.764 27.734 27.773 27.814 27.803 27.806 27.834 27.855 27.916 27.953 28.048 28.243 28.428 28.61 28.979 29 29.099 29.015 29.175 29.418 29.533 29.714 29.595 29.579 29.578 29.617 29.729 29.843 29.978 30.114 30.212 30.266 30.429 30.522 30.641 30.718 30.804 30.889 30.904 30.946 31.028 31.102 31.16 31.213 31.234 31.41 31.448 31.526 31.608 31.601 31.617 31.641 31.666 31.704
27.794 27.938 27.999 28.086 28.021 28.004 27.982 27.962 27.946 27.975 27.935 28.046 28.102 28.101 28.03 28.006 28.008 27.935 27.844 27.787 27.824 27.927 28.046 28.003 27.934 27.943 27.998 28.05 28.072 28.203 28.36 28.51 28.772 29.006 29.085 29.525 29.262 29.422 29.329 29.345 29.381 29.502 29.487 29.556 29.689 29.767 29.852 29.986 30.096 30.162 30.276 30.354 30.479 30.555 30.636 30.738 30.819 30.905 31.001 31.08 31.157 31.224 31.313 31.336 31.409 31.624 31.635 31.609 31.612 31.646 31.665 31.704
27.765 27.844 27.888 28.028 28.11 28.148 28.181 28.068 28.017 28.018 27.977 28.037 28.157 28.195 28.162 28.108 28.053 27.942 27.879 27.842 27.911 27.993 28.162 28.324 28.087 28.054 28.089 28.114 28.144 28.196 28.362 28.544 28.769 29.035 29.49 29.389 29.108 29.169 29.24 29.364 29.308 29.347 29.422 29.511 29.596 29.682 29.777 29.877 29.984 30.094 30.202 30.308 30.398 30.49 30.578 30.693 30.798 30.883 30.988 31.065 31.14 31.222 31.303 31.367 31.445 31.524 31.603 31.615 31.667 31.681 31.679 31.694
27.838 27.834 27.906 27.958 28.073 28.226 28.227 28.109 28.068 28.073 28.056 28.026 28.11 28.244 28.274 28.155 28.068 27.954 27.895 27.911 28.037 28.115 28.27 28.511 28.51 28.151 28.179 28.172 28.218 28.254 28.332 28.524 28.738 28.928 29.072 29.092 29.035 29.107 29.214 29.181 29.246 29.322 29.396 29.472 29.555 29.63 29.744 29.823 29.944 30.081 30.261 30.321 30.407 30.501 30.562 30.668 30.772 30.85 30.944 31.049 31.139 31.238 31.327 31.426 31.5 31.555 31.617 31.706 31.774 31.724 31.724 31.718
27.956 28.018 28.062 28.038 28.073 28.143 28.187 28.162 28.164 28.148 28.1 28.132 28.136 28.268 28.344 28.213 28.147 28.058 27.972 28.014 28.128 28.248 28.377 28.298 28.449 28.245 28.441 28.267 28.302 28.356 28.368 28.461 28.595 28.836 28.976 29.055 29.228 29.225 29.14 29.218 29.394 29.337 29.364 29.429 29.508 29.602 29.704 29.841 30.042 30.224 30.257 30.286 30.361 30.425 30.543 30.653 30.768 30.875 30.939 31.091 31.193 31.274 31.375 31.464 31.567 31.642 31.708 31.786 31.814 31.793 31.787 31.767
28.022 28.124 28.134 28.149 28.185 28.18 28.241 28.287 28.272 28.267 28.204 28.223 28.208 28.274 28.33 28.256 28.192 28.13 28.064 28.09 28.237 28.345 28.421 28.362 28.396 28.433 28.46 28.393 28.4 28.46 28.487 28.572 28.659 28.713 28.884 29.036 29.116 29.13 29.14 29.355 29.363 29.403 29.368 29.412 29.492 29.603 29.722 29.917 30.076 30.143 30.165 30.299 30.331 30.423 30.537 30.662 30.765 30.825 30.976 31.077 31.179 31.326 31.413 31.508 31.616 31.715 31.836 31.869 31.942 31.946 31.871 31.841
28.145 28.148 28.23 28.276 28.302 28.293 28.319 28.354 28.352 28.373 28.323 28.356 28.309 28.338 28.48 28.716 28.309 28.211 28.173 28.191 28.338 28.574 28.589 28.568 28.535 28.571 28.534 28.479 28.522 28.63 28.69 28.64 28.728 28.734 28.835 29.007 29.031 29.148 29.306 29.373 29.371 29.722 29.437 29.486 29.515 29.637 29.881 29.991 30 30.018 30.079 30.206 30.291 30.403 30.514 30.608 30.709 30.816 30.948 31.041 31.174 31.281 31.397 31.531 31.643 31.769 31.913 32.024 32.09 32.015 31.919 31.874
28.247 28.286 28.314 28.398 28.399 28.42 28.423 28.471 28.475 29.2 28.463 28.443 28.436 28.473 28.477 28.578 28.372 28.319 28.328 28.301 28.435 28.574 28.898 29.351 28.841 28.881 28.694 28.601 28.707 28.864 28.778 28.799 28.813 28.83 28.891 28.979 28.988 29.09 29.302 29.377 29.487 29.659 29.514 29.571 29.552 29.767 29.883 29.871 29.912 29.977 30.072 30.184 30.291 30.406 30.534 30.636 30.739 30.846 30.959 31.125 31.29 31.367 31.49 31.556 31.674 31.815 31.974 32.136 32.143 32.042 31.931 31.868
28.367 28.425 28.435 28.558 28.579 28.57 28.575 28.591 28.601 28.55 28.609 28.615 28.623 28.601 28.6 28.612 28.52 28.482 28.537 28.437 28.47 28.61 28.818 28.915 29.064 29.078 28.757 28.74 28.921 28.953 29.058 29.101 29.023 28.894 28.905 28.957 29.021 29.083 29.149 29.191 29.339 29.522 29.518 29.516 29.543 29.613 29.694 29.786 29.87 29.968 30.08 30.189 30.335 30.483 30.588 30.671 30.774 30.862 31.023 31.175 31.473 31.438 31.531 31.604 31.694 31.809 31.953 32.04 32.03 31.978 31.927 31.857
