raw_data/humedad_relativa/hora9/rh9sep.txt
ncols         501
nrows         361
xllcorner     109.95
yllcorner     -45.05
cellsize      0.1
NODATA_value  -9999
[rows 128 to 159 of 361, columns 144 to 215 of 501]
27.472 27.389 27.54 27.539 27.528 27.45 27.42 27.458 27.368 27.419 27.354 27.34 27.18 26.952 26.834 26.883 26.918 26.89 26.808 26.646 26.694 26.845 26.902 26.876 26.707 26.763 26.851 26.874 26.643 26.506 26.496 26.51 26.324 26.438 26.554 26.677 26.519 26.462 26.413 26.538 26.311 26.363 26.46 26.531 26.561 26.679 26.676 26.816 26.839 26.963 27.054 27.019 26.966 27.077 27.18 27.301 27.404 27.515 27.637 27.745 27.892 28.009 27.988 28.084 28.151 28.212 28.278 28.273 28.329 28.401 28.41 28.476
27.266 27.553 27.562 27.521 27.53 27.534 27.306 27.468 27.249 27.336 27.319 27.268 27.269 27.153 27.011 26.861 26.749 26.724 26.721 26.632 26.795 26.874 26.88 26.818 26.596 26.78 26.804 26.888 26.729 26.607 26.589 26.642 26.421 26.564 26.736 26.72 26.491 26.532 26.573 26.507 26.416 26.508 26.589 26.639 26.693 26.685 26.693 26.814 26.862 27.008 27.013 26.996 27.06 27.241 27.38 27.522 27.589 27.715 27.809 27.901 28.077 28.159 28.172 28.211 28.322 28.352 28.453 28.44 28.482 28.565 28.617 28.658
27.22 27.331 27.396 27.493 27.446 27.426 27.2 27.467 27.21 27.264 27.145 27.178 27.276 27.201 27.156 27.066 26.992 26.803 26.698 26.692 26.903 26.817 26.784 26.697 26.633 26.798 26.92 26.93 26.694 26.711 26.715 26.668 26.528 26.697 26.897 26.726 26.636 26.595 26.637 26.601 26.607 26.66 26.73 26.758 26.834 26.817 26.781 26.84 26.896 27.04 27.01 27.084 27.245 27.426 27.567 27.693 27.876 28.098 28.1 28.347 28.297 28.367 28.373 28.609 28.509 28.615 28.57 28.643 28.681 28.794 28.792 28.883
27.429 27.413 27.425 27.411 27.269 27.359 27.284 27.259 27.13 27.138 27.16 27.122 27.187 27.115 27.154 27.138 27.048 26.931 26.883 26.801 26.719 26.738 26.684 26.71 26.775 26.839 26.867 26.964 26.887 26.833 26.893 26.748 26.679 26.938 26.996 26.833 26.753 26.764 26.78 26.774 26.777 26.814 26.904 26.949 26.895 26.875 26.89 26.926 26.972 27.047 27.163 27.232 27.317 27.457 27.693 27.781 27.959 28.054 28.126 28.242 28.368 28.438 28.634 28.744 28.745 28.749 28.772 28.834 28.862 28.971 29.573 29.128
27.207 27.351 27.238 27.311 27.17 27.27 27.265 27.13 27.187 27.271 27.161 27.166 27.049 27.085 27.127 27.143 27.114 27.086 27.164 27.165 26.989 26.986 27.032 26.963 27.026 26.99 26.97 27.078 27.104 27.078 27.033 26.861 26.795 26.93 26.98 26.949 26.899 26.896 26.873 26.852 26.905 26.965 26.992 26.985 26.958 26.977 26.991 27.029 27.11 27.232 27.384 27.492 27.469 27.574 27.719 27.864 27.969 28.059 28.166 28.29 28.415 28.558 28.745 28.902 29.009 28.983 29.036 29.009 29.048 29.199 29.411 29.326
27.222 27.264 27.225 27.167 27.137 27.156 27.369 27.348 27.319 27.381 27.361 27.301 27.234 27.167 27.295 27.243 27.241 27.258 27.296 27.308 27.204 27.18 27.214 27.133 27.292 27.219 27.181 27.122 27.253 27.252 27.19 27.062 26.914 26.896 26.929 27.014 27.072 27.098 27.057 26.97 26.988 27.022 27.029 27.048 27.053 27.081 27.149 27.193 27.236 27.33 27.463 27.583 27.616 27.694 27.793 27.9 28.01 28.173 28.342 28.444 28.674 28.695 28.868 29.053 29.283 29.104 29.187 29.176 29.248 29.5 29.531 29.399
27.172 27.114 27.137 27.248 27.405 27.369 27.365 27.337 27.326 27.221 27.263 27.402 27.388 27.388 27.362 27.41 27.377 27.405 27.322 27.381 27.24 27.193 27.263 27.234 27.308 27.34 27.407 27.261 27.401 27.34 27.335 27.211 27.092 27.023 27.023 27.061 27.161 27.192 27.165 27.109 27.098 27.087 27.106 27.145 27.189 27.208 27.256 27.298 27.33 27.393 27.528 27.635 27.698 27.794 27.876 28 28.137 28.313 28.486 28.684 28.935 28.846 28.961 29.181 29.108 29.127 29.212 29.275 29.374 29.424 29.543 29.402
27.128 27.194 27.368 27.381 27.376 27.283 27.164 27.217 27.253 27.301 27.264 27.331 27.315 27.326 27.371 27.333 27.335 27.446 27.417 27.478 27.262 27.351 27.418 27.42 27.431 27.509 27.428 27.299 27.399 27.411 27.409 27.344 27.289 27.266 27.23 27.198 27.225 27.225 27.22 27.199 27.213 27.204 27.232 27.272 27.319 27.347 27.381 27.432 27.48 27.531 27.623 27.711 27.807 27.885 27.983 28.125 28.302 28.44 28.624 28.757 28.945 28.901 28.973 29.043 29.099 29.127 29.241 29.291 29.332 29.437 29.427 29.461
27.222 27.186 27.186 27.19 27.271 27.387 27.435 27.455 27.404 27.366 27.43 27.37 27.481 27.455 27.516 27.493 27.462 27.421 27.502 27.489 27.369 27.404 27.451 27.43 27.459 27.522 27.394 27.395 27.414 27.434 27.53 27.59 27.532 27.481 27.439 27.392 27.384 27.376 27.367 27.348 27.337 27.358 27.392 27.418 27.453 27.485 27.538 27.582 27.643 27.716 27.79 27.872 27.944 28.028 28.138 28.271 28.454 28.6 28.666 28.752 28.864 28.906 28.948 29.056 29.165 29.221 29.254 29.33 29.365 29.444 29.467 29.506
27.431 27.475 27.325 27.269 27.337 27.537 27.471 27.467 27.5 27.502 27.471 27.544 27.508 27.536 27.425 27.481 27.49 27.46 27.599 27.486 27.37 27.636 27.6 27.498 27.53 27.467 27.476 27.519 27.546 27.694 27.739 27.828 27.787 27.697 27.614 27.584 27.574 27.584 27.583 27.562 27.55 27.555 27.583 27.598 27.63 27.669 27.709 27.771 27.828 27.894 27.97 28.036 28.111 28.22 28.301 28.439 28.517 28.598 28.712 28.766 28.859 29.125 29.042 29.137 29.23 29.288 29.303 29.371 29.464 29.552 29.589 29.612
27.553 27.645 27.44 27.466 27.389 27.327 27.377 27.546 27.521 27.611 27.484 27.507 27.436 27.494 27.615 27.524 27.649 27.691 27.585 27.508 27.448 27.583 27.498 27.375 27.431 27.533 27.601 27.734 27.772 27.777 27.773 28.2 27.949 27.887 27.826 27.826 27.814 27.85 27.843 27.791 27.77 27.762 27.781 27.81 27.844 27.881 27.922 27.955 28.013 28.071 28.149 28.22 28.302 28.376 28.454 28.53 28.648 28.701 28.799 28.849 28.967 30.653 29.253 29.249 29.331 29.465 29.424 29.49 29.496 29.621 29.618 29.699
27.585 27.633 27.668 27.62 27.585 27.619 27.468 27.534 27.495 27.488 27.615 27.542 27.636 27.67 27.666 27.721 27.764 27.817 27.768 27.786 27.58 27.73 27.428 27.517 27.691 27.833 27.884 27.88 27.779 27.803 27.929 27.983 27.974 27.971 27.989 28.037 28.033 28.142 28.051 28.02 27.988 27.974 27.979 28.021 28.06 28.096 28.164 28.165 28.2 28.251 28.332 28.413 28.501 28.568 28.71 28.746 28.846 28.891 28.965 29.076 29.126 29.225 29.297 29.407 29.485 29.614 29.575 29.649 29.673 29.714 29.755 29.795
27.619 27.708 27.794 27.787 27.771 27.629 27.561 27.632 27.685 27.674 27.594 27.747 27.741 27.733 27.753 27.799 27.88 27.967 27.882 27.859 27.655 27.732 27.54 27.701 27.884 28.003 27.824 27.79 27.801 27.97 28.038 27.958 27.946 27.961 27.992 28.064 28.127 28.174 28.247 28.283 28.247 28.198 28.198 28.266 28.313 28.347 28.39 28.415 28.404 28.513 28.574 28.658 28.768 28.822 28.935 29.018 29.089 29.17 29.219 29.273 29.353 29.443 29.497 29.612 29.701 29.753 29.788 29.841 29.892 29.911 29.969 30.04
27.748 27.79 27.917 27.917 27.906 27.827 27.673 27.761 27.756 27.786 27.776 27.752 27.829 27.902 27.97 27.998 27.972 28.013 28.04 27.859 27.757 27.728 27.664 27.78 27.913 27.945 27.8 27.864 28 28.114 27.986 28.089 28.117 28.181 28.213 28.278 28.358 28.428 28.526 28.53 28.463 28.45 28.418 28.551 28.591 28.759 28.658 28.668 28.62 28.732 28.815 28.9 28.99 29.083 29.179 29.257 29.327 29.408 29.471 29.497 29.62 29.659 29.745 29.836 29.921 29.991 30.055 30.112 30.167 30.184 30.251 30.289
27.838 27.852 27.932 28.007 28.04 27.877 27.966 27.889 27.957 27.92 27.89 27.926 28.042 28.035 28.094 28.09 28.107 28.134 28.021 28.063 27.975 28.049 27.789 27.866 27.935 27.905 27.946 28.18 28.216 28.104 28.286 28.457 28.478 28.535 28.514 28.569 28.642 28.713 28.822 28.812 28.73 28.696 28.672 28.761 28.831 29.101 28.873 28.925 28.881 28.897 29.035 29.146 29.246 29.347 29.425 29.498 29.58 29.676 29.736 29.734 30.405 29.929 30.007 30.085 30.182 30.273 30.371 30.425 30.439 30.291 30.518 30.586
27.974 28.02 28.098 28.116 28.068 28.097 28.024 28.074 28.067 28.028 28.091 28.112 28.205 28.173 28.091 28.129 28.227 28.224 28.141 28.193 28.123 28.037 27.927 27.941 27.966 28.013 28.103 28.263 28.259 28.272 28.374 28.48 28.657 28.751 28.686 28.835 28.96 29.006 28.999 28.964 28.906 28.837 28.799 28.834 28.909 28.974 29.007 29.084 29.084 29.537 29.394 29.408 29.497 29.593 29.678 29.756 29.846 29.933 30.03 30.136 30.528 30.185 30.29 30.334 30.456 30.571 30.697 30.722 30.751 32.06 32.685 30.951
28.091 28.116 28.155 28.186 28.238 28.209 28.164 28.179 28.279 28.298 28.279 28.276 28.283 28.323 28.176 28.28 28.378 28.304 28.282 28.209 28.163 28.085 28.097 28.226 28.341 28.358 28.364 28.402 28.367 28.419 28.559 28.835 28.809 28.691 28.796 28.935 29.033 29.098 29.125 29.087 29.029 28.955 28.951 28.971 29.008 29.062 29.099 29.166 29.266 29.592 29.331 29.59 29.763 29.879 29.98 30.058 30.139 30.239 30.331 30.915 30.556 30.573 30.605 30.627 30.721 30.86 31 31.054 31.053 31.174 31.44 31.25
28.237 28.289 28.286 28.318 28.33 28.316 28.323 28.264 28.311 28.43 28.325 28.444 28.517 28.424 28.279 28.38 28.425 28.481 28.513 28.483 28.477 28.243 28.347 28.519 28.739 28.813 28.684 28.662 28.563 28.577 28.74 28.804 28.773 28.91 28.932 29.041 29.169 29.312 29.303 29.211 29.173 29.132 29.197 29.191 29.214 29.222 29.262 29.329 29.395 29.489 29.775 29.911 30.061 30.167 30.299 30.378 30.374 30.481 30.579 30.663 30.696 30.792 30.807 30.876 30.954 31.084 31.261 31.466 31.401 31.364 31.459 31.555
28.358 28.416 28.418 28.423 28.48 28.46 28.388 28.484 28.602 28.578 28.502 28.605 28.578 28.541 28.526 28.45 28.598 28.674 28.687 28.628 28.477 28.425 28.58 28.886 28.961 29.121 29.03 28.947 28.893 28.737 28.781 28.878 29.103 29.102 29.124 29.243 29.431 29.622 29.606 29.407 29.355 29.393 29.466 29.474 29.502 29.655 29.675 29.567 29.708 29.846 30.025 30.259 30.341 30.309 30.384 30.68 30.45 30.553 30.663 30.753 30.809 30.9 30.992 31.07 31.161 31.263 31.334 31.473 31.495 31.587 31.703 32.049
28.554 28.566 28.55 28.583 28.596 28.562 28.533 28.649 28.605 28.686 28.702 28.778 28.768 28.758 28.732 28.825 28.666 28.731 28.803 28.684 28.586 28.655 28.839 29.112 29.252 29.289 29.361 29.339 29.258 29.106 28.97 29.016 29.194 29.217 29.4 29.555 29.652 29.777 29.746 29.589 29.62 29.699 29.764 29.763 29.741 29.863 29.762 29.821 29.971 30.067 30.28 30.448 30.453 30.424 30.521 30.599 30.76 30.739 30.857 30.918 30.972 31.135 31.951 31.531 31.459 31.467 31.478 31.624 31.791 31.823 31.916 31.996
28.771 28.711 28.744 28.773 28.77 28.769 28.686 28.789 28.752 28.84 28.864 28.965 28.999 29.035 28.913 29.021 28.883 28.811 28.83 28.789 28.762 28.893 29.044 29.227 29.344 29.405 29.583 29.552 29.5 29.442 29.318 29.222 29.28 29.398 29.581 29.777 29.892 29.829 29.734 29.743 29.857 29.967 30.022 30.005 29.975 30.096 30.119 30.197 30.251 30.402 30.582 30.578 30.507 30.629 30.735 30.819 30.925 30.983 31.15 31.087 31.126 31.242 31.403 31.735 32.028 31.857 31.845 31.809 31.96 32.184 32.257 32.385
28.868 28.913 28.977 28.953 28.92 28.883 28.86 28.97 28.925 28.977 29.084 29.155 29.13 29.143 29.119 29.218 29.207 29.125 29.097 29.005 28.952 29.128 29.34 29.488 29.517 29.478 29.584 29.619 29.798 29.784 29.702 29.621 29.477 29.587 29.762 30.021 30.048 29.918 29.923 30.016 30.188 30.351 30.399 30.36 30.301 30.342 30.397 30.5 30.645 30.798 30.834 30.813 30.75 30.717 30.897 31.069 31.264 31.433 31.528 31.38 31.498 31.479 31.54 31.715 31.857 32.042 32.29 32.282 32.225 32.354 32.632 32.756
29.074 29.205 29.175 29.066 29.007 29.108 29.105 29.103 29.126 29.183 29.188 29.242 29.33 29.355 29.296 29.368 29.366 29.429 29.269 29.205 29.177 29.399 29.614 29.855 29.877 29.899 29.649 29.709 29.911 30.061 30.011 29.876 29.718 29.79 30.084 30.245 30.073 30.102 30.196 30.29 30.473 30.562 31.056 30.6 30.456 30.469 30.58 30.718 30.884 30.926 30.868 30.82 30.921 30.903 31.077 31.245 31.54 31.499 31.674 31.77 31.87 31.857 31.993 32.032 32.111 32.302 32.516 32.793 32.684 32.66 32.694 32.975
29.276 29.263 29.238 29.217 29.18 29.207 29.252 29.284 29.318 29.377 29.476 29.44 29.517 29.563 29.546 29.503 29.469 29.48 29.419 29.356 29.437 29.726 29.931 30.143 30.054 30.018 29.94 29.832 29.942 30.193 30.22 30.041 29.957 30.024 30.236 30.357 30.313 30.39 30.475 30.585 30.696 30.675 30.681 30.637 30.597 30.658 30.878 30.987 30.919 30.929 30.928 30.995 31.055 31.119 31.213 31.247 31.342 31.576 31.642 31.772 31.963 32.032 32.158 32.065 32.293 32.554 32.76 32.856 32.909 32.864 32.796 33.178
29.361 29.38 29.378 29.426 29.382 29.431 29.476 29.539 29.623 29.581 29.616 29.698 29.745 29.764 29.785 29.786 29.757 29.7 29.578 29.542 29.756 30.045 30.186 30.309 30.236 30.11 30.091 30.078 30.245 30.429 30.409 30.324 30.318 30.384 30.443 30.589 30.733 30.823 30.899 30.995 30.912 30.833 30.794 30.784 30.805 30.874 31.079 31.114 31.016 31.06 31.108 31.183 31.25 31.267 31.3 31.347 31.484 31.69 31.777 31.906 32.019 32.068 32.181 32.329 32.587 32.691 32.72 32.765 32.86 32.885 32.816 33.241
29.522 29.548 29.602 29.6 29.629 29.698 29.68 29.799 29.811 29.756 29.826 29.961 30.01 29.962 29.914 29.927 29.925 29.913 29.795 29.775 29.919 30.176 30.308 30.452 30.39 30.283 30.204 30.359 30.574 30.656 30.692 30.765 30.717 30.71 30.766 30.881 30.959 31.008 31.198 31.409 31.185 31.039 31.004 31.018 31.065 31.118 31.157 31.201 31.283 31.334 31.372 31.424 31.485 31.529 31.565 31.583 31.616 31.708 31.828 31.998 32.099 32.19 32.411 32.485 32.646 32.747 32.768 32.796 32.845 32.872 32.956 33.042
29.764 29.767 29.8 29.857 29.898 29.945 29.912 29.941 29.996 30.023 30.111 30.255 30.234 30.168 30.054 30.135 30.132 30.027 29.943 30.075 30.177 30.272 30.483 30.618 30.64 30.516 30.397 30.513 30.68 30.837 30.986 31.024 30.911 30.939 31.042 31.066 31.071 31.065 31.25 31.54 31.5 31.274 31.272 31.269 31.359 31.42 31.5 31.534 31.601 31.633 31.671 31.722 31.761 31.817 31.858 31.884 31.877 31.909 31.975 32.082 32.194 32.323 32.455 32.604 32.953 32.712 32.894 32.913 32.86 32.935 33.058 33.079
30.072 30.009 30.106 30.13 30.135 30.156 30.109 30.163 30.238 30.337 30.433 30.432 30.343 30.309 30.34 30.449 30.343 30.265 30.277 30.44 30.497 30.566 30.664 30.805 30.855 30.766 30.685 30.763 30.786 30.933 31.113 31.135 30.995 31.239 31.319 31.222 31.267 31.332 31.496 31.666 31.599 31.498 31.527 31.544 31.691 31.745 31.816 31.873 31.938 31.985 32.009 32.103 32.043 32.133 32.154 32.2 32.199 32.222 32.239 32.28 32.361 32.446 32.541 32.622 32.753 32.812 32.882 32.942 32.965 33.072 33.13 33.213
30.232 30.244 30.364 30.371 30.324 30.305 30.36 30.421 30.504 30.61 30.628 30.536 30.477 30.486 30.677 30.682 30.599 30.598 30.591 30.762 30.836 30.835 30.988 31.053 31.12 31.151 31.116 31.038 30.954 31.039 31.223 31.218 31.166 31.305 31.463 31.415 31.548 31.655 31.745 31.802 31.755 31.809 32.394 32.719 32.011 32.091 32.169 32.265 32.338 32.421 32.391 33.982 32.777 32.575 32.443 32.538 32.517 32.531 32.559 32.582 32.611 32.638 32.7 32.75 32.81 32.904 32.918 33.034 33.155 33.231 33.302 33.389
30.397 30.492 30.517 30.551 30.554 30.578 30.658 30.673 30.753 30.834 30.819 30.712 30.676 30.777 30.954 30.969 30.927 30.868 30.788 30.931 31.082 31.05 31.097 31.212 31.372 31.419 31.34 31.275 31.195 31.244 31.428 31.384 31.359 31.455 31.521 31.585 31.793 32.002 32.006 32.102 32.145 32.192 32.238 32.453 32.385 32.456 32.53 32.66 32.717 32.729 32.764 33.078 32.784 32.766 32.808 32.91 32.863 32.874 32.898 32.907 32.922 32.944 32.968 33.012 33.02 33.086 33.138 33.237 33.318 33.482 33.493 33.563
30.663 30.683 30.712 30.752 30.796 30.847 30.899 30.951 30.997 31.031 31.059 30.989 30.923 30.952 31.152 31.236 31.148 31.048 30.988 31.23 31.388 31.357 31.364 31.52 31.606 31.573 31.544 31.585 31.49 31.519 31.582 31.559 31.639 31.789 31.926 32.137 32.343 32.3 32.314 32.432 32.51 32.627 32.817 32.94 32.766 32.893 34.181 32.965 33.024 33.138 33.159 33.16 33.164 33.187 33.285 33.275 33.225 33.225 33.235 33.24 33.246 33.272 33.292 33.309 33.31 33.332 33.375 33.46 33.513 33.645 33.669 33.738
30.97 30.974 30.977 31.066 31.089 31.09 31.177 31.247 31.246 31.194 31.263 31.295 31.242 31.225 31.318 31.428 31.332 31.24 31.241 31.53 31.698 31.678 31.653 31.86 31.836 31.763 31.723 31.684 31.638 31.741 31.814 31.834 31.918 32.051 32.234 32.448 32.59 32.613 32.609 32.702 32.902 32.945 33.135 33.295 33.215 33.587 34.289 33.416 33.432 33.519 33.629 33.58 33.561 33.613 33.673 33.654 33.6 33.591 33.596 33.589 33.587 33.606 33.614 33.63 33.643 33.647 33.666 33.691 33.758 33.81 33.87 33.93
