raw_data/humedad_relativa/hora9/rh9sep.txt
ncols         501
nrows         361
xllcorner     109.95
yllcorner     -45.05
cellsize      0.1
NODATA_value  -9999
[rows 64 to 95 of 361, columns 360 to 431 of 501]
72.972 73.408 73.82 74.209 74.574 74.917 75.236 75.535 75.813 76.071 76.312 76.536 76.744 76.938 77.118 77.287 77.444 77.591 77.729 77.858 77.979 78.093 78.201 78.302 78.397 78.488 78.574 78.655 78.732 78.806 78.876 78.943 79.007 79.069 79.128 79.184 79.239 79.291 79.341 79.39 79.437 79.483 79.527 79.57 79.612 79.652 79.692 79.73 79.768 79.804 79.84 79.875 79.909 79.943 79.975 80.008 80.039 80.07 80.1 80.13 80.16 80.188 80.217 80.245 80.272 80.299 80.326 80.352 80.378 80.403 80.428 80.453
72.985 73.43 73.849 74.243 74.612 74.955 75.275 75.571 75.846 76.101 76.337 76.556 76.759 76.947 77.122 77.285 77.437 77.579 77.711 77.835 77.952 78.061 78.164 78.261 78.353 78.439 78.522 78.6 78.674 78.745 78.812 78.877 78.938 78.998 79.054 79.109 79.161 79.212 79.261 79.308 79.354 79.399 79.442 79.484 79.524 79.564 79.603 79.641 79.677 79.713 79.749 79.783 79.817 79.85 79.883 79.915 79.946 79.977 80.007 80.037 80.066 80.095 80.123 80.151 80.179 80.206 80.233 80.259 80.285 80.311 80.336 80.361
73.009 73.463 73.889 74.288 74.658 75.002 75.32 75.614 75.885 76.135 76.365 76.578 76.775 76.957 77.126 77.282 77.428 77.564 77.691 77.81 77.921 78.025 78.124 78.217 78.304 78.387 78.466 78.541 78.612 78.68 78.744 78.806 78.866 78.922 78.977 79.03 79.081 79.13 79.177 79.223 79.268 79.311 79.353 79.394 79.434 79.473 79.511 79.548 79.584 79.62 79.655 79.689 79.722 79.755 79.787 79.819 79.85 79.881 79.911 79.941 79.97 79.999 80.028 80.056 80.084 80.111 80.138 80.164 80.191 80.217 80.242 80.267
73.043 73.507 73.94 74.342 74.714 75.057 75.372 75.662 75.927 76.171 76.395 76.601 76.79 76.965 77.127 77.277 77.417 77.546 77.667 77.78 77.886 77.986 78.08 78.168 78.252 78.331 78.406 78.477 78.545 78.61 78.672 78.732 78.789 78.843 78.896 78.947 78.996 79.044 79.09 79.134 79.178 79.22 79.261 79.301 79.34 79.378 79.416 79.452 79.488 79.523 79.557 79.591 79.625 79.657 79.689 79.721 79.752 79.783 79.813 79.843 79.873 79.902 79.93 79.958 79.986 80.014 80.041 80.068 80.094 80.12 80.146 80.172
73.089 73.562 74.001 74.406 74.778 75.119 75.43 75.714 75.973 76.209 76.425 76.623 76.804 76.972 77.126 77.269 77.401 77.524 77.639 77.747 77.847 77.942 78.031 78.115 78.194 78.269 78.341 78.409 78.474 78.536 78.595 78.652 78.707 78.76 78.811 78.86 78.907 78.953 78.998 79.041 79.084 79.125 79.165 79.204 79.243 79.28 79.317 79.353 79.388 79.423 79.457 79.491 79.524 79.557 79.589 79.62 79.652 79.682 79.713 79.743 79.772 79.801 79.83 79.859 79.887 79.915 79.942 79.969 79.996 80.022 80.049 80.074
73.146 73.628 74.073 74.48 74.851 75.188 75.493 75.769 76.02 76.247 76.454 76.643 76.816 76.974 77.121 77.256 77.381 77.497 77.606 77.707 77.803 77.892 77.976 78.056 78.131 78.203 78.271 78.336 78.397 78.457 78.514 78.568 78.621 78.672 78.721 78.768 78.814 78.859 78.902 78.944 78.986 79.026 79.065 79.104 79.141 79.178 79.215 79.251 79.286 79.32 79.354 79.388 79.421 79.453 79.485 79.517 79.548 79.579 79.61 79.64 79.669 79.699 79.728 79.757 79.785 79.813 79.841 79.869 79.896 79.923 79.949 79.975
73.215 73.707 74.157 74.565 74.932 75.263 75.56 75.827 76.067 76.284 76.481 76.659 76.823 76.972 77.11 77.237 77.355 77.464 77.566 77.662 77.752 77.836 77.915 77.991 78.062 78.13 78.195 78.256 78.315 78.372 78.426 78.479 78.529 78.578 78.625 78.671 78.716 78.759 78.802 78.843 78.883 78.923 78.961 78.999 79.037 79.073 79.109 79.145 79.179 79.214 79.248 79.281 79.314 79.347 79.379 79.411 79.442 79.473 79.504 79.534 79.564 79.594 79.623 79.653 79.681 79.71 79.738 79.766 79.793 79.821 79.848 79.874
73.296 73.798 74.252 74.658 75.021 75.343 75.629 75.884 76.113 76.318 76.503 76.67 76.823 76.963 77.092 77.211 77.321 77.424 77.519 77.609 77.693 77.773 77.848 77.919 77.986 78.051 78.112 78.171 78.227 78.281 78.333 78.384 78.432 78.479 78.525 78.57 78.613 78.655 78.697 78.737 78.777 78.815 78.853 78.891 78.928 78.964 79 79.035 79.07 79.104 79.138 79.171 79.204 79.237 79.269 79.301 79.333 79.364 79.396 79.426 79.457 79.487 79.517 79.546 79.575 79.604 79.633 79.661 79.689 79.717 79.744 79.772
73.39 73.901 74.358 74.761 75.114 75.425 75.698 75.939 76.154 76.345 76.517 76.674 76.816 76.946 77.065 77.176 77.279 77.374 77.464 77.548 77.627 77.701 77.772 77.839 77.903 77.964 78.022 78.078 78.132 78.184 78.234 78.282 78.329 78.375 78.419 78.463 78.505 78.546 78.587 78.626 78.665 78.704 78.741 78.778 78.815 78.851 78.886 78.922 78.956 78.991 79.025 79.058 79.091 79.124 79.157 79.189 79.221 79.253 79.284 79.316 79.346 79.377 79.407 79.437 79.467 79.496 79.525 79.554 79.583 79.611 79.639 79.667
73.497 74.018 74.474 74.87 75.211 75.507 75.763 75.988 76.186 76.363 76.522 76.666 76.797 76.917 77.028 77.13 77.226 77.315 77.398 77.477 77.551 77.621 77.688 77.751 77.812 77.87 77.925 77.979 78.03 78.08 78.128 78.175 78.22 78.265 78.308 78.35 78.391 78.432 78.472 78.511 78.549 78.587 78.624 78.661 78.698 78.734 78.769 78.804 78.839 78.874 78.908 78.942 78.975 79.008 79.041 79.074 79.107 79.139 79.171 79.202 79.234 79.265 79.295 79.326 79.356 79.386 79.416 79.445 79.475 79.503 79.532 79.56
73.616 74.147 74.6 74.984 75.308 75.583 75.82 76.026 76.207 76.368 76.513 76.645 76.765 76.876 76.978 77.073 77.161 77.244 77.322 77.396 77.465 77.531 77.594 77.654 77.712 77.767 77.82 77.871 77.921 77.969 78.015 78.061 78.105 78.148 78.19 78.232 78.272 78.312 78.351 78.39 78.428 78.466 78.503 78.54 78.576 78.612 78.648 78.683 78.718 78.753 78.787 78.822 78.856 78.889 78.923 78.956 78.989 79.022 79.054 79.086 79.118 79.15 79.181 79.212 79.243 79.274 79.304 79.334 79.364 79.394 79.423 79.452
73.75 74.288 74.733 75.097 75.397 75.648 75.861 76.047 76.21 76.356 76.488 76.608 76.717 76.819 76.913 77.001 77.083 77.161 77.234 77.303 77.368 77.431 77.491 77.548 77.603 77.656 77.707 77.756 77.804 77.85 77.895 77.94 77.983 78.025 78.066 78.107 78.147 78.187 78.225 78.264 78.302 78.339 78.377 78.413 78.45 78.486 78.522 78.558 78.593 78.628 78.663 78.698 78.733 78.767 78.801 78.835 78.868 78.901 78.934 78.967 79 79.032 79.064 79.096 79.128 79.159 79.19 79.221 79.252 79.282 79.312 79.342
73.895 74.44 74.866 75.201 75.469 75.691 75.88 76.045 76.191 76.322 76.441 76.55 76.651 76.745 76.832 76.914 76.991 77.063 77.132 77.198 77.26 77.319 77.376 77.431 77.484 77.535 77.584 77.632 77.678 77.724 77.768 77.811 77.853 77.895 77.936 77.976 78.016 78.055 78.094 78.132 78.17 78.208 78.245 78.283 78.319 78.356 78.392 78.428 78.464 78.5 78.536 78.571 78.606 78.641 78.675 78.71 78.744 78.778 78.812 78.846 78.879 78.912 78.945 78.978 79.01 79.042 79.074 79.106 79.137 79.168 79.199 79.229
74.05 74.592 74.985 75.278 75.51 75.702 75.867 76.013 76.143 76.261 76.37 76.47 76.564 76.651 76.732 76.809 76.882 76.951 77.017 77.079 77.139 77.196 77.251 77.304 77.355 77.404 77.452 77.499 77.544 77.589 77.632 77.675 77.717 77.758 77.799 77.839 77.879 77.918 77.957 77.995 78.034 78.072 78.109 78.147 78.184 78.221 78.258 78.295 78.331 78.368 78.404 78.44 78.476 78.511 78.547 78.582 78.617 78.652 78.687 78.721 78.755 78.789 78.823 78.857 78.89 78.923 78.956 78.988 79.02 79.052 79.084 79.115
74.195 74.719 75.059 75.304 75.499 75.665 75.811 75.942 76.061 76.17 76.271 76.365 76.453 76.536 76.613 76.687 76.757 76.823 76.886 76.947 77.005 77.06 77.114 77.165 77.215 77.264 77.311 77.357 77.402 77.446 77.489 77.531 77.573 77.614 77.655 77.695 77.735 77.774 77.813 77.852 77.891 77.93 77.968 78.006 78.044 78.082 78.119 78.157 78.194 78.231 78.268 78.305 78.342 78.379 78.415 78.451 78.487 78.523 78.559 78.594 78.629 78.664 78.699 78.733 78.767 78.801 78.835 78.868 78.901 78.934 78.967 78.999
74.247 74.741 75.031 75.243 75.417 75.569 75.704 75.827 75.94 76.044 76.141 76.232 76.317 76.398 76.474 76.545 76.614 76.679 76.741 76.8 76.857 76.912 76.964 77.015 77.065 77.113 77.159 77.205 77.25 77.294 77.337 77.379 77.421 77.463 77.504 77.544 77.584 77.624 77.664 77.704 77.743 77.782 77.821 77.86 77.899 77.938 77.976 78.015 78.053 78.091 78.129 78.167 78.205 78.242 78.28 78.317 78.354 78.391 78.427 78.464 78.5 78.536 78.572 78.607 78.642 78.677 78.712 78.746 78.78 78.814 78.848 78.881
74.042 74.545 74.85 75.07 75.249 75.403 75.54 75.664 75.777 75.882 75.98 76.071 76.156 76.236 76.312 76.384 76.452 76.517 76.579 76.638 76.695 76.75 76.802 76.853 76.903 76.951 76.998 77.044 77.089 77.133 77.176 77.219 77.262 77.304 77.345 77.386 77.427 77.468 77.509 77.549 77.589 77.629 77.669 77.709 77.749 77.789 77.828 77.868 77.907 77.946 77.986 78.025 78.064 78.102 78.141 78.179 78.217 78.255 78.293 78.331 78.368 78.405 78.442 78.479 78.515 78.551 78.587 78.622 78.657 78.692 78.727 78.761
73.639 74.169 74.53 74.791 74.997 75.17 75.319 75.452 75.573 75.683 75.785 75.88 75.968 76.051 76.129 76.202 76.272 76.338 76.401 76.461 76.519 76.574 76.628 76.679 76.729 76.778 76.826 76.872 76.918 76.963 77.007 77.051 77.094 77.137 77.179 77.222 77.263 77.305 77.347 77.388 77.43 77.471 77.512 77.553 77.594 77.635 77.676 77.717 77.757 77.798 77.838 77.879 77.919 77.959 77.999 78.038 78.078 78.117 78.156 78.195 78.234 78.272 78.31 78.348 78.385 78.422 78.459 78.496 78.532 78.568 78.604 78.639
73.177 73.719 74.125 74.433 74.676 74.875 75.046 75.195 75.328 75.449 75.559 75.66 75.754 75.842 75.924 76.001 76.073 76.142 76.207 76.269 76.328 76.385 76.44 76.493 76.545 76.595 76.643 76.691 76.738 76.784 76.829 76.874 76.918 76.962 77.006 77.05 77.093 77.136 77.179 77.221 77.264 77.307 77.349 77.392 77.434 77.477 77.519 77.561 77.603 77.645 77.687 77.729 77.77 77.812 77.853 77.894 77.935 77.976 78.016 78.056 78.096 78.136 78.175 78.214 78.253 78.291 78.33 78.367 78.405 78.442 78.479 78.515
72.962 73.243 73.678 74.023 74.301 74.532 74.727 74.897 75.046 75.181 75.302 75.413 75.515 75.609 75.697 75.779 75.856 75.928 75.997 76.062 76.124 76.183 76.24 76.295 76.348 76.4 76.45 76.499 76.548 76.595 76.642 76.689 76.735 76.78 76.825 76.87 76.915 76.96 77.004 77.048 77.093 77.137 77.181 77.225 77.269 77.313 77.357 77.401 77.444 77.488 77.532 77.575 77.618 77.661 77.704 77.746 77.789 77.831 77.873 77.915 77.956 77.997 78.038 78.078 78.118 78.158 78.198 78.237 78.275 78.314 78.352 78.389
73.199 72.754 73.208 73.581 73.89 74.15 74.371 74.563 74.732 74.882 75.018 75.14 75.252 75.355 75.45 75.539 75.621 75.698 75.771 75.84 75.905 75.967 76.027 76.084 76.14 76.194 76.246 76.298 76.348 76.398 76.447 76.495 76.543 76.59 76.637 76.684 76.73 76.777 76.823 76.869 76.915 76.961 77.007 77.053 77.099 77.145 77.19 77.236 77.282 77.327 77.372 77.417 77.462 77.507 77.551 77.596 77.64 77.683 77.727 77.77 77.813 77.856 77.898 77.94 77.981 78.023 78.063 78.104 78.144 78.184 78.223 78.262
71.747 72.257 72.723 73.118 73.453 73.74 73.986 74.201 74.39 74.558 74.708 74.844 74.968 75.08 75.184 75.28 75.369 75.452 75.529 75.603 75.672 75.738 75.801 75.862 75.92 75.977 76.032 76.086 76.139 76.191 76.242 76.292 76.342 76.392 76.441 76.49 76.539 76.587 76.636 76.684 76.732 76.78 76.828 76.876 76.924 76.972 77.019 77.067 77.114 77.161 77.209 77.256 77.302 77.349 77.395 77.441 77.487 77.533 77.578 77.623 77.667 77.712 77.755 77.799 77.842 77.885 77.927 77.969 78.01 78.051 78.092 78.132
71.519 72.209 72.228 72.64 72.998 73.308 73.578 73.815 74.024 74.21 74.377 74.527 74.663 74.787 74.9 75.004 75.101 75.19 75.273 75.352 75.426 75.496 75.563 75.627 75.689 75.749 75.807 75.864 75.92 75.974 76.028 76.081 76.134 76.186 76.237 76.289 76.34 76.391 76.442 76.492 76.543 76.593 76.643 76.694 76.744 76.794 76.843 76.893 76.943 76.992 77.041 77.09 77.139 77.187 77.236 77.284 77.331 77.379 77.426 77.473 77.519 77.565 77.61 77.656 77.7 77.745 77.789 77.832 77.875 77.917 77.959 78.001
71.676 71.267 71.725 72.152 72.529 72.86 73.152 73.411 73.64 73.844 74.028 74.192 74.341 74.477 74.6 74.713 74.817 74.913 75.003 75.087 75.166 75.241 75.313 75.381 75.447 75.51 75.572 75.632 75.691 75.749 75.806 75.862 75.917 75.972 76.026 76.08 76.134 76.188 76.241 76.294 76.347 76.4 76.453 76.506 76.558 76.611 76.663 76.715 76.767 76.818 76.87 76.921 76.972 77.023 77.073 77.123 77.173 77.222 77.271 77.32 77.368 77.416 77.463 77.51 77.556 77.602 77.648 77.693 77.737 77.781 77.825 77.868
71.484 70.742 71.216 71.657 72.051 72.401 72.714 72.992 73.24 73.463 73.662 73.842 74.004 74.151 74.285 74.407 74.519 74.623 74.72 74.81 74.894 74.975 75.051 75.123 75.193 75.261 75.327 75.39 75.453 75.514 75.574 75.633 75.692 75.75 75.808 75.865 75.922 75.978 76.034 76.09 76.146 76.202 76.257 76.313 76.368 76.423 76.477 76.532 76.586 76.64 76.694 76.748 76.801 76.854 76.907 76.959 77.011 77.062 77.113 77.164 77.214 77.264 77.313 77.362 77.41 77.458 77.505 77.552 77.598 77.643 77.688 77.733
69.884 70.204 70.703 71.156 71.566 71.934 72.265 72.563 72.829 73.069 73.284 73.478 73.654 73.812 73.956 74.088 74.209 74.32 74.423 74.52 74.61 74.696 74.777 74.855 74.929 75.001 75.071 75.139 75.205 75.27 75.334 75.397 75.459 75.521 75.581 75.642 75.702 75.762 75.821 75.88 75.939 75.998 76.056 76.114 76.172 76.23 76.288 76.345 76.402 76.459 76.515 76.571 76.627 76.682 76.737 76.792 76.846 76.9 76.953 77.006 77.058 77.11 77.161 77.211 77.262 77.311 77.36 77.408 77.456 77.504 77.55 77.596
69.138 69.68 70.187 70.652 71.076 71.461 71.81 72.125 72.409 72.665 72.896 73.104 73.292 73.462 73.616 73.757 73.886 74.005 74.115 74.218 74.314 74.406 74.492 74.575 74.655 74.731 74.805 74.878 74.948 75.017 75.085 75.152 75.218 75.283 75.348 75.412 75.476 75.539 75.601 75.664 75.726 75.788 75.85 75.911 75.972 76.033 76.093 76.153 76.213 76.273 76.332 76.391 76.449 76.507 76.564 76.621 76.678 76.734 76.789 76.844 76.899 76.953 77.006 77.059 77.111 77.162 77.213 77.263 77.313 77.362 77.41 77.458
68.599 69.153 69.669 70.145 70.584 70.985 71.35 71.682 71.983 72.255 72.5 72.721 72.92 73.101 73.265 73.414 73.552 73.678 73.795 73.905 74.007 74.104 74.197 74.285 74.369 74.451 74.53 74.607 74.682 74.756 74.828 74.899 74.969 75.038 75.107 75.175 75.242 75.309 75.376 75.442 75.507 75.573 75.638 75.702 75.767 75.831 75.894 75.957 76.02 76.083 76.145 76.206 76.268 76.328 76.388 76.448 76.507 76.566 76.623 76.681 76.738 76.794 76.849 76.904 76.958 77.011 77.064 77.116 77.168 77.218 77.269 77.318
68.066 68.625 69.15 69.638 70.09 70.506 70.888 71.236 71.553 71.839 72.097 72.33 72.541 72.731 72.904 73.062 73.207 73.341 73.465 73.58 73.689 73.792 73.89 73.984 74.074 74.161 74.245 74.327 74.407 74.486 74.563 74.638 74.713 74.786 74.859 74.931 75.002 75.073 75.144 75.214 75.283 75.352 75.421 75.489 75.557 75.624 75.691 75.757 75.823 75.889 75.954 76.019 76.083 76.146 76.209 76.272 76.333 76.394 76.455 76.515 76.574 76.632 76.69 76.747 76.803 76.859 76.913 76.967 77.021 77.073 77.125 77.176
69.474 68.096 68.629 69.13 69.596 70.027 70.425 70.789 71.12 71.419 71.69 71.934 72.155 72.354 72.535 72.701 72.852 72.993 73.123 73.246 73.361 73.47 73.574 73.673 73.769 73.862 73.951 74.039 74.124 74.207 74.289 74.369 74.448 74.527 74.604 74.68 74.756 74.831 74.906 74.98 75.053 75.126 75.198 75.27 75.342 75.413 75.483 75.553 75.623 75.691 75.76 75.827 75.895 75.961 76.027 76.092 76.157 76.22 76.284 76.346 76.407 76.468 76.528 76.588 76.646 76.704 76.761 76.817 76.872 76.927 76.98 77.033
70.521 67.676 68.109 71.52 69.102 69.549 69.962 70.341 70.686 70.998 71.28 71.534 71.763 71.97 72.158 72.33 72.488 72.635 72.772 72.901 73.022 73.137 73.247 73.353 73.454 73.553 73.648 73.741 73.831 73.92 74.007 74.093 74.177 74.26 74.342 74.423 74.503 74.583 74.662 74.74 74.818 74.895 74.971 75.047 75.122 75.197 75.271 75.345 75.418 75.49 75.562 75.633 75.703 75.773 75.842 75.91 75.977 76.044 76.11 76.175 76.239 76.302 76.365 76.426 76.487 76.547 76.606 76.664 76.722 76.778 76.834 76.888
66.546 69.881 67.613 68.491 68.608 69.071 69.5 69.894 70.253 70.577 70.868 71.13 71.365 71.578 71.772 71.95 72.115 72.267 72.41 72.545 72.673 72.794 72.911 73.022 73.13 73.235 73.336 73.434 73.531 73.625 73.717 73.808 73.898 73.986 74.073 74.159 74.244 74.329 74.412 74.495 74.577 74.658 74.739 74.819 74.898 74.977 75.055 75.133 75.209 75.285 75.36 75.435 75.509 75.582 75.654 75.725 75.795 75.865 75.934 76.001 76.068 76.134 76.199 76.263 76.326 76.389 76.45 76.51 76.57 76.628 76.686 76.742
