raw_data/humedad_relativa/hora9/rh9sep.txt
ncols         501
nrows         361
xllcorner     109.95
yllcorner     -45.05
cellsize      0.1
NODATA_value  -9999
[rows 288 to 319 of 361, columns 72 to 143 of 501]
81.077 81.049 81.018 80.983 80.945 80.905 80.861 80.814 80.765 80.713 80.658 80.601 80.542 80.481 80.417 80.352 80.285 80.217 80.147 80.075 80.002 79.929 79.854 79.778 79.702 79.624 79.546 79.468 79.389 79.31 79.231 79.151 79.071 78.991 78.911 78.831 78.751 78.671 78.592 78.513 78.434 78.355 78.277 78.199 78.122 78.045 77.969 77.893 77.819 77.744 77.671 77.599 77.527 77.456 77.386 77.318 77.25 77.183 77.118 77.054 76.991 76.93 76.87 76.811 76.754 76.698 76.644 76.591 76.54 76.491 76.444 76.398
81.139 81.112 81.082 81.049 81.012 80.973 80.931 80.886 80.839 80.789 80.736 80.681 80.624 80.565 80.504 80.441 80.376 80.31 80.242 80.173 80.103 80.031 79.959 79.885 79.811 79.736 79.66 79.584 79.507 79.43 79.353 79.275 79.197 79.119 79.041 78.964 78.886 78.808 78.73 78.653 78.576 78.499 78.423 78.347 78.271 78.196 78.122 78.048 77.975 77.902 77.83 77.759 77.689 77.62 77.552 77.485 77.419 77.354 77.29 77.227 77.166 77.106 77.047 76.989 76.933 76.879 76.826 76.775 76.725 76.677 76.63 76.586
81.201 81.175 81.146 81.114 81.079 81.041 81.001 80.958 80.912 80.864 80.813 80.76 80.705 80.648 80.589 80.528 80.466 80.401 80.336 80.269 80.201 80.132 80.061 79.99 79.918 79.845 79.772 79.698 79.623 79.548 79.473 79.397 79.321 79.245 79.169 79.093 79.017 78.942 78.866 78.79 78.715 78.64 78.565 78.491 78.417 78.344 78.271 78.199 78.128 78.057 77.987 77.918 77.849 77.781 77.715 77.649 77.584 77.521 77.458 77.397 77.337 77.278 77.221 77.165 77.11 77.057 77.005 76.955 76.906 76.859 76.813 76.77
81.263 81.238 81.21 81.179 81.145 81.109 81.07 81.028 80.984 80.938 80.889 80.838 80.785 80.73 80.673 80.614 80.554 80.492 80.428 80.363 80.297 80.23 80.162 80.093 80.023 79.952 79.881 79.809 79.737 79.664 79.59 79.517 79.443 79.369 79.295 79.221 79.147 79.073 78.999 78.925 78.852 78.779 78.706 78.633 78.561 78.49 78.418 78.348 78.278 78.209 78.14 78.073 78.006 77.94 77.875 77.81 77.747 77.685 77.624 77.564 77.505 77.448 77.392 77.337 77.283 77.231 77.181 77.131 77.084 77.038 76.993 76.95
81.325 81.3 81.273 81.244 81.211 81.176 81.139 81.098 81.056 81.011 80.964 80.915 80.863 80.81 80.755 80.699 80.64 80.58 80.519 80.456 80.392 80.327 80.261 80.194 80.126 80.058 79.989 79.919 79.848 79.777 79.706 79.634 79.562 79.49 79.418 79.346 79.274 79.202 79.13 79.058 78.986 78.914 78.843 78.773 78.702 78.632 78.563 78.494 78.426 78.358 78.291 78.225 78.16 78.095 78.032 77.969 77.907 77.846 77.787 77.728 77.671 77.615 77.56 77.506 77.454 77.403 77.353 77.305 77.258 77.213 77.17 77.128
81.386 81.363 81.337 81.308 81.277 81.243 81.207 81.168 81.127 81.084 81.038 80.991 80.941 80.89 80.837 80.782 80.726 80.668 80.608 80.548 80.486 80.423 80.359 80.294 80.228 80.161 80.094 80.026 79.958 79.889 79.819 79.75 79.68 79.609 79.539 79.469 79.398 79.328 79.258 79.188 79.118 79.048 78.979 78.909 78.841 78.772 78.705 78.638 78.571 78.505 78.439 78.375 78.311 78.248 78.186 78.124 78.064 78.005 77.946 77.889 77.833 77.778 77.724 77.672 77.621 77.571 77.523 77.476 77.43 77.386 77.343 77.302
81.448 81.425 81.4 81.372 81.342 81.309 81.274 81.237 81.197 81.156 81.112 81.066 81.018 80.969 80.917 80.864 80.81 80.754 80.696 80.637 80.578 80.516 80.454 80.391 80.328 80.263 80.197 80.131 80.065 79.998 79.93 79.863 79.795 79.726 79.658 79.589 79.521 79.452 79.384 79.315 79.247 79.179 79.111 79.044 78.977 78.91 78.844 78.778 78.713 78.649 78.585 78.522 78.459 78.398 78.337 78.277 78.218 78.16 78.103 78.047 77.993 77.939 77.886 77.835 77.785 77.736 77.689 77.643 77.598 77.555 77.513 77.473
81.509 81.487 81.463 81.436 81.407 81.375 81.341 81.305 81.267 81.227 81.184 81.14 81.094 81.046 80.997 80.945 80.893 80.838 80.783 80.726 80.668 80.609 80.549 80.487 80.425 80.363 80.299 80.235 80.17 80.105 80.04 79.974 79.908 79.841 79.774 79.708 79.641 79.574 79.507 79.44 79.374 79.308 79.242 79.176 79.11 79.045 78.981 78.917 78.853 78.79 78.728 78.666 78.605 78.545 78.486 78.427 78.37 78.313 78.257 78.203 78.149 78.097 78.045 77.995 77.946 77.899 77.852 77.807 77.764 77.721 77.681 77.641
81.57 81.549 81.525 81.499 81.471 81.441 81.408 81.373 81.336 81.297 81.256 81.214 81.169 81.123 81.075 81.025 80.974 80.922 80.868 80.813 80.757 80.699 80.641 80.582 80.522 80.461 80.399 80.337 80.274 80.211 80.147 80.083 80.018 79.954 79.889 79.824 79.759 79.694 79.628 79.563 79.499 79.434 79.37 79.305 79.242 79.178 79.115 79.053 78.991 78.929 78.868 78.808 78.749 78.69 78.632 78.575 78.519 78.463 78.409 78.355 78.303 78.252 78.202 78.153 78.105 78.058 78.013 77.969 77.926 77.885 77.845 77.806
81.631 81.61 81.587 81.562 81.535 81.505 81.474 81.44 81.405 81.367 81.328 81.286 81.243 81.199 81.152 81.104 81.055 81.004 80.952 80.899 80.844 80.789 80.732 80.675 80.616 80.557 80.498 80.437 80.376 80.314 80.252 80.19 80.127 80.064 80.001 79.938 79.875 79.811 79.748 79.684 79.621 79.558 79.495 79.433 79.37 79.309 79.247 79.186 79.126 79.066 79.006 78.947 78.889 78.832 78.775 78.72 78.665 78.611 78.557 78.505 78.454 78.404 78.355 78.307 78.26 78.215 78.171 78.128 78.086 78.045 78.006 77.969
81.691 81.671 81.649 81.625 81.598 81.57 81.54 81.507 81.473 81.436 81.398 81.358 81.317 81.273 81.229 81.182 81.134 81.085 81.035 80.983 80.931 80.877 80.822 80.766 80.71 80.652 80.594 80.535 80.476 80.416 80.356 80.295 80.234 80.173 80.112 80.05 79.988 79.927 79.865 79.803 79.741 79.68 79.619 79.558 79.497 79.437 79.377 79.317 79.258 79.2 79.142 79.084 79.028 78.972 78.916 78.862 78.808 78.755 78.704 78.653 78.603 78.554 78.506 78.459 78.413 78.369 78.325 78.283 78.243 78.203 78.165 78.128
81.751 81.732 81.71 81.687 81.662 81.634 81.605 81.573 81.54 81.505 81.468 81.429 81.389 81.347 81.304 81.259 81.213 81.165 81.117 81.067 81.016 80.963 80.91 80.856 80.801 80.746 80.689 80.632 80.575 80.516 80.458 80.399 80.34 80.28 80.22 80.16 80.1 80.04 79.98 79.92 79.86 79.8 79.74 79.681 79.621 79.562 79.504 79.446 79.388 79.331 79.275 79.219 79.163 79.109 79.055 79.002 78.949 78.898 78.847 78.797 78.748 78.701 78.654 78.608 78.563 78.52 78.478 78.436 78.396 78.358 78.32 78.284
81.811 81.792 81.772 81.749 81.724 81.698 81.669 81.639 81.607 81.573 81.537 81.5 81.461 81.421 81.379 81.335 81.29 81.244 81.197 81.149 81.099 81.049 80.997 80.945 80.892 80.837 80.783 80.727 80.671 80.615 80.558 80.501 80.443 80.385 80.327 80.268 80.21 80.151 80.093 80.034 79.976 79.917 79.859 79.801 79.743 79.686 79.629 79.572 79.516 79.46 79.405 79.351 79.297 79.243 79.191 79.139 79.088 79.037 78.988 78.939 78.892 78.845 78.799 78.754 78.711 78.668 78.627 78.587 78.548 78.51 78.473 78.438
81.87 81.852 81.832 81.81 81.786 81.761 81.733 81.704 81.673 81.64 81.606 81.57 81.532 81.493 81.452 81.41 81.367 81.322 81.277 81.23 81.182 81.133 81.083 81.032 80.98 80.928 80.875 80.821 80.767 80.712 80.656 80.601 80.545 80.488 80.432 80.375 80.318 80.261 80.204 80.147 80.09 80.033 79.976 79.92 79.864 79.808 79.752 79.697 79.642 79.588 79.534 79.48 79.428 79.376 79.324 79.274 79.224 79.175 79.126 79.079 79.032 78.987 78.942 78.898 78.856 78.814 78.774 78.734 78.696 78.659 78.623 78.589
81.93 81.912 81.893 81.871 81.848 81.823 81.797 81.768 81.738 81.707 81.673 81.639 81.602 81.564 81.525 81.484 81.442 81.399 81.355 81.31 81.263 81.216 81.167 81.118 81.068 81.017 80.965 80.913 80.86 80.807 80.753 80.699 80.645 80.59 80.535 80.479 80.424 80.369 80.313 80.257 80.202 80.147 80.091 80.036 79.981 79.927 79.873 79.819 79.765 79.712 79.66 79.608 79.556 79.506 79.455 79.406 79.357 79.309 79.262 79.216 79.17 79.126 79.082 79.04 78.998 78.957 78.918 78.879 78.842 78.806 78.771 78.737
81.988 81.971 81.953 81.932 81.91 81.886 81.86 81.832 81.803 81.773 81.741 81.707 81.672 81.635 81.597 81.558 81.517 81.475 81.432 81.388 81.343 81.297 81.25 81.203 81.154 81.105 81.055 81.004 80.953 80.901 80.849 80.796 80.743 80.69 80.636 80.582 80.528 80.474 80.42 80.366 80.312 80.258 80.204 80.151 80.097 80.044 79.991 79.939 79.887 79.835 79.784 79.733 79.683 79.633 79.584 79.536 79.489 79.442 79.396 79.35 79.306 79.263 79.22 79.178 79.138 79.098 79.059 79.022 78.985 78.95 78.915 78.882
82.047 82.03 82.012 81.992 81.971 81.947 81.922 81.896 81.868 81.838 81.807 81.774 81.74 81.705 81.668 81.63 81.591 81.55 81.509 81.466 81.422 81.378 81.332 81.286 81.239 81.191 81.142 81.093 81.043 80.993 80.942 80.891 80.84 80.788 80.736 80.683 80.631 80.578 80.526 80.473 80.42 80.368 80.315 80.263 80.211 80.159 80.108 80.057 80.006 79.955 79.906 79.856 79.807 79.759 79.711 79.664 79.618 79.572 79.527 79.483 79.439 79.397 79.355 79.315 79.275 79.236 79.198 79.162 79.126 79.091 79.058 79.025
82.105 82.089 82.071 82.052 82.031 82.009 81.985 81.959 81.932 81.903 81.873 81.841 81.808 81.774 81.738 81.702 81.664 81.624 81.584 81.543 81.5 81.457 81.413 81.368 81.322 81.276 81.229 81.181 81.133 81.084 81.035 80.985 80.935 80.884 80.834 80.783 80.732 80.681 80.629 80.578 80.527 80.476 80.425 80.374 80.323 80.273 80.222 80.173 80.123 80.074 80.025 79.977 79.929 79.882 79.835 79.79 79.744 79.7 79.656 79.613 79.57 79.529 79.488 79.448 79.41 79.372 79.335 79.299 79.264 79.23 79.197 79.166
82.163 82.147 82.13 82.111 82.091 82.069 82.046 82.021 81.995 81.967 81.938 81.907 81.876 81.842 81.808 81.772 81.735 81.697 81.658 81.618 81.577 81.536 81.493 81.449 81.405 81.36 81.314 81.268 81.221 81.173 81.125 81.077 81.028 80.979 80.93 80.881 80.831 80.781 80.731 80.681 80.632 80.582 80.532 80.482 80.433 80.384 80.335 80.286 80.238 80.19 80.143 80.096 80.049 80.003 79.958 79.913 79.869 79.825 79.782 79.74 79.699 79.658 79.619 79.58 79.542 79.505 79.469 79.434 79.4 79.367 79.335 79.304
82.22 82.205 82.189 82.17 82.151 82.13 82.107 82.083 82.058 82.031 82.003 81.973 81.942 81.91 81.877 81.842 81.806 81.77 81.732 81.693 81.653 81.613 81.571 81.529 81.486 81.442 81.398 81.353 81.307 81.261 81.215 81.168 81.12 81.073 81.025 80.977 80.929 80.88 80.832 80.783 80.734 80.686 80.638 80.589 80.541 80.493 80.446 80.398 80.351 80.304 80.258 80.212 80.167 80.122 80.078 80.034 79.991 79.949 79.907 79.866 79.825 79.786 79.747 79.709 79.672 79.636 79.601 79.566 79.533 79.501 79.469 79.439
82.277 82.262 82.246 82.229 82.21 82.19 82.168 82.144 82.12 82.094 82.066 82.038 82.008 81.977 81.945 81.911 81.877 81.841 81.804 81.767 81.728 81.689 81.649 81.608 81.566 81.524 81.48 81.437 81.393 81.348 81.303 81.257 81.211 81.165 81.118 81.071 81.024 80.977 80.93 80.883 80.836 80.788 80.741 80.694 80.647 80.601 80.554 80.508 80.462 80.417 80.372 80.327 80.283 80.239 80.196 80.153 80.111 80.07 80.029 79.989 79.949 79.911 79.873 79.836 79.8 79.764 79.73 79.697 79.664 79.632 79.602 79.572
82.334 82.32 82.304 82.287 82.269 82.249 82.228 82.205 82.181 82.156 82.13 82.102 82.073 82.043 82.012 81.979 81.946 81.912 81.876 81.84 81.802 81.764 81.725 81.685 81.645 81.604 81.562 81.519 81.476 81.433 81.389 81.345 81.3 81.255 81.21 81.164 81.119 81.073 81.027 80.981 80.935 80.889 80.843 80.798 80.752 80.706 80.661 80.616 80.572 80.527 80.483 80.44 80.397 80.354 80.312 80.27 80.229 80.189 80.149 80.11 80.071 80.034 79.997 79.961 79.925 79.891 79.857 79.824 79.793 79.762 79.732 79.703
82.39 82.376 82.361 82.345 82.327 82.308 82.287 82.265 82.242 82.218 82.192 82.166 82.138 82.109 82.078 82.047 82.015 81.981 81.947 81.911 81.875 81.838 81.8 81.762 81.723 81.683 81.642 81.601 81.559 81.517 81.474 81.431 81.388 81.344 81.3 81.256 81.212 81.167 81.122 81.078 81.033 80.988 80.944 80.899 80.855 80.81 80.766 80.722 80.679 80.636 80.593 80.55 80.508 80.467 80.426 80.385 80.345 80.306 80.267 80.229 80.191 80.154 80.118 80.083 80.049 80.015 79.982 79.95 79.919 79.889 79.859 79.831
82.445 82.432 82.418 82.402 82.385 82.366 82.346 82.325 82.303 82.279 82.255 82.229 82.202 82.173 82.144 82.114 82.082 82.05 82.017 81.982 81.947 81.911 81.875 81.837 81.799 81.761 81.721 81.681 81.641 81.6 81.558 81.517 81.474 81.432 81.389 81.346 81.303 81.26 81.216 81.173 81.129 81.086 81.042 80.999 80.956 80.912 80.87 80.827 80.785 80.742 80.701 80.659 80.618 80.578 80.538 80.498 80.459 80.421 80.383 80.346 80.309 80.273 80.238 80.203 80.17 80.137 80.105 80.073 80.043 80.013 79.985 79.957
82.501 82.488 82.474 82.459 82.442 82.424 82.405 82.384 82.363 82.34 82.316 82.291 82.265 82.237 82.209 82.18 82.149 82.118 82.086 82.052 82.018 81.984 81.948 81.912 81.875 81.837 81.799 81.76 81.721 81.681 81.641 81.6 81.559 81.518 81.477 81.435 81.393 81.351 81.309 81.266 81.224 81.182 81.139 81.097 81.055 81.013 80.971 80.93 80.888 80.847 80.807 80.766 80.726 80.687 80.648 80.609 80.571 80.534 80.497 80.46 80.425 80.39 80.355 80.321 80.289 80.256 80.225 80.194 80.165 80.136 80.108 80.081
82.556 82.543 82.53 82.515 82.499 82.481 82.463 82.443 82.422 82.4 82.377 82.353 82.327 82.301 82.273 82.245 82.215 82.185 82.154 82.122 82.089 82.055 82.02 81.985 81.949 81.913 81.876 81.838 81.8 81.762 81.722 81.683 81.643 81.603 81.563 81.522 81.481 81.44 81.399 81.358 81.317 81.276 81.235 81.194 81.152 81.112 81.071 81.03 80.99 80.95 80.911 80.871 80.832 80.794 80.756 80.718 80.681 80.644 80.608 80.573 80.538 80.504 80.47 80.438 80.405 80.374 80.343 80.314 80.284 80.256 80.229 80.202
82.61 82.598 82.585 82.571 82.555 82.538 82.52 82.501 82.481 82.46 82.437 82.414 82.389 82.363 82.337 82.309 82.281 82.251 82.221 82.19 82.158 82.125 82.092 82.058 82.023 81.988 81.952 81.915 81.878 81.841 81.803 81.764 81.726 81.687 81.648 81.608 81.568 81.529 81.489 81.449 81.409 81.368 81.328 81.288 81.248 81.209 81.169 81.13 81.09 81.052 81.013 80.975 80.937 80.899 80.862 80.825 80.789 80.753 80.718 80.684 80.65 80.616 80.584 80.552 80.52 80.49 80.46 80.43 80.402 80.374 80.348 80.322
82.664 82.653 82.64 82.626 82.611 82.595 82.577 82.559 82.539 82.519 82.497 82.474 82.45 82.425 82.4 82.373 82.345 82.317 82.288 82.257 82.226 82.195 82.162 82.129 82.096 82.061 82.026 81.991 81.955 81.919 81.882 81.845 81.807 81.769 81.731 81.693 81.654 81.615 81.577 81.538 81.499 81.46 81.421 81.382 81.343 81.304 81.266 81.227 81.189 81.151 81.114 81.076 81.039 81.003 80.966 80.931 80.895 80.861 80.826 80.793 80.759 80.727 80.695 80.664 80.633 80.603 80.574 80.545 80.518 80.491 80.464 80.439
82.718 82.707 82.694 82.681 82.666 82.651 82.634 82.616 82.597 82.577 82.556 82.534 82.511 82.487 82.462 82.436 82.409 82.382 82.353 82.324 82.294 82.263 82.232 82.2 82.167 82.134 82.1 82.066 82.031 81.995 81.96 81.923 81.887 81.85 81.813 81.776 81.738 81.701 81.663 81.625 81.587 81.549 81.511 81.474 81.436 81.398 81.36 81.323 81.286 81.249 81.212 81.176 81.14 81.104 81.069 81.034 81 80.966 80.932 80.9 80.867 80.835 80.804 80.774 80.744 80.714 80.686 80.658 80.631 80.605 80.579 80.554
82.771 82.76 82.748 82.735 82.721 82.706 82.69 82.672 82.654 82.635 82.614 82.593 82.571 82.547 82.523 82.498 82.472 82.446 82.418 82.39 82.361 82.331 82.3 82.269 82.238 82.205 82.172 82.139 82.105 82.071 82.036 82.001 81.966 81.93 81.894 81.858 81.821 81.785 81.748 81.711 81.674 81.638 81.601 81.564 81.527 81.49 81.454 81.417 81.381 81.345 81.31 81.274 81.239 81.204 81.17 81.136 81.102 81.069 81.037 81.005 80.973 80.942 80.912 80.882 80.853 80.824 80.796 80.769 80.742 80.717 80.692 80.667
82.824 82.813 82.802 82.789 82.776 82.761 82.745 82.728 82.711 82.692 82.672 82.652 82.63 82.608 82.584 82.56 82.535 82.509 82.482 82.455 82.427 82.398 82.368 82.338 82.307 82.276 82.244 82.212 82.179 82.146 82.112 82.078 82.043 82.009 81.974 81.939 81.903 81.868 81.832 81.796 81.76 81.724 81.688 81.653 81.617 81.581 81.546 81.51 81.475 81.44 81.405 81.371 81.336 81.303 81.269 81.236 81.203 81.171 81.139 81.108 81.077 81.047 81.017 80.988 80.959 80.932 80.904 80.878 80.852 80.827 80.802 80.778
82.876 82.866 82.855 82.843 82.829 82.815 82.8 82.784 82.767 82.749 82.73 82.71 82.689 82.667 82.644 82.621 82.596 82.571 82.546 82.519 82.492 82.464 82.435 82.406 82.376 82.346 82.315 82.283 82.251 82.219 82.186 82.153 82.12 82.086 82.052 82.018 81.984 81.949 81.914 81.88 81.845 81.81 81.775 81.74 81.705 81.67 81.636 81.601 81.567 81.533 81.499 81.465 81.432 81.399 81.366 81.334 81.302 81.271 81.24 81.209 81.179 81.15 81.121 81.092 81.064 81.037 81.011 80.985 80.959 80.935 80.911 80.888
