raw_data/humedad_relativa/hora15/rh15sep.txt
ncols         501
nrows         361
xllcorner     109.95
yllcorner     -45.05
cellsize      0.1
NODATA_value  -9999
[rows 32 to 63 of 361, columns 288 to 359 of 501]
46.252 46.381 46.513 46.649 46.787 46.929 47.073 47.221 47.373 47.527 47.685 47.846 48.011 48.179 48.351 48.526 48.705 48.888 49.075 49.265 49.459 49.657 49.858 50.063 50.272 50.483 50.698 50.914 51.132 51.35 51.547 51.773 51.918 52.093 52.237 52.496 52.657 52.771 52.875 53.104 53.544 53.838 54.095 54.359 54.596 54.838 55.084 55.334 55.59 55.849 56.114 56.383 56.656 56.933 57.215 57.5 57.789 58.082 58.378 58.676 58.977 59.28 59.585 59.892 60.2 60.508 60.816 61.125 61.433 61.74 62.046 62.35
45.994 46.124 46.257 46.392 46.531 46.673 46.818 46.967 47.118 47.273 47.432 47.593 47.759 47.927 48.1 48.276 48.455 48.639 48.826 49.018 49.213 49.412 49.615 49.822 50.033 50.247 50.465 50.685 50.907 51.13 51.337 51.552 51.741 51.96 52.007 52.247 52.446 52.611 52.759 52.935 53.13 53.043 53.745 54.144 54.383 54.627 54.876 55.13 55.388 55.651 55.92 56.193 56.47 56.752 57.039 57.329 57.624 57.922 58.224 58.529 58.836 59.146 59.457 59.771 60.085 60.4 60.716 61.031 61.346 61.66 61.972 62.283
45.732 45.862 45.996 46.132 46.271 46.413 46.559 46.708 46.86 47.015 47.174 47.336 47.501 47.671 47.843 48.02 48.2 48.384 48.572 48.764 48.96 49.16 49.365 49.573 49.786 50.003 50.224 50.448 50.675 50.897 51.087 51.287 51.389 51.654 51.923 52.127 52.288 52.433 52.64 52.635 52.723 52.749 53.496 53.728 53.299 54.409 54.661 54.917 55.179 55.446 55.719 55.996 56.278 56.565 56.857 57.153 57.453 57.757 58.065 58.376 58.69 59.007 59.326 59.646 59.968 60.29 60.612 60.935 61.257 61.578 61.897 62.214
45.467 45.597 45.731 45.867 46.007 46.15 46.296 46.445 46.597 46.752 46.911 47.074 47.239 47.409 47.582 47.758 47.939 48.123 48.312 48.504 48.701 48.902 49.107 49.317 49.531 49.75 49.973 50.201 50.432 50.666 50.826 51.091 51.254 51.447 51.657 51.764 52.064 52.25 52.421 52.601 52.767 52.772 53.212 53.397 53.42 54.183 54.438 54.698 54.963 55.234 55.51 55.792 56.079 56.371 56.668 56.97 57.276 57.587 57.901 58.219 58.54 58.864 59.19 59.518 59.847 60.177 60.507 60.837 61.166 61.494 61.821 62.145
45.197 45.328 45.462 45.599 45.739 45.882 46.028 46.177 46.33 46.485 46.644 46.807 46.973 47.142 47.315 47.492 47.672 47.857 48.045 48.238 48.435 48.636 48.842 49.052 49.267 49.487 49.712 49.942 50.177 50.417 50.66 50.887 51.103 51.238 51.385 51.542 51.764 51.972 52.111 52.375 52.441 52.35 52.335 53.311 52.583 53.515 54.207 54.471 54.74 55.014 55.295 55.581 55.873 56.17 56.473 56.781 57.093 57.411 57.732 58.057 58.386 58.717 59.051 59.386 59.723 60.061 60.399 60.737 61.074 61.409 61.744 62.075
44.924 45.055 45.19 45.327 45.467 45.61 45.757 45.906 46.059 46.214 46.373 46.535 46.701 46.87 47.043 47.22 47.4 47.584 47.773 47.965 48.162 48.363 48.569 48.779 48.994 49.215 49.44 49.671 49.907 50.148 50.395 50.616 50.76 50.932 51.026 51.339 51.502 51.642 51.58 51.926 52.317 52.22 52.692 52.684 52.439 53.555 53.745 54.235 54.508 54.787 55.071 55.362 55.659 55.962 56.271 56.585 56.904 57.228 57.557 57.89 58.226 58.565 58.907 59.251 59.596 59.942 60.288 60.634 60.98 61.324 61.665 62.005
44.647 44.779 44.914 45.051 45.192 45.335 45.481 45.631 45.783 45.939 46.097 46.26 46.425 46.594 46.766 46.942 47.122 47.306 47.494 47.686 47.882 48.082 48.287 48.497 48.712 48.931 49.156 49.385 49.619 49.857 50.072 50.33 50.389 50.63 50.868 51 51.204 51.352 51.453 51.688 52.034 52.233 52.452 52.301 52.493 53.439 53.721 53.991 54.268 54.551 54.84 55.136 55.438 55.747 56.061 56.382 56.708 57.04 57.376 57.717 58.061 58.409 58.759 59.112 59.466 59.821 60.176 60.53 60.884 61.236 61.587 61.934
44.367 44.499 44.634 44.772 44.912 45.056 45.202 45.351 45.504 45.659 45.818 45.979 46.144 46.313 46.484 46.66 46.839 47.022 47.209 47.4 47.595 47.795 47.999 48.207 48.42 48.638 48.86 49.087 49.317 49.53 49.622 50.008 50.223 50.313 50.559 50.686 50.852 51.045 50.932 51.463 51.533 51.912 52.107 51.533 52.285 53.031 53.465 53.739 54.019 54.306 54.6 54.901 55.209 55.523 55.845 56.172 56.506 56.845 57.189 57.538 57.892 58.248 58.608 58.969 59.332 59.696 60.061 60.425 60.787 61.148 61.507 61.863
44.083 44.216 44.351 44.489 44.63 44.773 44.919 45.068 45.22 45.375 45.534 45.695 45.859 46.027 46.198 46.373 46.551 46.733 46.918 47.108 47.302 47.5 47.702 47.909 48.12 48.335 48.554 48.777 48.99 49.205 49.289 49.459 49.799 49.877 50.21 50.37 50.521 50.637 50.879 51.096 51.245 51.498 51.714 51.633 51.99 52.187 53.186 53.477 53.761 54.053 54.351 54.657 54.971 55.292 55.62 55.955 56.296 56.643 56.996 57.354 57.716 58.082 58.451 58.823 59.196 59.569 59.943 60.317 60.689 61.059 61.427 61.792
43.797 43.929 44.065 44.203 44.344 44.487 44.633 44.782 44.933 45.088 45.245 45.406 45.57 45.737 45.907 46.08 46.257 46.438 46.622 46.81 47.002 47.198 47.399 47.603 47.811 48.024 48.24 48.459 48.68 48.892 48.994 49.151 49.472 49.697 49.871 50.074 50.244 50.403 50.522 50.784 50.926 51.196 51.144 51.52 51.69 50.86 52.888 53.206 53.494 53.79 54.093 54.404 54.724 55.051 55.386 55.729 56.078 56.435 56.796 57.164 57.536 57.912 58.291 58.672 59.055 59.44 59.824 60.207 60.59 60.97 61.347 61.721
43.507 43.64 43.775 43.914 44.054 44.197 44.343 44.492 44.643 44.797 44.954 45.113 45.276 45.442 45.611 45.783 45.959 46.138 46.321 46.507 46.697 46.891 47.088 47.29 47.495 47.704 47.917 48.132 48.35 48.561 48.734 48.941 49.181 49.339 49.521 49.713 49.799 50.054 50.331 50.538 50.679 50.77 51.044 50.75 51.349 51.39 52.511 52.234 53.217 53.517 53.825 54.142 54.468 54.802 55.144 55.495 55.853 56.218 56.59 56.967 57.349 57.736 58.126 58.518 58.912 59.307 59.702 60.096 60.489 60.879 61.267 61.65
43.214 43.347 43.483 43.621 43.762 43.905 44.05 44.198 44.349 44.502 44.658 44.817 44.979 45.143 45.311 45.482 45.656 45.833 46.014 46.198 46.386 46.577 46.772 46.971 47.173 47.379 47.588 47.799 48.013 48.228 48.419 48.633 48.626 48.934 49.139 49.286 49.489 49.732 50.03 50.145 50.357 50.491 50.664 50.575 51.324 50.998 52.077 52.015 52.929 53.233 53.546 53.869 54.201 54.543 54.893 55.252 55.62 55.995 56.376 56.764 57.157 57.555 57.956 58.36 58.766 59.172 59.579 59.984 60.388 60.789 61.187 61.58
42.918 43.052 43.188 43.326 43.466 43.609 43.754 43.902 44.052 44.204 44.359 44.517 44.678 44.841 45.007 45.176 45.349 45.524 45.702 45.884 46.069 46.258 46.45 46.646 46.844 47.047 47.252 47.46 47.671 47.881 48.067 48.284 48.449 48.595 48.815 49.063 49.284 49.495 49.709 49.924 50.12 50.361 50.543 50.762 51.08 51.263 51.872 50.776 52.525 52.938 53.257 53.585 53.924 54.273 54.632 55.001 55.378 55.763 56.155 56.554 56.959 57.369 57.782 58.198 58.616 59.035 59.453 59.87 60.286 60.698 61.107 61.511
42.62 42.754 42.89 43.028 43.168 43.31 43.455 43.602 43.751 43.903 44.057 44.214 44.373 44.535 44.7 44.867 45.037 45.21 45.386 45.566 45.748 45.934 46.123 46.315 46.511 46.709 46.911 47.115 47.306 47.512 47.684 47.837 47.952 48.183 48.487 48.721 48.924 49.053 49.262 49.55 49.783 49.748 50.253 49.736 50.71 50.379 51.383 51.499 52.319 52.631 52.955 53.29 53.636 53.994 54.361 54.739 55.127 55.523 55.927 56.338 56.755 57.177 57.603 58.032 58.463 58.895 59.326 59.756 60.183 60.607 61.027 61.442
42.319 42.453 42.589 42.727 42.867 43.009 43.153 43.3 43.448 43.599 43.752 43.908 44.065 44.226 44.388 44.554 44.722 44.893 45.067 45.243 45.423 45.605 45.791 45.98 46.172 46.366 46.564 46.765 46.949 47.15 47.305 47.473 47.614 47.887 48.156 48.324 48.443 48.724 48.978 49.194 49.418 49.524 49.669 49.946 50.026 49.919 50.562 51.063 51.994 52.311 52.641 52.982 53.337 53.702 54.08 54.468 54.866 55.274 55.691 56.114 56.544 56.98 57.42 57.863 58.307 58.752 59.197 59.64 60.081 60.517 60.949 61.376
42.016 42.15 42.286 42.424 42.564 42.706 42.849 42.995 43.143 43.292 43.444 43.598 43.755 43.913 44.074 44.238 44.403 44.572 44.743 44.917 45.093 45.272 45.455 45.64 45.828 46.019 46.213 46.402 46.581 46.766 46.974 47.16 47.373 47.577 47.767 47.928 48.093 48.194 48.61 48.781 49.004 49.141 49.295 49.781 49.956 49.013 49.921 51.181 51.654 51.977 52.313 52.662 53.024 53.4 53.787 54.186 54.597 55.017 55.446 55.884 56.328 56.778 57.232 57.689 58.148 58.608 59.067 59.524 59.978 60.428 60.872 61.311
41.711 41.845 41.981 42.119 42.258 42.4 42.543 42.688 42.834 42.983 43.134 43.287 43.441 43.598 43.757 43.918 44.082 44.247 44.416 44.586 44.76 44.936 45.115 45.296 45.48 45.668 45.858 46.047 46.224 46.391 46.58 46.794 46.954 47.136 47.277 47.49 47.728 47.901 48.162 48.308 48.637 48.789 48.796 49.306 48.553 48.318 49.032 50.643 51.299 51.628 51.971 52.328 52.7 53.085 53.483 53.894 54.317 54.75 55.194 55.645 56.105 56.57 57.039 57.512 57.987 58.462 58.936 59.408 59.876 60.34 60.797 61.248
41.404 41.538 41.674 41.812 41.951 42.092 42.234 42.378 42.524 42.672 42.821 42.972 43.125 43.28 43.437 43.596 43.757 43.92 44.086 44.253 44.423 44.596 44.771 44.949 45.129 45.312 45.498 45.667 45.864 46.05 46.206 46.369 46.531 46.703 46.796 46.988 47.029 47.188 47.657 47.917 48.17 48.464 48.654 48.538 49.117 49.374 50.044 50.517 50.928 51.264 51.615 51.981 52.362 52.758 53.168 53.591 54.027 54.475 54.933 55.4 55.875 56.356 56.842 57.332 57.823 58.314 58.804 59.292 59.775 60.253 60.724 61.188
41.095 41.23 41.365 41.503 41.642 41.782 41.924 42.067 42.212 42.358 42.506 42.656 42.807 42.96 43.115 43.272 43.43 43.591 43.753 43.917 44.084 44.253 44.424 44.598 44.774 44.953 45.135 45.32 45.49 45.65 45.831 45.993 46.194 46.367 46.492 46.612 46.791 46.978 47.235 47.526 47.738 47.892 48.223 48.04 48.389 48.523 49.576 50.148 50.526 50.885 51.244 51.619 52.011 52.418 52.84 53.276 53.727 54.189 54.663 55.147 55.639 56.137 56.641 57.148 57.657 58.165 58.672 59.176 59.675 60.168 60.654 61.132
40.785 40.919 41.055 41.192 41.331 41.47 41.612 41.754 41.898 42.043 42.19 42.338 42.488 42.639 42.791 42.945 43.101 43.259 43.418 43.579 43.742 43.907 44.075 44.244 44.416 44.591 44.769 44.95 45.134 45.293 45.486 45.621 45.843 45.968 46.16 46.303 46.442 46.578 46.768 47.093 47.299 47.362 47.592 47.891 47.92 48.596 49.251 49.719 50.101 50.491 50.859 51.244 51.646 52.064 52.5 52.95 53.416 53.894 54.385 54.886 55.396 55.913 56.435 56.961 57.488 58.015 58.54 59.061 59.577 60.086 60.587 61.079
40.473 40.607 40.743 40.88 41.018 41.157 41.298 41.44 41.583 41.727 41.872 42.018 42.166 42.315 42.466 42.617 42.77 42.925 43.081 43.239 43.398 43.559 43.723 43.888 44.056 44.226 44.4 44.576 44.755 44.929 45.09 45.278 45.45 45.602 45.783 45.964 46.059 46.167 46.468 46.647 46.838 46.856 46.894 47.525 47.853 47.97 48.643 49.171 49.535 50.082 50.459 50.854 51.267 51.698 52.147 52.612 53.093 52.282 54.098 54.618 55.147 55.684 56.226 56.771 57.318 57.865 58.409 58.948 59.482 60.008 60.525 61.031
40.16 40.294 40.43 40.567 40.705 40.843 40.983 41.124 41.266 41.409 41.553 41.698 41.844 41.99 42.139 42.288 42.438 42.59 42.742 42.897 43.052 43.21 43.369 43.53 43.694 43.859 44.028 44.199 44.369 44.526 44.689 44.853 45.032 45.171 45.346 45.488 45.677 45.794 46.115 46.199 46.429 46.716 46.491 47.193 47.158 47.538 47.713 48.619 48.901 49.569 50.045 50.45 50.874 51.318 51.781 52.262 51.349 51.538 53.802 54.341 54.891 55.449 56.012 56.579 57.147 57.714 58.278 58.837 59.389 59.933 60.466 60.988
39.846 39.98 40.116 40.252 40.39 40.528 40.667 40.807 40.948 41.09 41.232 41.376 41.52 41.665 41.81 41.957 42.105 42.253 42.403 42.553 42.705 42.859 43.014 43.171 43.329 43.49 43.653 43.82 43.983 44.129 44.283 44.443 44.596 44.739 44.87 45.096 45.257 45.481 45.664 45.845 46.079 46.075 45.975 46.425 46.807 46.59 47.522 48.016 48.547 49.057 49.616 50.031 50.467 50.924 51.205 51.433 51.805 52.341 53.472 54.057 54.629 55.209 55.795 56.385 56.975 57.564 58.15 58.729 59.301 59.863 60.413 60.951
39.531 39.665 39.801 39.937 40.074 40.212 40.351 40.49 40.63 40.77 40.911 41.053 41.195 41.338 41.482 41.626 41.77 41.916 42.062 42.209 42.357 42.507 42.657 42.81 42.963 43.119 43.278 43.438 43.597 43.733 43.874 44.011 44.189 44.337 44.496 44.68 44.816 44.98 45.159 45.354 45.573 45.394 45.66 46.067 46.514 46.341 46.915 47.248 47.965 48.704 49.165 49.585 50.045 50.171 50.999 51.46 51.648 50.966 52.539 53.766 54.361 54.965 55.575 56.189 56.803 57.415 58.023 58.624 59.217 59.798 60.366 60.921
39.215 39.35 39.485 39.621 39.758 39.896 40.034 40.172 40.311 40.45 40.59 40.73 40.871 41.011 41.152 41.294 41.436 41.578 41.721 41.865 42.009 42.154 42.3 42.448 42.597 42.748 42.9 43.056 43.2 43.342 43.476 43.624 43.763 43.923 44.094 44.27 44.421 44.583 44.739 44.891 45.044 45.277 45.041 45.8 46.006 46.083 46.458 46.532 47.639 48.214 48.662 49.124 49.6 50.082 50.492 51.101 51.559 51.243 51.52 53.353 54.087 54.716 55.352 55.992 56.631 57.268 57.9 58.524 59.138 59.739 60.327 60.898
38.898 39.033 39.169 39.305 39.442 39.579 39.716 39.854 39.992 40.13 40.268 40.407 40.546 40.684 40.823 40.962 41.101 41.241 41.38 41.52 41.66 41.801 41.943 42.086 42.229 42.375 42.522 42.672 42.812 42.944 43.09 43.23 43.361 43.518 43.666 43.822 43.995 44.153 44.304 44.471 44.666 44.69 45.085 45.31 45.545 45.691 45.915 46.789 47.225 47.719 48.173 48.614 49.137 49.636 50.148 50.446 51.085 51.709 51.993 52.959 52.824 54.432 55.127 55.794 56.461 57.124 57.781 58.429 59.065 59.688 60.295 60.884
38.581 38.717 38.852 38.988 39.125 39.261 39.398 39.535 39.672 39.81 39.947 40.084 40.221 40.357 40.494 40.631 40.767 40.903 41.039 41.175 41.312 41.448 41.585 41.723 41.862 42.002 42.144 42.288 42.429 42.559 42.69 42.819 42.954 43.087 43.231 43.375 43.523 43.704 43.874 44.033 44.172 44.345 44.556 44.828 44.917 45.267 45.775 46.279 46.743 47.221 47.66 48.131 48.643 49.163 49.696 50.121 50.764 51.308 51.982 52.5 53.027 53.366 54.296 55.597 56.292 56.983 57.667 58.34 59 59.645 60.272 60.88
38.264 38.4 38.535 38.671 38.808 38.944 39.08 39.217 39.353 39.489 39.625 39.761 39.896 40.031 40.166 40.3 40.433 40.566 40.699 40.831 40.964 41.096 41.229 41.361 41.495 41.63 41.766 41.903 42.032 42.167 42.283 42.409 42.549 42.688 42.815 42.951 43.094 43.246 43.393 43.526 43.777 43.972 44.177 44.245 44.585 44.498 45.056 45.282 46.243 46.568 47.117 47.606 48.108 48.678 49.225 49.781 50.365 51.007 51.6 51.898 52.373 52.335 53.153 54.447 56.095 56.847 57.559 58.259 58.944 59.612 60.26 60.886
37.947 38.083 38.219 38.355 38.491 38.627 38.763 38.899 39.034 39.17 39.304 39.439 39.572 39.705 39.838 39.969 40.1 40.23 40.36 40.489 40.617 40.745 40.873 41 41.129 41.258 41.388 41.519 41.653 41.777 41.894 42.014 42.153 42.249 42.385 42.516 42.655 42.757 42.88 43.085 43.251 43.396 43.652 43.74 43.985 44.197 44.471 44.966 45.626 46.067 46.56 47.05 47.549 48.155 48.725 49.326 49.963 50.537 51.231 51.922 51.984 51.744 53.079 53.974 55.737 56.716 57.457 58.185 58.897 59.589 60.258 60.904
37.63 37.766 37.902 38.038 38.174 38.31 38.446 38.581 38.716 38.85 38.984 39.117 39.249 39.381 39.511 39.64 39.769 39.896 40.022 40.147 40.271 40.395 40.518 40.641 40.764 40.887 41.011 41.136 41.263 41.381 41.5 41.618 41.742 41.84 41.968 42.071 42.218 42.37 42.49 42.665 42.806 43.027 43.229 43.425 43.609 43.734 44.132 44.587 45.046 45.22 45.949 46.466 46.971 47.583 48.181 48.838 49.491 50.021 50.657 51.549 52.182 52.567 53.44 54.582 55.761 56.592 57.365 58.122 58.861 59.577 60.27 60.935
37.312 37.449 37.585 37.721 37.857 37.993 38.129 38.264 38.398 38.532 38.665 38.797 38.928 39.057 39.186 39.313 39.439 39.563 39.686 39.807 39.928 40.047 40.165 40.283 40.4 40.517 40.635 40.754 40.874 40.992 41.096 41.219 41.331 41.426 41.543 41.664 41.799 41.937 42.019 42.193 42.374 42.547 42.743 42.884 43.071 43.286 43.621 44.084 44.271 44.753 45.353 45.842 46.41 47.002 47.644 48.335 49.031 49.717 50.526 51.271 51.966 52.303 52.964 54.249 55.389 56.476 57.281 58.069 58.836 59.579 60.295 60.98
36.995 37.132 37.269 37.405 37.541 37.677 37.812 37.947 38.081 38.214 38.347 38.478 38.607 38.735 38.862 38.987 39.11 39.232 39.352 39.47 39.586 39.701 39.814 39.927 40.039 40.15 40.261 40.373 40.482 40.589 40.703 40.83 40.924 41.025 41.13 41.211 41.322 41.469 41.582 41.734 41.935 42.106 42.245 42.394 42.64 42.828 43.121 43.444 43.581 44.106 44.65 45.1 45.833 46.372 47.067 47.768 48.533 49.317 50.008 50.728 51.74 52.314 53.128 53.771 55.415 56.369 57.209 58.029 58.826 59.595 60.335 61.041
