raw_data/humedad_relativa/hora15/rh15dec.txt
ncols         501
nrows         361
xllcorner     109.95
yllcorner     -45.05
cellsize      0.1
NODATA_value  -9999
[rows 128 to 159 of 361, columns 288 to 359 of 501]
23.558 23.444 23.372 23.239 23.101 22.893 23.001 22.98 22.961 23.274 23.217 23.384 23.561 23.773 23.813 23.772 23.792 23.814 23.841 24.024 24.308 24.434 24.379 24.49 24.567 24.516 24.713 24.861 24.916 25.033 24.922 25.145 25.351 25.666 25.867 26.076 26.097 26.068 26.149 26.266 26.496 26.553 26.649 26.612 26.608 26.933 27.166 27.218 27.333 27.386 27.446 27.739 28.167 28.622 29.025 29.258 29.34 29.575 29.925 30.139 30.504 30.748 31.116 31.53 31.943 32.323 32.584 32.685 32.829 32.587 32.926 33.941
23.467 23.387 23.194 22.97 22.763 22.728 22.799 22.911 22.936 23.207 23.192 23.363 23.515 23.668 23.719 23.706 23.684 23.621 23.771 23.968 24.124 24.26 24.167 24.258 24.209 24.267 24.398 24.641 24.545 24.642 24.648 24.882 25.177 25.132 25.504 25.79 25.954 25.945 25.921 26.188 26.242 26.366 26.341 26.331 26.42 26.783 26.918 26.974 27.047 27.191 27.399 27.732 28.06 28.388 28.74 29.009 29.21 29.393 29.594 29.872 30.135 30.467 30.818 31.201 31.552 32.006 32.281 32.054 32.167 32.61 32.985 33.403
23.22 23.243 23.051 22.749 22.481 22.649 22.595 22.899 23.07 23.012 23.13 23.275 23.433 23.573 23.59 23.595 23.464 23.52 23.654 23.856 24.027 24.125 23.884 24.098 24.04 24.168 23.974 24.412 24.261 24.373 24.463 24.667 24.567 24.91 25.142 25.372 25.736 25.78 25.537 25.91 26.051 26.159 26.162 26.228 26.27 26.544 26.601 26.692 26.82 26.998 27.211 27.379 27.596 27.992 28.412 28.733 28.864 29.121 29.521 29.742 29.924 30.246 30.65 30.961 31.378 31.608 31.952 31.734 31.65 31.831 32.785 33.315
23.202 23.112 22.92 22.641 22.8 22.446 22.528 22.605 22.957 23.069 23.177 23.259 23.355 23.482 23.447 23.208 23.216 23.377 23.522 23.835 23.968 23.944 23.874 23.995 23.898 24.032 23.697 24.394 24.067 24.274 24.517 24.518 24.685 24.747 25.066 25.323 25.545 25.553 25.46 25.686 25.909 25.904 25.765 25.879 26.238 26.2 26.3 26.475 26.585 26.663 26.931 27.285 27.593 27.88 28.166 28.476 28.666 28.776 29.235 29.428 29.625 29.971 30.352 30.735 31.119 31.362 31.617 31.461 31.217 31.025 32.021 32.784
23.089 22.987 22.852 22.794 22.654 22.373 22.614 22.572 22.626 22.942 23.138 23.208 23.335 23.406 23.293 23.208 23.233 23.339 23.553 23.784 23.858 23.828 23.835 23.818 23.666 23.971 24.117 24.251 24.177 24.338 24.497 24.518 24.55 24.532 24.754 25.062 25.353 25.319 25.381 25.573 25.585 25.629 25.5 25.796 26.02 26.107 26.277 26.34 26.462 26.488 26.539 26.812 27.069 27.492 27.834 28.227 28.446 28.581 28.976 29.27 29.329 29.72 30.029 30.504 30.798 31.126 31.363 31.055 30.878 31.316 32.031 32.641
23.008 22.933 22.843 22.797 22.628 22.561 22.712 22.718 22.701 22.691 22.865 23.185 23.239 23.292 23.184 23.128 23.045 23.202 23.525 23.668 23.555 23.545 23.321 23.434 23.567 23.778 23.982 24.097 23.999 24.077 24.374 24.447 24.4 24.396 24.511 24.837 25.145 25.216 25.237 25.298 25.374 25.335 25.39 25.561 25.727 25.789 25.913 26.057 26.172 26.192 26.232 26.594 26.908 27.246 27.561 27.936 28.253 28.457 28.657 29.077 29.191 29.511 29.901 30.24 30.509 30.807 31.026 30.502 30.835 31.53 32.091 32.453
22.85 22.843 22.797 22.668 22.58 22.506 22.589 22.731 22.62 22.69 22.849 23.02 23.146 23.163 23.13 23.075 22.947 23.253 23.47 23.448 23.457 23.419 23.279 23.137 23.604 23.7 23.795 23.928 24.07 24.072 24.199 24.246 24.058 24.2 24.317 24.694 24.884 24.856 24.981 25.109 25.188 25.289 25.374 25.499 25.566 25.587 25.687 25.876 25.93 25.919 25.961 26.214 26.639 26.78 27.239 27.635 27.881 28.281 28.505 28.81 29.059 29.383 29.671 29.961 30.225 30.487 30.731 30.516 30.789 31.507 31.843 32.07
22.656 22.698 22.594 22.39 22.359 22.428 22.636 22.562 22.507 22.667 22.832 22.917 23.07 23.063 22.937 22.726 22.904 23.262 23.31 23.336 23.335 23.223 23.089 23.067 23.353 23.653 23.691 23.633 23.744 23.987 24.078 24.122 24.164 24.087 24.213 24.593 24.601 24.577 24.377 24.726 24.762 24.925 25.023 25.091 25.146 25.402 25.496 25.585 25.64 25.787 25.896 25.868 26.172 26.644 26.942 27.43 27.652 27.962 28.307 28.575 28.863 29.147 29.401 29.622 29.867 30.109 30.356 30.584 30.643 31.049 31.337 31.727
22.47 22.54 22.334 22.192 22.315 22.375 22.586 22.512 22.57 22.735 22.777 22.892 22.996 23.028 22.908 22.677 22.675 23.106 23.211 23.221 23.21 23.03 23.049 22.943 23.256 23.512 23.569 23.57 23.537 23.629 23.941 24.029 24.07 24.111 24.142 24.379 24.321 24.357 24.093 23.972 24.363 24.525 24.637 24.633 24.503 25.046 25.208 25.224 25.303 25.473 25.701 25.739 26.043 26.436 26.728 27.089 27.473 27.753 28.038 28.203 28.283 28.701 28.991 29.281 29.524 29.687 29.89 30.242 30.475 30.773 31.034 31.197
22.366 22.408 22.197 22.148 22.333 22.419 22.536 22.506 22.528 22.626 22.819 22.848 22.925 22.956 22.882 22.85 22.846 22.953 23.071 23.017 23.064 23.03 22.973 22.879 23.111 23.325 23.469 23.552 23.601 23.536 23.629 23.862 23.938 24.062 24.127 24.058 24.091 24.045 23.792 23.852 23.937 24.041 24.119 24.235 24.29 24.449 24.811 24.953 25.098 25.277 25.605 25.697 25.806 26.216 26.554 26.856 27.18 27.487 27.831 27.988 28.063 28.25 28.752 29.082 29.256 29.412 29.782 29.839 29.79 29.993 30.672 30.87
22.219 22.21 22.056 22.24 22.314 22.357 22.45 22.507 22.586 22.481 22.725 22.865 22.825 22.869 22.854 22.779 22.822 22.903 22.942 22.92 22.873 22.803 22.705 22.843 22.85 23.071 23.282 23.404 23.52 23.524 23.584 23.694 23.82 23.838 23.831 23.689 23.666 23.554 23.479 23.666 23.771 23.748 23.712 23.694 24.012 24.344 24.653 24.852 24.991 25.223 25.379 25.629 25.806 25.894 26.107 26.495 26.884 27.259 27.533 27.63 27.955 28.046 28.506 28.923 28.861 29.418 29.699 29.53 29.4 29.38 30.198 30.505
22.081 22.101 22.071 22.181 22.286 22.318 22.42 22.473 22.553 22.588 22.699 22.71 22.78 22.756 22.753 22.742 22.728 22.794 22.746 22.657 22.541 22.467 22.657 22.616 22.669 22.77 22.89 22.759 23.384 23.439 23.484 23.552 23.566 23.521 23.472 23.499 23.38 23.073 23.232 23.504 23.599 23.596 23.566 23.404 23.495 23.905 24.308 24.641 24.849 24.983 25.17 25.272 25.684 25.716 25.917 26.312 26.72 27.082 27.238 27.566 27.876 28.071 28.415 28.751 28.911 29.311 29.541 29.544 29.254 28.807 29.797 30.091
21.954 21.912 21.992 22.117 22.197 22.258 22.389 22.423 22.535 22.346 22.587 22.629 22.636 22.602 22.612 22.65 22.654 22.575 22.425 22.3 22.229 22.341 22.614 22.675 22.413 22.481 22.639 22.934 23.176 23.277 23.329 23.334 23.343 23.323 23.354 23.008 23.111 22.836 23.047 23.261 23.405 23.375 23.311 23.501 23.707 23.867 23.806 24.324 24.65 24.915 24.923 25.034 25.466 25.624 25.75 26.149 26.476 26.845 27.123 27.368 27.663 27.956 28.28 28.542 28.824 29.078 29.297 29.354 28.918 28.299 29.473 30.017
21.647 21.76 21.875 21.938 22.057 22.14 22.2 22.315 22.357 22.375 22.414 22.442 22.451 22.452 22.476 22.505 22.443 22.381 22.23 22.094 22.069 22.328 22.504 22.57 22.505 22.494 22.661 22.881 23.015 23.103 23.126 23.109 23.073 23.063 22.943 22.926 22.75 22.698 22.827 22.923 23.26 23.235 23.267 23.491 23.483 23.759 24.015 24.244 24.493 24.755 24.83 24.909 25.095 25.472 25.624 26.007 26.343 26.574 26.755 27.034 27.4 27.623 27.879 28.212 28.546 28.848 29.091 29.168 28.76 28.464 29.256 29.895
21.502 21.567 21.492 21.552 21.709 21.847 22.005 21.995 22.192 22.21 22.26 22.285 22.287 22.307 22.343 22.241 22.121 22.13 22.184 22.041 21.914 22.307 22.396 22.509 22.517 22.451 22.573 22.79 22.887 22.926 22.728 22.765 22.703 22.77 22.702 22.257 22.646 22.725 22.715 22.758 23.016 23.181 23.292 23.185 23.309 23.537 23.814 24.107 24.204 24.529 24.721 24.835 24.968 25.278 25.352 25.391 26.12 26.348 26.563 26.725 27.092 27.424 27.541 27.855 28.226 28.58 28.834 28.911 28.614 28.585 29.269 29.745
21.4 21.389 21.394 21.468 21.501 21.58 21.664 21.622 21.856 22.052 22.095 22.113 22.171 22.154 22.099 22.011 21.929 22.015 22.109 21.903 21.98 22.147 22.173 22.394 22.427 22.215 22.573 22.659 22.686 22.589 22.431 22.513 22.453 22.462 22.508 22.315 22.56 22.623 22.533 22.505 22.766 23.061 23.129 23.016 23.137 23.155 23.51 23.931 24.088 24.191 24.619 24.777 24.94 24.996 25.274 25.564 25.871 26.136 26.365 26.579 26.8 27.189 27.397 27.635 27.937 28.189 28.635 28.714 28.447 28.494 29.059 29.641
21.354 21.188 21.371 21.455 21.312 21.255 21.288 21.442 21.725 21.88 21.918 21.936 21.956 21.917 21.847 21.753 21.683 21.837 21.985 21.847 21.922 22.026 22.027 22.263 22.316 22.285 22.413 22.481 22.468 22.393 22.368 22.222 22.184 22.196 22.156 22.221 22.437 22.518 22.463 22.422 22.593 22.887 23.021 23.014 23.098 23.231 23.457 23.7 23.996 24.055 24.246 24.635 24.677 24.96 25.171 25.361 25.44 25.853 26.075 26.386 26.576 26.88 27.271 27.485 27.696 27.933 28.371 28.603 28.481 28.179 28.723 29.517
21.273 21.18 21.291 21.327 21.204 21.044 21.195 21.399 21.6 21.696 21.704 21.751 21.737 21.741 21.679 21.559 21.505 21.638 21.78 21.82 21.787 21.933 21.973 22.129 22.163 22.231 22.262 22.27 22.249 22.255 22.141 22.036 22.053 22.092 22.051 22.176 22.332 22.388 22.416 22.373 22.413 22.607 22.91 23.003 23.07 23.193 23.466 23.553 23.862 24.059 24.245 24.536 24.585 24.879 24.942 25.173 25.489 25.656 25.906 26.135 26.262 26.663 26.951 27.167 27.454 27.884 28.177 28.414 28.541 28.405 28.903 29.392
21.067 21.124 21.204 21.173 20.898 20.737 21.12 21.308 21.427 21.484 21.547 21.57 21.566 21.539 21.46 21.405 21.436 21.509 21.572 21.72 21.714 21.783 21.809 21.963 22.023 21.983 22.055 22.059 21.89 21.871 22.023 21.959 22.08 22.131 22.091 22.132 22.242 22.208 22.042 22.187 22.243 22.447 22.77 22.905 22.947 23.109 23.313 23.527 23.618 23.987 24.18 24.401 24.549 24.716 24.65 25.083 25.201 25.474 25.765 25.964 26.204 26.378 26.635 27.012 27.525 27.795 28.071 28.281 28.537 28.804 28.875 28.927
21.07 21.045 21.003 20.952 20.578 20.834 20.926 21.068 21.087 21.322 21.345 21.394 21.39 21.355 21.301 21.207 21.154 21.34 21.452 21.564 21.631 21.603 21.752 21.82 21.82 21.673 21.75 21.753 21.818 21.812 21.825 21.826 21.919 21.905 21.937 21.971 21.996 22.046 21.898 21.776 21.596 22.212 22.617 22.829 22.888 22.93 23.264 23.462 23.611 23.893 24.119 24.254 24.305 24.532 24.598 24.83 24.88 25.248 25.4 25.678 25.953 26.334 26.661 26.966 27.422 27.538 27.797 28.177 28.323 28.588 28.506 28.419
20.94 20.835 20.832 20.737 20.624 20.781 20.915 20.982 21.035 21.15 21.186 21.214 21.212 21.173 21.113 21.008 20.89 21.081 21.249 21.339 21.465 21.534 21.591 21.657 21.656 21.569 21.492 21.409 21.472 21.365 21.433 21.604 21.593 21.515 21.456 21.52 21.69 21.819 21.667 21.678 21.643 22.189 22.481 22.719 22.771 22.888 23.234 23.379 23.622 23.842 23.95 24.058 23.983 24.295 24.31 24.482 24.715 25.002 25.201 25.685 26.008 26.261 26.64 26.944 27.205 27.449 27.765 28.002 28.321 28.497 28.545 28.194
20.816 20.738 20.731 20.607 20.5 20.452 20.363 20.721 20.87 20.968 21.02 21.041 21.02 20.985 20.96 20.802 20.807 20.946 21.071 21.152 21.278 21.384 21.419 21.486 21.516 21.446 21.349 21.235 21.252 20.979 21.073 21.241 21.276 21.191 21.189 21.345 21.598 21.643 21.591 21.703 21.846 21.989 22.248 22.484 22.561 22.83 23.127 23.374 23.537 23.639 23.643 23.784 24.025 24.106 24.275 24.44 24.803 24.898 25.304 25.585 25.956 26.297 26.662 26.941 27.211 27.427 27.626 27.857 28.091 28.407 28.365 28.478
20.65 20.712 20.602 20.627 20.581 20.508 20.532 20.666 20.788 20.806 20.867 20.888 20.878 20.812 20.748 20.751 20.78 20.766 20.96 21.033 21.163 21.237 21.262 21.31 21.327 21.293 21.18 21.056 20.993 20.911 20.873 20.906 21.012 20.902 20.886 21.211 21.496 21.578 21.63 21.571 21.516 21.937 22.25 22.501 22.405 22.823 23.143 23.18 23.241 23.447 23.477 23.521 23.741 23.873 24.099 24.275 24.678 25.041 25.304 25.664 25.932 26.309 26.354 26.788 26.936 27.326 27.483 27.734 27.929 28.177 28.355 28.258
20.586 20.578 20.559 20.593 20.513 20.366 20.165 20.571 20.654 20.689 20.7 20.742 20.736 20.707 20.665 20.601 20.636 20.587 20.664 20.874 21.01 21.09 21.115 21.147 21.119 21.035 21.005 20.996 20.804 20.822 20.719 20.816 20.894 20.939 21.099 21.236 21.44 21.392 21.388 21.314 21.477 21.78 22.139 22.399 22.476 22.768 22.952 23.046 23.121 23.094 23.357 23.502 23.523 23.721 24.16 24.39 24.581 24.991 25.274 25.601 25.883 26.159 26.515 26.7 26.807 27.122 27.335 27.593 27.875 28.108 28.207 28.384
20.452 20.469 20.519 20.504 20.455 20.436 20.392 20.485 20.501 20.522 20.548 20.577 20.556 20.48 20.474 20.37 20.517 20.584 20.613 20.72 20.85 20.943 20.969 20.999 20.962 20.904 20.766 20.646 20.684 20.608 20.559 20.635 20.862 21.02 21.121 21.249 21.261 21.239 21.279 21.372 21.411 21.707 21.864 22.14 22.464 22.669 22.845 22.934 23.063 23.17 23.273 23.427 23.521 23.819 24.157 24.443 24.72 24.981 25.265 25.5 25.715 25.889 26.362 26.649 26.848 27.093 27.425 27.573 27.942 28.084 28.318 28.446
20.25 20.298 20.318 20.386 20.173 20.152 20.302 20.341 20.356 20.377 20.395 20.412 20.383 20.353 20.341 20.296 20.396 20.498 20.59 20.615 20.754 20.79 20.827 20.827 20.779 20.6 20.543 20.405 20.425 20.451 20.339 20.403 20.694 20.928 21.055 21.098 21.06 21.117 21.012 21.304 21.52 21.762 21.967 22.055 22.266 22.565 22.699 22.747 22.909 23.121 23.125 23.265 23.515 23.86 24.124 24.37 24.624 24.888 25.048 25.31 25.582 25.882 26.073 26.55 26.826 27.133 27.416 27.7 27.96 28.132 28.242 28.347
20.237 20.252 20.256 20.225 20.16 20.111 20.204 20.171 20.214 20.227 20.21 20.133 20.127 20.017 20.118 20.165 20.246 20.363 20.456 20.51 20.597 20.641 20.67 20.629 20.593 20.57 20.361 20.388 20.377 20.436 20.324 20.435 20.515 20.864 20.891 20.886 20.955 21.008 21.048 21.097 21.164 21.49 21.69 21.972 22.309 22.431 22.381 22.69 22.776 22.924 23.062 23.253 23.5 23.816 24.004 24.17 24.341 24.697 24.961 25.089 25.4 25.739 25.956 26.444 26.664 26.86 27.317 27.609 27.912 28.108 28.294 28.445
20.134 20.136 20.108 20.08 20.027 20.061 20.046 20.051 20.064 20.006 19.849 19.953 19.892 19.862 19.951 19.883 19.946 20.18 20.315 20.417 20.452 20.485 20.433 20.397 20.348 20.343 20.285 20.312 20.327 20.31 20.394 20.544 20.672 20.572 20.674 20.691 20.773 20.776 20.812 21.041 21.272 21.431 21.666 21.79 22.211 22.14 22.101 22.406 22.614 22.699 22.96 23.225 23.439 23.746 23.82 24.005 24.249 24.464 24.701 24.934 25.215 25.501 25.794 26.323 26.654 26.746 27.151 27.484 27.798 28.054 28.338 28.421
20.008 19.977 19.963 19.96 19.943 19.93 19.874 19.914 19.922 19.759 19.867 19.913 19.789 19.837 19.772 19.81 19.808 20.014 20.222 20.263 20.3 20.244 20.122 20.03 20.027 20.07 20.127 20.067 20.294 20.365 20.424 20.457 20.325 20.261 20.314 20.462 20.565 20.616 20.763 21.001 21.256 21.43 21.575 21.852 22.024 21.839 21.981 21.964 22.211 22.574 22.928 23.228 23.436 23.638 23.686 23.934 23.992 24.368 24.591 24.74 24.928 25.296 25.682 26.089 26.519 26.739 26.941 27.355 27.623 28 28.306 28.654
19.803 19.821 19.831 19.82 19.805 19.777 19.709 19.763 19.786 19.715 19.828 19.838 19.763 19.771 19.759 19.778 19.76 19.927 20.095 20.128 20.116 20.029 19.962 19.884 19.904 20.013 20.008 20.084 20.248 20.195 20.21 20.152 20.032 19.991 20.041 20.312 20.52 20.489 20.729 20.987 21.188 21.413 21.633 21.816 21.803 21.892 21.615 21.918 21.904 22.398 22.73 23.164 23.287 23.447 23.234 23.768 23.849 24.082 23.383 23.334 24.725 25.116 25.575 25.856 26.294 26.67 26.943 27.262 27.403 27.75 28.065 28.564
19.718 19.712 19.709 19.694 19.672 19.668 19.652 19.655 19.655 19.686 19.715 19.713 19.764 19.749 19.7 19.741 19.765 19.847 19.958 19.927 19.91 19.883 19.865 19.839 19.861 19.828 19.981 20.064 20.07 19.96 19.926 19.918 19.722 19.613 19.978 20.21 20.471 20.568 20.594 20.803 21.042 21.302 21.536 21.654 21.694 21.526 21.514 21.634 21.691 22.311 22.717 23.076 22.914 22.737 22.285 23.217 23.475 23.77 23.49 23.678 24.176 24.821 25.305 25.655 25.956 26.526 26.788 27.128 27.32 27.572 27.56 28.285
19.596 19.597 19.504 19.541 19.505 19.453 19.522 19.514 19.515 19.5 19.473 19.569 19.622 19.681 19.686 19.68 19.72 19.773 19.82 19.786 19.74 19.782 19.738 19.678 19.647 19.799 19.932 19.946 19.803 19.885 19.819 19.823 19.62 19.545 19.976 20.216 20.434 20.35 20.531 20.776 20.925 21.188 21.455 21.585 21.576 21.514 21.765 21.796 21.938 22.424 22.775 22.929 22.87 22.779 22.159 22.504 22.933 23.505 23.094 23.436 23.938 24.232 25.103 25.179 25.853 26.307 26.487 26.953 27.224 27.184 27.631 27.64
