raw_data/humedad_relativa/hora15/rh15feb.txt
ncols         501
nrows         361
xllcorner     109.95
yllcorner     -45.05
cellsize      0.1
NODATA_value  -9999
[rows 128 to 159 of 361, columns 216 to 287 of 501]
28.622 28.697 28.672 28.627 28.548 28.532 28.496 28.579 28.086 28.293 25.873 28.514 28.469 28.647 28.729 28.69 28.823 28.858 28.652 29.02 29.074 29.111 29.076 28.664 27.908 28.631 29.089 28.963 28.957 28.845 28.738 29.046 29.377 29.662 29.812 29.902 30.006 30.108 30.199 30.324 30.416 30.52 30.611 30.701 30.807 30.919 31.024 31.127 31.178 31.255 31.367 31.422 31.363 31.485 31.633 31.763 31.954 32.096 32.161 32.275 32.36 32.505 32.499 32.676 32.931 33.12 33.259 33.373 33.481 33.463 33.477 33.501
28.483 28.418 28.353 28.3 28.215 28.116 28.108 28.29 28.282 28.218 26.907 28.093 28.163 28.202 28.259 28.426 28.425 28.398 28.022 28.241 28.782 28.83 28.901 28.83 28.145 28.662 28.759 28.586 28.622 28.56 28.386 29.01 29.299 29.422 29.486 29.593 29.695 29.837 29.941 30.03 30.092 30.195 30.316 30.433 30.521 30.612 30.668 30.737 30.731 30.834 30.982 31.042 31.138 31.34 31.524 31.622 31.77 31.907 31.983 32.075 32.195 32.318 32.293 32.321 32.452 32.693 32.874 33.015 33.17 33.236 33.287 33.295
28.126 28.001 27.927 27.967 27.893 27.613 27.801 27.883 27.861 27.941 27.144 25.943 27.747 27.803 27.877 27.878 27.586 27.663 27.987 28.426 28.345 28.452 28.568 28.583 28.593 27.734 27.924 28.393 28.497 28.747 28.702 28.895 29.038 29.023 29.038 29.117 29.294 29.53 29.621 29.711 29.792 29.882 29.986 30.132 30.166 30.085 30.271 30.27 30.454 30.7 30.814 30.995 31.068 31.189 31.381 31.467 31.534 31.643 31.771 31.923 31.969 32.113 32.136 32.228 32.3 32.41 32.497 32.65 32.87 32.983 33.012 33.061
27.76 27.743 27.558 27.607 27.559 27.459 27.349 26.964 27.578 27.622 27.578 27.44 27.31 27.452 27.382 27.616 27.916 28.07 28.11 28.078 28.049 28.123 28.245 28.325 28.36 28.386 28.217 28.286 28.442 28.556 28.535 28.699 28.767 28.516 28.839 28.89 29.024 29.251 29.245 29.303 29.457 29.605 29.72 29.807 29.798 29.852 30.029 30.229 30.354 30.584 30.699 30.862 30.943 31.073 31.172 31.26 31.378 31.441 31.504 31.686 31.782 31.867 31.967 32.082 32.16 32.257 32.253 32.343 32.55 32.62 32.782 32.811
27.207 27.389 27.188 27.252 27.007 26.976 26.941 27.134 26.957 26.938 27.327 26.431 27.03 26.945 27.372 27.517 27.711 27.701 27.8 27.747 27.487 27.696 27.978 28.034 27.732 28.024 27.947 27.687 27.883 28.282 28.357 28.371 28.479 28.398 28.5 28.726 28.826 28.924 28.588 28.529 29.125 29.32 29.424 29.445 29.547 29.765 29.876 30.054 30.2 30.349 30.477 30.571 30.696 30.781 30.946 31.031 31.163 31.275 31.337 31.364 31.497 31.661 31.786 31.871 31.889 32.066 32.054 32.089 32.147 32.173 32.261 32.625
26.906 26.948 27.021 27.144 27.014 26.515 26.305 26.43 26.439 27.047 27.022 26.913 23.719 26.566 26.276 27.183 27.373 27.419 27.458 27.524 27.711 27.732 27.789 27.774 27.718 27.769 27.702 27.512 27.554 28.026 27.608 27.922 28.141 28.089 28.201 28.307 28.251 28.536 28.412 28.482 28.819 29.004 29.056 29.161 29.297 29.334 29.409 29.698 29.855 29.938 30.156 30.255 30.323 30.484 30.61 30.799 30.918 31.037 31.15 31.196 31.315 31.462 31.561 31.645 31.688 31.828 31.882 31.89 31.963 31.858 31.875 32.308
27.091 27.045 27.152 27.123 27.102 27.046 27.005 26.857 26.335 26.597 26.675 26.546 26.541 26.287 25.955 26.871 27.023 27.13 27.181 27.301 27.426 27.465 27.476 27.485 27.465 27.451 27.442 27.475 27.624 27.749 27.732 27.595 27.813 27.893 28.06 28.04 28.241 28.227 27.852 28.037 28.287 28.444 28.598 28.779 28.909 29.031 29.201 29.272 29.466 29.564 29.706 29.773 29.98 30.233 30.38 30.546 30.635 30.71 30.844 30.962 31.017 31.108 31.22 31.232 31.283 31.459 31.593 31.738 31.763 31.748 31.646 31.974
27.219 27.223 27.185 26.999 27.085 27.007 27.039 27.058 27.051 26.976 26.751 26.582 26.007 25.629 25.142 26.136 26.7 26.647 26.958 27.073 27.179 27.181 27.21 27.206 27.162 27.064 27.001 27.123 27.182 27.423 27.433 26.873 27.556 27.648 27.582 27.673 27.947 27.869 26.816 27.633 27.967 27.515 27.779 28.354 28.623 28.824 28.977 29.142 29.269 29.336 29.397 29.483 29.742 29.857 29.936 30.166 30.303 30.407 30.4 30.502 30.605 30.673 30.857 30.877 31.035 31.229 31.368 31.495 31.606 31.653 31.642 31.723
27.141 27.013 27.237 27.068 27.056 27.073 27.08 27.069 27.077 26.96 26.838 26.732 26.554 26.251 26.303 25.781 26.2 25.232 26.609 26.666 26.863 26.9 26.928 26.9 26.861 26.708 26.621 26.994 27.09 27.16 27.094 27.168 27.306 27.277 27.455 27.36 27.63 27.502 27.576 27.746 27.541 27.332 27.763 28.264 28.385 28.517 28.543 28.747 29.063 29.18 29.285 29.402 29.386 29.379 29.719 29.899 29.991 29.984 29.914 30.088 30.078 30.285 30.49 30.62 30.772 30.847 31.001 31.17 31.33 31.456 31.457 31.486
27.113 27.156 27.173 27.046 27.018 27.042 27.053 27.042 27.048 26.942 26.855 26.724 26.805 26.649 26.549 26.475 26.337 26.086 26.284 26.41 26.563 26.626 26.602 26.528 26.479 26.479 26.543 26.778 26.531 26.836 26.69 26.842 26.993 26.289 27.072 27.228 27.227 27.235 27.371 27.538 27.582 27.282 27.535 27.6 27.44 28.239 28.307 28.516 28.636 28.858 29.097 29.18 28.823 29.063 29.325 29.538 29.537 29.43 29.569 29.718 29.712 29.828 29.953 29.862 29.854 30.623 30.783 30.883 31.026 31.193 31.26 31.314
27.064 27.075 27.054 26.991 26.784 26.492 26.372 26.798 26.674 26.552 26.82 26.212 26.659 26.02 26.602 26.487 26.374 26.005 25.46 25.805 26.282 26.349 26.204 26.247 26.191 26.296 26.443 26.381 25.997 26.504 26.393 26.237 26.68 26.909 27.051 26.915 27.131 27.078 27.244 27.503 27.656 27.657 27.811 27.722 27.381 28.059 28.247 28.307 28.54 28.527 28.9 28.989 28.631 28.911 29.109 29.2 29.278 29.402 29.49 29.61 29.684 29.695 29.75 29.697 29.892 30.316 30.436 30.446 30.682 30.873 30.941 31.158
26.979 26.972 26.84 26.835 26.766 26.83 26.79 26.822 26.796 26.803 26.332 26.719 26.667 26.507 26.232 26.426 26.368 26.062 26.041 26.034 26.043 26.055 25.929 25.889 25.818 26.045 26.087 26.067 26.157 26.192 26.1 26.233 26.546 26.68 26.767 26.849 26.872 27.084 27.176 27.337 27.403 27.442 27.66 27.753 27.892 27.956 28.107 28.251 28.395 28.536 28.662 28.791 28.696 28.687 28.71 28.751 28.852 29.062 29.242 29.464 29.503 29.613 29.414 29.372 29.775 29.858 29.916 30.303 30.438 30.496 30.543 30.873
26.816 26.771 26.704 26.595 26.526 26.53 26.526 26.563 26.602 26.653 26.615 26.574 26.534 26.483 26.431 26.324 26.263 26.158 26.054 26.005 25.86 25.7 24.916 25.146 25.132 25.445 25.638 25.743 25.711 25.823 26.076 26.211 26.183 26.177 24.603 24.21 24.799 25.265 26.848 27.091 26.746 27.389 27.485 27.468 27.645 27.778 27.915 28.037 28.153 28.295 28.43 28.562 28.697 28.622 28.703 28.625 28.821 28.914 29.015 29.24 29.397 29.427 29.502 29.419 29.23 29.558 29.845 29.998 30.1 30.095 30.313 30.533
26.551 26.641 26.587 26.374 26.379 26.301 26.29 26.337 26.39 26.409 26.44 26.401 26.339 26.265 26.229 26.15 26.083 26.004 25.891 25.772 25.649 25.077 24.997 22.62 24.933 25.087 24.783 25.093 24.772 25.269 24.16 22.684 23.655 21.505 23.912 25.874 24.369 25.731 26.196 26.849 26.85 26.884 27.318 27.379 27.324 27.408 27.711 27.844 27.938 28.06 28.193 28.332 28.472 28.592 28.547 28.561 28.715 28.792 28.857 29.069 29.227 29.308 29.254 29.343 29.255 29.318 29.433 29.725 29.811 30.08 30.21 30.321
26.272 26.123 26.193 26.083 26.152 26.06 26.069 26.048 26.129 26.152 26.237 25.656 26.16 26.026 26.019 25.988 25.892 25.806 25.719 25.598 25.488 25.286 24.982 24.441 24.463 24.157 24.968 24.616 23.641 23.605 24.188 24.644 25.104 24.388 24.869 24.055 23.246 25.488 26.43 26.754 26.976 26.958 27.124 27.002 27.486 27.491 27.558 27.663 27.752 27.902 27.995 28.126 28.263 28.371 28.46 28.453 28.603 28.698 28.754 28.779 28.916 29.168 28.995 29.189 29.185 29.251 29.336 29.462 29.514 29.781 30.025 29.996
25.685 25.431 25.438 25.199 25.93 25.795 25.809 25.782 25.771 25.836 24.264 23.805 25.942 25.802 25.723 25.836 25.692 25.613 25.525 25.434 25.336 25.173 24.989 24.607 24.354 24.086 24.262 24.523 24.9 24.722 25.18 24.951 25.239 25.306 25.462 25.876 25.903 25.317 24.44 26.304 26.733 26.9 27.063 27.07 27.128 27.352 27.497 27.471 27.554 27.758 27.863 27.961 28.077 28.186 28.296 28.384 28.471 28.531 28.602 28.613 28.741 28.969 28.983 28.973 29.077 29.058 29.07 29.263 29.473 29.603 29.815 29.985
25.373 25.066 24.716 22.684 25.235 25.433 25.356 25.133 19.316 25.335 25.435 24.784 25.137 25.496 25.464 25.661 25.474 25.398 25.328 25.121 25.161 25.035 24.891 24.768 24.732 24.513 24.011 23.703 24.169 23.02 25.011 24.836 24.812 24.896 25.717 25.95 26.153 24.738 26.203 26.367 26.572 26.705 26.835 26.943 27.099 27.175 27.287 27.339 27.422 27.605 27.677 27.799 27.908 28.007 28.122 28.225 28.314 28.4 28.465 28.56 28.687 28.797 28.872 28.855 28.942 28.894 28.923 29.177 29.364 29.501 29.683 29.83
25.076 24.993 25.027 25.233 25.195 25.109 25.065 24.822 24.726 24.139 24.232 24.371 25.009 25.122 24.985 23.395 25.048 25.081 25.014 24.988 24.683 24.86 24.691 24.662 24.555 24.412 24.577 25.039 25.312 25.399 24.752 23.858 25.249 25.079 24.909 25.478 26.042 25.854 25.998 26.435 26.53 26.619 26.712 26.757 26.835 26.942 27.03 26.796 27.226 27.467 27.55 27.622 27.744 27.838 27.94 28.042 28.144 28.228 28.323 28.408 28.526 28.607 28.706 28.727 28.793 28.813 28.848 28.991 29.171 29.346 29.5 29.536
24.552 24.529 24.414 24.456 21.315 24.331 24.461 24.463 24.729 24.916 23.86 24.693 24.171 23.11 23.35 24.374 24.312 23.651 23.686 23.17 23.919 24.228 23.911 25.012 23.96 24.489 24.809 24.511 25.159 25.336 25.121 23.946 25.463 25.173 25.847 24.282 23.985 26.159 26.276 26.453 26.493 26.577 26.682 26.791 26.746 26.824 26.988 26.928 27.168 27.294 27.405 27.478 27.566 27.676 27.753 27.87 27.964 28.051 28.169 28.246 28.328 28.342 28.482 28.596 28.627 28.701 28.717 28.811 28.998 29.174 29.31 29.462
24.843 24.642 24.575 24.389 24.116 24.152 23.829 24.17 23.995 23.845 24.836 25.016 23.919 24.184 23.738 24.366 23.795 24.189 20.926 22.832 24.364 25 23.496 24.847 25.42 24.785 23.807 25.496 25.217 26.056 25.153 25.624 25.876 25.643 25.568 25.69 25.977 24.767 26.051 26.357 26.427 26.469 26.546 26.55 26.711 26.666 26.805 26.837 26.95 27.104 27.303 27.368 27.453 27.519 27.621 27.693 27.788 27.887 27.973 28.053 28.151 28.243 28.351 28.424 28.496 28.566 28.694 28.738 28.882 29.044 29.161 29.295
24.45 24.379 23.909 24.283 24.184 23.988 24.24 24.307 24.751 24.777 24.983 24.86 24.392 24.603 24.86 24.181 23.567 24.296 24.957 24.984 24.226 25.317 25.492 25.603 25.677 25.753 25.827 25.949 25.963 26.057 26.097 26.057 25.553 25.606 25.368 25.457 25.672 25.396 25.719 25.552 25.79 25.939 26.427 26.522 26.579 26.668 26.666 26.842 26.864 27.09 27.17 27.249 27.315 27.376 27.425 27.543 27.64 27.728 27.802 27.898 27.991 28.062 28.166 28.238 28.305 28.377 28.502 28.618 28.74 28.948 29.011 29.08
24.038 24.452 24.506 23.983 23.889 24.123 23.801 24.294 24.348 24.617 24.94 25.197 24.987 25.088 24.92 24.662 24.588 24.909 25.023 24.877 24.936 25.106 25.285 25.435 25.589 25.356 24.998 25.1 25.232 25.371 25.366 25.856 25.885 25.163 25.621 25.894 25.178 26.125 25.902 26.276 26.003 26.354 26.37 26.445 26.468 26.586 26.675 26.778 26.777 26.962 27.029 27.094 27.161 27.217 27.306 27.41 27.498 27.586 27.637 27.719 27.826 27.905 27.989 28.079 28.158 28.245 28.348 28.456 28.584 28.693 28.84 28.912
24.403 24.223 24.324 24.857 24.572 24.208 24.45 23.736 23.851 24.257 22.627 22.754 25.154 25.118 24.594 24.34 24.652 24.837 25.134 24.831 24.562 24.801 24.73 25.048 24.757 25.194 25.289 25.059 25.031 25.08 24.157 25.941 25.538 25.825 25.194 25.867 25.573 25.28 26.144 25.583 26.238 26.301 26.323 26.395 26.395 26.437 26.525 26.637 26.735 26.847 26.943 26.936 27.019 27.081 27.15 27.242 27.33 27.43 27.5 27.551 27.661 27.745 27.815 27.895 27.979 28.069 28.183 28.273 28.402 28.516 28.604 28.704
24.247 24.491 24.315 24.612 24.927 24.532 24.864 23.987 23.866 23.966 24.252 24.837 25.213 24.997 24.328 24.523 24.892 24.746 25.005 25.041 24.763 24.991 24.87 24.987 24.515 25.335 25.529 25.424 25.601 25.207 25.686 26.019 25.944 26.059 25.871 25.788 25.846 25.974 25.889 26.047 26.114 26.173 26.262 26.294 26.318 26.334 26.394 26.506 26.607 26.729 26.835 26.829 26.879 26.965 27.008 27.077 27.157 27.257 27.345 27.386 27.47 27.57 27.674 27.742 27.827 27.903 27.999 28.089 28.198 28.295 28.377 28.476
24.776 24.512 24.678 25.023 25.106 24.806 24.323 24.992 24.73 24.296 24.753 24.821 24.917 25.373 24.809 23.692 24.744 25.046 25.21 24.879 24.863 25.08 25.126 24.734 25.027 25.32 25.552 25.578 25.579 25.554 25.776 25.839 25.77 25.951 26.009 25.87 26.086 26.134 26.039 26.025 25.937 26.106 26.163 26.196 26.229 26.247 26.271 26.358 26.482 26.578 26.701 26.664 26.778 26.805 26.866 26.944 27.014 27.098 27.173 27.234 27.309 27.404 27.491 27.591 27.674 27.733 27.823 27.906 28.014 28.146 28.212 28.282
24.29 23.707 24.354 24.663 24.847 25.164 24.739 25.016 24.67 24.805 24.989 25.141 25.071 25.399 25.097 24.764 24.773 25.071 25.217 24.451 25.228 25.23 25.034 24.727 25.059 24.63 25.468 25.398 25.563 25.674 25.621 25.842 25.752 25.874 25.919 25.866 25.877 25.935 26.045 26.039 25.963 26.043 26.053 26.091 26.135 26.161 26.152 26.209 26.281 26.399 26.537 26.463 26.586 26.697 26.764 26.814 26.844 26.93 27.023 27.085 27.151 27.224 27.307 27.404 27.493 27.562 27.636 27.72 27.813 27.887 27.992 28.137
24.854 24.743 24.683 24.402 24.358 24.907 25.09 25.167 25.216 25.134 25.044 25.021 25.293 25.388 25.46 25.285 25.279 25.301 25.116 25.195 25.23 25.311 25.249 24.585 25.081 25.002 25.2 25.284 25.439 25.393 25.494 25.738 25.721 25.515 25.634 25.791 25.86 25.873 25.946 25.946 25.915 25.907 25.916 25.951 26.021 26.063 26.048 26.095 26.137 26.246 26.385 26.375 26.496 26.604 26.634 26.684 26.716 26.772 26.844 26.924 26.995 27.048 27.116 27.216 27.304 27.389 27.462 27.556 27.644 27.724 27.787 27.873
24.974 24.878 24.849 24.686 24.601 24.543 24.533 24.611 24.993 25.237 24.585 25.323 25.11 25.141 25.304 25.383 25.395 25.375 25.238 25.022 24.869 25.066 25.29 25.293 25.275 25.178 24.994 25.157 24.915 25.193 25.348 25.521 25.643 25.685 25.652 25.792 25.73 25.778 25.796 25.839 25.847 25.843 25.66 25.827 25.912 25.962 25.978 26.003 26.032 26.052 26.191 26.229 26.363 26.458 26.51 26.53 26.589 26.649 26.693 26.776 26.848 26.854 26.948 27.113 27.176 27.228 27.326 27.401 27.464 27.551 27.663 27.717
25.126 25.039 25.016 24.883 24.79 24.757 24.714 24.113 24.915 24.834 24.942 25.132 25.23 25.192 25.057 25.141 25.083 25.307 25.303 25.086 24.814 24.851 25.076 25.251 25.191 25.23 25.153 24.895 24.657 25.151 24.952 25.391 25.569 25.718 25.601 25.632 25.656 25.587 25.645 25.728 25.762 25.748 25.548 25.757 25.802 25.838 25.889 25.893 25.929 25.925 26.024 26.102 26.196 26.27 26.375 26.408 26.458 26.523 26.564 26.631 26.692 26.729 26.828 26.935 27.032 27.035 27.053 27.168 27.299 27.371 27.473 27.544
25.291 25.209 25.143 24.99 24.787 24.771 24.811 24.931 25.063 24.655 24.528 24.68 24.624 25.111 25.141 25.169 25.136 25.213 25.279 25.126 24.931 24.754 24.787 25.068 25.19 24.909 25.108 24.844 24.921 25.242 24.993 24.881 25.447 25.482 25.318 25.216 25.116 25.461 25.681 25.653 25.643 25.655 25.623 25.677 25.732 25.723 25.754 25.779 25.806 25.777 25.896 25.996 26.051 26.085 26.117 26.259 26.334 26.391 26.427 26.471 26.557 26.607 26.669 26.744 26.82 26.924 26.927 26.956 27.13 27.194 27.272 27.299
25.419 25.258 25.117 25.09 25.04 24.914 24.885 24.851 24.696 24.747 24.326 24.507 24.585 24.766 24.963 24.943 25.151 25.16 25.168 25.139 25.062 24.968 24.794 24.795 24.757 25.033 25.086 24.644 25.009 25.221 25.422 25.433 25.409 25.315 25.124 25.179 25.253 25.382 25.589 25.591 25.567 25.555 25.578 25.603 25.664 25.609 25.617 25.659 25.696 25.644 25.777 25.833 25.859 25.907 25.939 25.976 26.114 26.224 26.294 26.357 26.414 26.471 26.531 26.587 26.639 26.708 26.825 26.867 26.947 27.021 27.1 27.118
25.474 25.26 25.162 24.917 24.878 24.719 24.704 24.442 24.027 24.431 24.454 24.554 24.541 24.532 24.616 24.674 24.986 24.968 24.98 25.059 25.08 24.996 24.524 24.829 24.864 24.887 24.879 24.592 25.022 25.23 25.212 25.13 25.036 24.907 24.947 25.105 25.21 25.319 25.466 25.507 25.487 25.193 25.406 25.459 25.543 25.551 25.523 25.543 25.584 25.566 25.645 25.684 25.75 25.769 25.844 25.931 26.012 26.076 26.139 26.22 26.27 26.32 26.407 26.466 26.509 26.515 26.616 26.737 26.814 26.883 26.923 26.887
