raw_data/humedad_relativa/hora15/rh15apr.txt
ncols         501
nrows         361
xllcorner     109.95
yllcorner     -45.05
cellsize      0.1
NODATA_value  -9999
[rows 96 to 127 of 361, columns 360 to 431 of 501]
61.06 61.767 62.633 63.311 63.946 64.183 65.104 65.625 66.109 66.557 66.971 67.355 67.712 68.047 68.363 68.663 68.949 69.225 69.491 69.75 70.002 70.25 70.494 70.734 70.972 71.209 71.444 71.678 71.911 72.145 72.377 72.61 72.843 73.076 73.309 73.542 73.775 74.008 74.241 74.474 74.707 74.939 75.171 75.402 75.633 75.863 76.093 76.321 76.549 76.775 77 77.224 77.447 77.669 77.889 78.108 78.325 78.541 78.755 78.968 79.18 79.39 79.598 79.806 80.011 80.215 80.418 80.62 80.82 81.018 81.216 81.412
60.334 61.095 61.843 62.595 63.235 63.831 64.345 64.941 65.432 65.887 66.307 66.696 67.059 67.4 67.723 68.031 68.326 68.61 68.886 69.155 69.418 69.676 69.931 70.182 70.431 70.679 70.925 71.17 71.414 71.658 71.901 72.145 72.388 72.631 72.874 73.117 73.359 73.602 73.844 74.086 74.328 74.569 74.809 75.049 75.288 75.525 75.762 75.998 76.233 76.466 76.698 76.928 77.158 77.385 77.611 77.835 78.058 78.279 78.499 78.717 78.933 79.147 79.36 79.572 79.781 79.989 80.196 80.401 80.605 80.807 81.007 81.207
59.39 59.975 61.123 61.889 62.535 63.149 63.727 64.267 64.766 65.225 65.647 66.039 66.405 66.75 67.078 67.393 67.695 67.988 68.273 68.552 68.825 69.094 69.359 69.621 69.882 70.14 70.397 70.653 70.909 71.163 71.418 71.672 71.925 72.179 72.432 72.685 72.938 73.19 73.442 73.693 73.944 74.194 74.443 74.691 74.938 75.184 75.429 75.672 75.914 76.154 76.393 76.63 76.865 77.099 77.331 77.561 77.789 78.016 78.24 78.463 78.684 78.903 79.12 79.336 79.55 79.762 79.972 80.181 80.388 80.593 80.798 81
56.922 58.271 60.047 61.19 61.843 62.466 63.055 63.605 64.11 64.57 64.991 65.382 65.748 66.096 66.428 66.748 67.058 67.359 67.653 67.941 68.224 68.503 68.779 69.053 69.324 69.594 69.862 70.129 70.396 70.662 70.927 71.192 71.456 71.721 71.984 72.248 72.511 72.773 73.035 73.295 73.555 73.815 74.073 74.329 74.585 74.839 75.092 75.343 75.592 75.839 76.085 76.329 76.571 76.811 77.049 77.285 77.519 77.75 77.98 78.208 78.434 78.657 78.879 79.099 79.317 79.533 79.747 79.959 80.17 80.379 80.586 80.792
57.075 57.105 57.323 60.049 61.155 61.788 62.391 62.953 63.463 63.92 64.335 64.721 65.086 65.435 65.771 66.096 66.413 66.722 67.025 67.322 67.616 67.905 68.192 68.476 68.759 69.039 69.319 69.598 69.876 70.153 70.43 70.706 70.981 71.257 71.531 71.805 72.078 72.351 72.623 72.893 73.163 73.431 73.699 73.964 74.228 74.491 74.752 75.011 75.268 75.522 75.775 76.026 76.275 76.521 76.765 77.007 77.246 77.483 77.718 77.951 78.182 78.41 78.636 78.86 79.082 79.302 79.52 79.736 79.951 80.163 80.374 80.583
55.821 55.935 58.197 58.014 59.292 61.108 61.728 62.31 62.827 63.272 63.674 64.052 64.415 64.765 65.105 65.436 65.76 66.077 66.389 66.696 66.999 67.299 67.597 67.892 68.186 68.478 68.769 69.06 69.349 69.638 69.926 70.214 70.501 70.787 71.073 71.358 71.642 71.925 72.207 72.487 72.767 73.045 73.321 73.596 73.869 74.14 74.409 74.676 74.941 75.203 75.463 75.721 75.976 76.229 76.479 76.727 76.972 77.215 77.455 77.693 77.929 78.162 78.392 78.621 78.847 79.071 79.292 79.512 79.73 79.946 80.16 80.373
55.702 55.997 56.945 57.225 57.839 60.371 60.847 61.646 62.195 62.607 62.994 63.368 63.731 64.084 64.429 64.767 65.098 65.424 65.745 66.061 66.375 66.686 66.994 67.301 67.606 67.91 68.213 68.515 68.817 69.117 69.417 69.716 70.015 70.313 70.609 70.905 71.2 71.494 71.787 72.078 72.367 72.655 72.941 73.225 73.507 73.787 74.065 74.34 74.612 74.882 75.15 75.415 75.677 75.936 76.193 76.446 76.697 76.946 77.191 77.434 77.674 77.912 78.147 78.38 78.61 78.838 79.064 79.287 79.509 79.728 79.945 80.161
55.511 56.256 56.837 57.173 56.945 57.732 60.253 60.872 61.456 61.893 62.267 62.663 63.031 63.391 63.733 64.088 64.428 64.762 65.093 65.42 65.744 66.065 66.385 66.703 67.02 67.336 67.651 67.965 68.278 68.591 68.903 69.214 69.524 69.833 70.142 70.449 70.755 71.06 71.363 71.665 71.965 72.262 72.558 72.852 73.143 73.432 73.718 74.001 74.282 74.56 74.835 75.107 75.376 75.642 75.905 76.164 76.421 76.675 76.926 77.174 77.419 77.661 77.901 78.138 78.372 78.604 78.834 79.061 79.286 79.509 79.73 79.949
54.94 55.568 55.986 55.715 56.7 57.367 58.557 60.109 59.763 60.661 61.501 61.912 62.316 62.685 63.046 63.4 63.749 64.093 64.433 64.771 65.105 65.438 65.769 66.099 66.428 66.756 67.083 67.409 67.735 68.059 68.383 68.707 69.029 69.35 69.67 69.989 70.307 70.622 70.937 71.249 71.559 71.867 72.173 72.476 72.777 73.075 73.37 73.662 73.951 74.236 74.519 74.798 75.074 75.347 75.616 75.882 76.144 76.404 76.66 76.913 77.163 77.41 77.654 77.896 78.134 78.37 78.603 78.834 79.063 79.289 79.513 79.735
54.235 54.619 55.293 56.132 56.241 57.033 58.048 59.122 59.806 58.58 60.504 61.191 61.582 61.962 62.327 62.704 63.062 63.417 63.767 64.115 64.461 64.805 65.148 65.489 65.83 66.17 66.509 66.848 67.186 67.523 67.86 68.195 68.53 68.863 69.195 69.526 69.855 70.182 70.507 70.831 71.152 71.47 71.786 72.099 72.409 72.716 73.02 73.321 73.618 73.912 74.202 74.488 74.771 75.051 75.326 75.598 75.867 76.132 76.394 76.652 76.907 77.158 77.407 77.653 77.895 78.135 78.372 78.607 78.839 79.068 79.296 79.521
53.518 54.13 54.811 55.568 55.918 55.948 56.4 57.361 58.884 59.487 59.871 60.419 60.823 61.219 61.615 61.993 62.369 62.734 63.095 63.453 63.81 64.166 64.52 64.874 65.227 65.58 65.931 66.283 66.633 66.983 67.332 67.68 68.027 68.373 68.717 69.059 69.4 69.739 70.076 70.41 70.742 71.071 71.398 71.721 72.041 72.357 72.67 72.979 73.285 73.587 73.884 74.178 74.468 74.754 75.037 75.315 75.589 75.86 76.127 76.39 76.65 76.906 77.159 77.409 77.656 77.899 78.14 78.378 78.614 78.847 79.077 79.306
52.999 53.557 54.27 54.763 55.355 55.906 56.774 57.35 56.827 58.722 59.187 59.648 60.08 60.476 60.882 61.272 61.671 62.045 62.417 62.786 63.154 63.521 63.888 64.254 64.619 64.985 65.349 65.713 66.077 66.439 66.801 67.162 67.521 67.879 68.236 68.591 68.943 69.294 69.643 69.988 70.331 70.671 71.008 71.341 71.671 71.997 72.319 72.637 72.951 73.261 73.567 73.868 74.165 74.458 74.747 75.031 75.311 75.588 75.86 76.128 76.393 76.654 76.911 77.165 77.416 77.663 77.908 78.149 78.388 78.625 78.858 79.09
52.329 52.662 53.441 53.964 54.783 54.861 55.813 56.401 56.692 57.891 58.374 58.885 59.322 59.71 60.038 60.536 60.965 61.352 61.656 62.114 62.494 62.873 63.251 63.63 64.008 64.386 64.763 65.14 65.516 65.892 66.267 66.64 67.012 67.383 67.752 68.12 68.485 68.847 69.208 69.565 69.919 70.27 70.617 70.961 71.301 71.636 71.968 72.295 72.618 72.936 73.249 73.558 73.862 74.162 74.457 74.748 75.034 75.315 75.593 75.866 76.135 76.401 76.663 76.921 77.175 77.427 77.675 77.92 78.162 78.402 78.639 78.873
51.619 52.324 52.985 53.536 54.107 54.642 55.181 55.09 56.525 57.056 57.227 58.083 58.561 58.46 59.347 59.551 60.158 60.613 61.041 61.439 61.829 62.184 62.611 63.002 63.393 63.783 64.174 64.564 64.953 65.342 65.73 66.116 66.502 66.885 67.267 67.647 68.024 68.399 68.771 69.141 69.506 69.868 70.227 70.581 70.931 71.276 71.617 71.953 72.284 72.611 72.932 73.249 73.56 73.866 74.168 74.464 74.756 75.044 75.326 75.604 75.878 76.148 76.414 76.676 76.935 77.19 77.441 77.69 77.936 78.178 78.418 78.656
50.843 51.574 52.201 52.84 53.488 53.752 54.512 54.906 55.474 55.212 56.796 57.245 57.771 58.225 58.666 58.458 59.41 59.834 60.27 60.651 61.019 61.44 61.951 62.371 62.775 63.179 63.582 63.985 64.388 64.79 65.191 65.591 65.989 66.386 66.78 67.173 67.563 67.95 68.335 68.716 69.093 69.466 69.836 70.201 70.561 70.916 71.267 71.612 71.952 72.287 72.616 72.94 73.258 73.571 73.879 74.182 74.48 74.772 75.06 75.343 75.622 75.896 76.166 76.432 76.694 76.953 77.208 77.46 77.709 77.954 78.197 78.438
50.225 50.746 51.439 52.061 52.749 53.344 53.669 54.328 54.599 55.38 55.397 55.915 57.036 57.501 57.911 57.948 58.646 57.797 59.19 59.807 60.198 60.851 61.176 61.738 62.155 62.572 62.989 63.405 63.821 63.523 64.65 65.063 65.475 65.884 66.292 66.698 67.101 67.501 67.897 68.291 68.68 69.065 69.445 69.821 70.192 70.557 70.917 71.271 71.62 71.963 72.301 72.632 72.958 73.277 73.592 73.9 74.204 74.501 74.794 75.082 75.365 75.644 75.918 76.188 76.453 76.716 76.974 77.229 77.481 77.73 77.976 78.219
49.627 50.058 50.745 51.419 52.024 52.469 53.148 53.694 54.152 54.519 54.707 55.273 56.262 56.771 56.827 57.37 57.916 58.3 58.655 59.215 59.612 59.873 60.511 61.046 61.519 61.964 62.016 62.823 63.252 63.681 63.647 64.535 64.959 65.383 65.804 66.222 66.638 67.051 67.46 67.866 68.267 68.664 69.055 69.442 69.823 70.199 70.569 70.933 71.29 71.642 71.987 72.326 72.658 72.985 73.305 73.62 73.929 74.232 74.529 74.822 75.109 75.392 75.67 75.943 76.213 76.478 76.74 76.998 77.253 77.505 77.754 78
48.864 49.536 49.767 50.529 51.165 51.69 52.419 52.946 53.491 53.384 54.093 54.278 54.815 56.04 56.353 56.537 56.639 57.405 57.993 58.341 58.765 59.422 59.047 59.874 60.436 61.303 61.25 62.021 62.683 63.124 63.431 63.739 64.443 64.88 65.314 65.746 66.175 66.601 67.023 67.441 67.855 68.263 68.667 69.065 69.457 69.843 70.222 70.595 70.962 71.322 71.675 72.021 72.361 72.694 73.02 73.341 73.655 73.963 74.265 74.562 74.854 75.14 75.422 75.699 75.972 76.241 76.506 76.767 77.025 77.28 77.532 77.781
48.277 48.906 49.454 49.807 50.47 51.015 51.545 52.043 52.666 53.33 53.705 53.843 54.067 54.786 55.559 56.132 56.421 56.814 57.258 57.419 58.021 58.279 58.96 59.513 59.554 60.701 61.184 61.316 62.005 62.568 63.022 63.475 63.927 64.377 64.825 65.27 65.713 66.152 66.587 67.018 67.444 67.865 68.28 68.689 69.092 69.488 69.878 70.26 70.635 71.004 71.365 71.718 72.065 72.405 72.737 73.063 73.383 73.696 74.003 74.304 74.599 74.89 75.175 75.456 75.732 76.004 76.272 76.536 76.797 77.054 77.309 77.56
47.753 48.352 48.898 49.418 49.68 50.292 51.01 51.363 51.49 52.287 53.046 53.3 53.316 54.588 54.666 55.186 55.868 56.219 56.269 56.28 56.943 57.632 58.264 58.375 58.38 59.991 60.594 61.073 61.542 62.01 62.478 62.516 63.41 63.874 64.336 64.795 65.251 65.703 66.152 66.596 67.034 67.467 67.894 68.315 68.729 69.136 69.535 69.927 70.312 70.688 71.057 71.418 71.771 72.117 72.456 72.787 73.112 73.43 73.741 74.046 74.346 74.64 74.929 75.212 75.492 75.767 76.037 76.304 76.568 76.828 77.085 77.339
47.222 47.766 48.302 48.81 49.216 49.787 50.381 50.888 51.274 51.753 52.476 52.79 53.426 53.321 53.866 54.659 55.178 55.451 55.882 55.844 56.421 56.777 56.922 57.684 57.503 59.477 59.993 60.491 60.972 61.453 61.934 62.414 62.893 63.371 63.847 64.32 64.79 65.256 65.718 66.175 66.627 67.072 67.511 67.944 68.369 68.786 69.196 69.597 69.991 70.375 70.752 71.12 71.48 71.833 72.177 72.514 72.843 73.165 73.481 73.79 74.093 74.391 74.683 74.97 75.252 75.529 75.803 76.073 76.339 76.601 76.861 77.117
46.647 47.16 47.565 48.204 48.667 49.16 49.698 50.199 50.544 51.136 51.677 51.979 52.303 52.844 53.069 53.856 54.283 54.885 55.269 55.679 56.027 56.526 56.92 57.461 57.371 58.793 59.338 59.89 60.402 60.896 61.39 61.884 62.218 62.868 63.358 63.845 64.329 64.81 65.285 65.756 66.221 66.679 67.131 67.575 68.012 68.44 68.86 69.271 69.673 70.066 70.45 70.826 71.192 71.55 71.9 72.242 72.576 72.903 73.222 73.535 73.842 74.142 74.437 74.727 75.012 75.292 75.568 75.841 76.109 76.374 76.636 76.895
46.006 46.558 47.084 47.587 48.077 48.531 49.092 49.33 50.065 50.58 50.886 51.136 51.712 51.984 52.197 52.741 53.623 54.08 54.662 54.965 55.546 56.006 56.03 56.905 56.836 57.559 58.547 59.107 59.831 60.338 60.846 61.353 61.86 61.896 62.87 63.372 63.87 64.365 64.855 65.339 65.818 66.289 66.754 67.21 67.658 68.097 68.527 68.948 69.359 69.76 70.152 70.534 70.907 71.271 71.626 71.973 72.311 72.642 72.965 73.281 73.591 73.894 74.192 74.485 74.772 75.055 75.334 75.608 75.879 76.146 76.41 76.672
45.465 45.947 46.458 46.962 47.425 47.899 48.466 48.702 49.413 49.853 50.277 50.624 50.889 51.045 51.878 52.103 52.802 53.49 53.884 54.428 54.34 55.336 55.252 56.293 56.718 57.113 57.071 58.239 59.26 59.781 60.301 60.823 61.344 61.864 61.87 62.899 63.413 63.922 64.426 64.925 65.417 65.902 66.38 66.848 67.308 67.758 68.198 68.628 69.048 69.458 69.857 70.246 70.625 70.995 71.355 71.706 72.048 72.383 72.709 73.029 73.341 73.648 73.948 74.243 74.533 74.818 75.098 75.375 75.648 75.918 76.184 76.448
44.88 45.364 45.865 46.362 46.845 47.328 47.788 48.192 48.685 49.214 49.34 49.944 50.43 50.786 51.216 51.585 51.977 52.633 53.134 53.528 53.864 54.613 55.032 55.115 55.561 56.105 55.582 57.603 58.249 59.077 59.75 60.288 60.827 61.363 61.896 62.428 62.956 63.481 64 64.513 65.02 65.519 66.009 66.491 66.962 67.423 67.874 68.314 68.742 69.16 69.566 69.962 70.347 70.722 71.087 71.442 71.788 72.126 72.455 72.778 73.093 73.401 73.704 74.001 74.293 74.58 74.863 75.142 75.417 75.688 75.957 76.223
44.272 44.769 45.254 45.692 46.192 46.682 47.11 47.584 48.068 48.506 48.782 49.219 49.703 50.047 50.527 50.895 51.369 51.873 52.333 52.932 53.535 53.748 54.502 54.59 55.032 55.093 56.051 57.309 57.871 58.488 59.123 59.692 60.307 60.861 61.411 61.958 62.502 63.042 63.576 64.105 64.626 65.139 65.643 66.137 66.621 67.093 67.554 68.004 68.441 68.867 69.28 69.682 70.073 70.452 70.821 71.18 71.53 71.871 72.203 72.528 72.845 73.156 73.46 73.759 74.053 74.342 74.627 74.907 75.184 75.458 75.728 75.996
43.682 44.176 44.642 45.042 45.554 45.994 46.375 46.866 47.382 47.893 48.233 48.689 49.129 49.468 49.932 50.158 50.692 51.245 51.777 52.329 52.783 52.855 53.689 54.225 54.407 54.559 55.662 56.547 57.336 58.022 58.515 59.163 59.795 60.36 60.925 61.488 62.049 62.604 63.155 63.699 64.235 64.763 65.281 65.788 66.284 66.769 67.24 67.699 68.145 68.578 68.999 69.406 69.802 70.186 70.559 70.922 71.274 71.618 71.952 72.279 72.598 72.911 73.217 73.517 73.813 74.103 74.39 74.672 74.951 75.226 75.499 75.769
43.062 43.561 44.037 44.439 44.936 45.387 45.73 46.164 46.688 47.209 47.654 48.034 48.479 48.894 49.275 49.623 49.997 50.325 51.126 51.604 52.112 52.491 52.935 53.66 53.793 54.2 54.828 56.04 56.831 56.961 58.068 58.521 59.254 59.841 60.44 61.02 61.597 62.169 62.736 63.297 63.849 64.392 64.924 65.445 65.954 66.449 66.932 67.4 67.855 68.295 68.722 69.135 69.536 69.924 70.301 70.666 71.021 71.366 71.703 72.031 72.352 72.666 72.973 73.275 73.572 73.864 74.152 74.436 74.716 74.994 75.268 75.54
42.434 42.924 43.391 43.842 44.246 44.518 45.146 45.62 46.138 46.591 47.006 47.427 47.835 48.242 48.589 49.05 49.531 49.996 50.489 50.94 51.378 51.754 52.329 52.801 53.464 53.989 53.911 54.648 55.802 56.528 57.047 57.268 58.614 59.358 59.956 60.553 61.147 61.736 62.321 62.898 63.466 64.025 64.572 65.107 65.629 66.136 66.629 67.107 67.57 68.018 68.451 68.869 69.274 69.666 70.045 70.413 70.77 71.117 71.455 71.784 72.106 72.421 72.73 73.033 73.33 73.624 73.913 74.198 74.48 74.759 75.035 75.309
41.855 42.286 42.755 43.235 43.706 44.135 44.581 45.014 45.46 45.944 46.341 46.684 47.191 47.589 48.023 48.475 48.907 49.371 49.735 50.218 50.742 51.174 51.709 52.251 53.032 53.608 53.911 54.065 55.397 55.334 56.673 57.097 57.979 58.856 59.465 60.086 60.698 61.305 61.908 62.502 63.088 63.663 64.225 64.775 65.31 65.829 66.333 66.82 67.291 67.746 68.185 68.608 69.017 69.411 69.793 70.163 70.521 70.869 71.208 71.538 71.86 72.176 72.485 72.789 73.088 73.382 73.672 73.959 74.242 74.523 74.801 75.076
41.347 41.716 42.181 42.646 43.109 43.588 44.021 44.422 44.889 45.296 45.684 46.083 46.567 46.979 47.395 47.833 48.277 48.736 49.153 49.645 50.111 50.511 51.066 51.595 52.35 53.043 53.65 54.109 54.842 55.427 55.81 56.845 56.975 57.938 58.837 59.619 60.25 60.876 61.226 62.11 62.714 63.306 63.885 64.449 64.998 65.53 66.044 66.541 67.02 67.481 67.925 68.352 68.764 69.161 69.544 69.915 70.274 70.622 70.961 71.291 71.614 71.93 72.24 72.544 72.843 73.138 73.43 73.718 74.003 74.285 74.564 74.842
40.84 41.151 41.655 42.087 42.52 43.019 43.448 43.862 44.281 44.621 44.992 45.384 45.907 46.337 46.756 47.192 47.635 48.075 48.528 49.005 49.529 49.903 50.433 50.981 51.811 52.453 53.067 53.677 54.244 54.787 55.572 55.634 56.691 57.572 58.46 59.152 59.802 60.449 61.089 61.722 62.344 62.954 63.55 64.13 64.693 65.237 65.763 66.269 66.755 67.222 67.671 68.101 68.515 68.914 69.298 69.669 70.028 70.376 70.715 71.045 71.367 71.683 71.993 72.297 72.597 72.893 73.185 73.474 73.76 74.044 74.325 74.605
