raw_data/humedad_relativa/hora15/rh15nov.txt
ncols         501
nrows         361
xllcorner     109.95
yllcorner     -45.05
cellsize      0.1
NODATA_value  -9999
[rows 288 to 319 of 361, columns 144 to 215 of 501]
68.923 68.992 69.059 69.124 69.187 69.247 69.306 69.362 69.416 69.467 69.517 69.564 69.609 69.652 69.692 69.731 69.767 69.801 69.832 69.862 69.889 69.914 69.938 69.959 69.978 69.995 70.011 70.024 70.036 70.046 70.054 70.061 70.066 70.07 70.072 70.073 70.072 70.071 70.068 70.064 70.06 70.054 70.047 70.04 70.032 70.023 70.013 70.003 69.993 69.982 69.971 69.96 69.948 69.936 69.924 69.912 69.9 69.888 69.876 69.865 69.853 69.842 69.832 69.821 69.811 69.802 69.793 69.785 69.778 69.771 69.765 69.761
69.097 69.166 69.232 69.296 69.358 69.419 69.477 69.532 69.586 69.638 69.687 69.734 69.779 69.822 69.863 69.902 69.938 69.972 70.004 70.035 70.063 70.089 70.113 70.135 70.155 70.173 70.189 70.204 70.217 70.228 70.238 70.246 70.252 70.257 70.261 70.263 70.264 70.264 70.263 70.261 70.258 70.254 70.249 70.243 70.237 70.229 70.222 70.214 70.205 70.196 70.186 70.177 70.167 70.157 70.146 70.136 70.126 70.116 70.106 70.096 70.086 70.077 70.068 70.059 70.051 70.043 70.036 70.03 70.024 70.019 70.015 70.011
69.27 69.337 69.403 69.467 69.528 69.588 69.646 69.701 69.755 69.806 69.856 69.903 69.948 69.991 70.032 70.071 70.107 70.142 70.175 70.206 70.234 70.261 70.286 70.309 70.33 70.349 70.366 70.382 70.396 70.408 70.419 70.428 70.436 70.442 70.447 70.451 70.454 70.455 70.456 70.455 70.453 70.451 70.447 70.443 70.438 70.433 70.427 70.42 70.413 70.406 70.398 70.39 70.382 70.373 70.365 70.356 70.348 70.339 70.331 70.323 70.315 70.307 70.299 70.292 70.286 70.28 70.274 70.269 70.265 70.262 70.259 70.257
69.44 69.507 69.572 69.635 69.697 69.756 69.813 69.869 69.922 69.973 70.022 70.07 70.115 70.158 70.199 70.238 70.275 70.31 70.344 70.375 70.404 70.431 70.457 70.48 70.502 70.522 70.541 70.557 70.572 70.586 70.598 70.608 70.617 70.625 70.632 70.637 70.641 70.644 70.645 70.646 70.646 70.645 70.643 70.641 70.637 70.633 70.629 70.624 70.619 70.613 70.607 70.6 70.594 70.587 70.58 70.573 70.566 70.559 70.552 70.545 70.539 70.533 70.527 70.521 70.516 70.512 70.508 70.504 70.502 70.499 70.498 70.497
69.609 69.675 69.74 69.802 69.863 69.922 69.979 70.034 70.087 70.138 70.188 70.235 70.28 70.323 70.365 70.404 70.441 70.477 70.51 70.542 70.572 70.6 70.626 70.65 70.673 70.694 70.713 70.731 70.747 70.762 70.775 70.786 70.797 70.806 70.813 70.82 70.825 70.829 70.832 70.835 70.836 70.836 70.836 70.835 70.833 70.831 70.828 70.825 70.821 70.816 70.812 70.807 70.802 70.797 70.791 70.786 70.78 70.775 70.77 70.764 70.759 70.755 70.75 70.746 70.743 70.74 70.737 70.735 70.733 70.733 70.732 70.733
69.776 69.842 69.906 69.968 70.028 70.087 70.143 70.198 70.251 70.302 70.351 70.398 70.443 70.487 70.528 70.568 70.606 70.642 70.676 70.708 70.738 70.767 70.794 70.819 70.842 70.864 70.884 70.903 70.92 70.935 70.949 70.962 70.974 70.984 70.993 71 71.007 71.013 71.017 71.021 71.023 71.025 71.026 71.027 71.026 71.025 71.024 71.022 71.02 71.017 71.014 71.01 71.007 71.003 70.999 70.995 70.991 70.987 70.983 70.98 70.976 70.973 70.97 70.967 70.965 70.963 70.962 70.961 70.961 70.961 70.962 70.964
69.941 70.006 70.07 70.131 70.191 70.25 70.306 70.36 70.413 70.464 70.513 70.56 70.605 70.649 70.691 70.73 70.768 70.805 70.839 70.872 70.902 70.932 70.959 70.985 71.009 71.032 71.053 71.072 71.09 71.107 71.122 71.136 71.148 71.16 71.17 71.179 71.186 71.193 71.199 71.204 71.208 71.211 71.214 71.215 71.217 71.217 71.217 71.216 71.215 71.214 71.212 71.21 71.208 71.206 71.203 71.201 71.198 71.196 71.193 71.191 71.189 71.187 71.185 71.184 71.183 71.182 71.182 71.182 71.183 71.185 71.187 71.189
70.105 70.169 70.232 70.294 70.353 70.411 70.467 70.521 70.574 70.624 70.673 70.72 70.766 70.809 70.851 70.891 70.929 70.966 71.001 71.034 71.065 71.095 71.123 71.149 71.174 71.198 71.219 71.24 71.259 71.276 71.292 71.307 71.321 71.333 71.344 71.355 71.364 71.372 71.379 71.385 71.39 71.395 71.398 71.401 71.404 71.406 71.407 71.408 71.408 71.408 71.408 71.407 71.406 71.405 71.404 71.403 71.402 71.401 71.399 71.398 71.397 71.397 71.396 71.396 71.396 71.397 71.398 71.399 71.401 71.404 71.407 71.411
70.267 70.331 70.393 70.454 70.513 70.57 70.626 70.68 70.732 70.783 70.832 70.879 70.924 70.968 71.01 71.05 71.089 71.125 71.161 71.194 71.226 71.256 71.285 71.312 71.338 71.362 71.384 71.405 71.425 71.444 71.461 71.477 71.491 71.505 71.517 71.528 71.538 71.548 71.556 71.563 71.57 71.575 71.58 71.585 71.588 71.592 71.594 71.596 71.598 71.599 71.6 71.601 71.601 71.602 71.602 71.602 71.602 71.602 71.602 71.602 71.603 71.603 71.604 71.605 71.606 71.608 71.61 71.612 71.615 71.619 71.623 71.627
70.427 70.491 70.553 70.613 70.672 70.729 70.784 70.838 70.89 70.94 70.989 71.036 71.081 71.125 71.167 71.208 71.246 71.283 71.319 71.353 71.385 71.416 71.445 71.473 71.499 71.524 71.547 71.569 71.59 71.609 71.627 71.644 71.659 71.674 71.687 71.699 71.711 71.721 71.73 71.739 71.747 71.754 71.76 71.765 71.77 71.775 71.778 71.782 71.785 71.787 71.79 71.791 71.793 71.795 71.796 71.797 71.799 71.8 71.801 71.802 71.804 71.806 71.807 71.809 71.812 71.814 71.817 71.821 71.825 71.829 71.834 71.839
70.586 70.649 70.71 70.77 70.828 70.885 70.94 70.994 71.046 71.096 71.144 71.191 71.237 71.281 71.323 71.363 71.402 71.44 71.476 71.51 71.543 71.574 71.604 71.632 71.659 71.684 71.708 71.731 71.752 71.772 71.791 71.809 71.826 71.841 71.855 71.869 71.881 71.892 71.903 71.912 71.921 71.929 71.937 71.943 71.949 71.955 71.96 71.964 71.969 71.972 71.976 71.979 71.982 71.984 71.987 71.989 71.992 71.994 71.997 71.999 72.002 72.004 72.007 72.01 72.014 72.017 72.021 72.025 72.03 72.035 72.041 72.047
70.744 70.806 70.867 70.926 70.984 71.04 71.095 71.148 71.2 71.25 71.298 71.345 71.391 71.435 71.477 71.518 71.557 71.595 71.631 71.665 71.699 71.73 71.76 71.789 71.817 71.843 71.868 71.891 71.913 71.934 71.954 71.972 71.99 72.006 72.021 72.035 72.049 72.061 72.073 72.083 72.093 72.102 72.111 72.119 72.126 72.132 72.139 72.144 72.15 72.154 72.159 72.163 72.167 72.171 72.175 72.178 72.182 72.185 72.189 72.192 72.196 72.199 72.203 72.207 72.211 72.216 72.221 72.226 72.231 72.237 72.243 72.25
70.9 70.961 71.022 71.08 71.138 71.194 71.248 71.301 71.353 71.403 71.451 71.498 71.543 71.587 71.63 71.67 71.71 71.748 71.784 71.819 71.853 71.885 71.916 71.945 71.973 72 72.025 72.049 72.072 72.093 72.114 72.133 72.152 72.169 72.185 72.2 72.214 72.228 72.24 72.252 72.263 72.273 72.283 72.291 72.3 72.307 72.315 72.321 72.328 72.334 72.339 72.345 72.35 72.355 72.359 72.364 72.368 72.373 72.377 72.382 72.386 72.391 72.396 72.401 72.406 72.411 72.417 72.422 72.428 72.435 72.442 72.449
71.054 71.115 71.175 71.233 71.29 71.346 71.4 71.453 71.504 71.554 71.602 71.649 71.694 71.738 71.781 71.822 71.861 71.899 71.936 71.971 72.005 72.038 72.069 72.099 72.127 72.155 72.18 72.205 72.229 72.251 72.272 72.292 72.311 72.33 72.347 72.363 72.378 72.392 72.405 72.418 72.43 72.441 72.452 72.462 72.471 72.48 72.488 72.496 72.503 72.51 72.517 72.523 72.529 72.535 72.541 72.546 72.552 72.557 72.563 72.568 72.573 72.579 72.585 72.59 72.596 72.602 72.608 72.615 72.622 72.629 72.636 72.644
71.207 71.267 71.327 71.385 71.441 71.496 71.55 71.603 71.654 71.703 71.751 71.798 71.844 71.888 71.93 71.971 72.011 72.049 72.086 72.122 72.156 72.189 72.221 72.251 72.28 72.308 72.334 72.36 72.384 72.407 72.429 72.45 72.469 72.488 72.506 72.523 72.539 72.554 72.569 72.582 72.595 72.607 72.619 72.629 72.64 72.649 72.659 72.667 72.676 72.684 72.691 72.699 72.706 72.713 72.719 72.726 72.732 72.738 72.745 72.751 72.757 72.764 72.77 72.776 72.783 72.79 72.797 72.804 72.811 72.819 72.826 72.835
71.358 71.418 71.477 71.534 71.591 71.645 71.699 71.751 71.802 71.851 71.9 71.946 71.992 72.036 72.078 72.119 72.159 72.198 72.235 72.271 72.305 72.339 72.371 72.401 72.431 72.459 72.486 72.512 72.537 72.561 72.583 72.605 72.625 72.645 72.664 72.681 72.698 72.714 72.729 72.744 72.757 72.771 72.783 72.795 72.806 72.817 72.827 72.836 72.846 72.855 72.863 72.871 72.879 72.887 72.895 72.902 72.909 72.917 72.924 72.931 72.938 72.945 72.952 72.959 72.966 72.974 72.981 72.989 72.997 73.005 73.013 73.022
71.508 71.568 71.626 71.683 71.739 71.793 71.846 71.898 71.949 71.998 72.046 72.093 72.138 72.182 72.225 72.266 72.306 72.345 72.382 72.418 72.453 72.487 72.519 72.55 72.58 72.609 72.637 72.663 72.688 72.713 72.736 72.758 72.779 72.8 72.819 72.838 72.855 72.872 72.888 72.903 72.918 72.932 72.945 72.958 72.97 72.981 72.992 73.003 73.013 73.023 73.032 73.041 73.05 73.059 73.067 73.075 73.083 73.091 73.099 73.107 73.115 73.123 73.13 73.138 73.146 73.154 73.162 73.17 73.179 73.187 73.196 73.205
71.656 71.715 71.773 71.83 71.885 71.939 71.992 72.044 72.094 72.143 72.191 72.238 72.283 72.327 72.37 72.411 72.451 72.49 72.528 72.564 72.599 72.633 72.666 72.697 72.728 72.757 72.785 72.812 72.838 72.863 72.887 72.91 72.931 72.952 72.972 72.992 73.01 73.028 73.044 73.06 73.076 73.091 73.105 73.118 73.131 73.143 73.155 73.167 73.178 73.188 73.199 73.208 73.218 73.228 73.237 73.246 73.255 73.263 73.272 73.28 73.289 73.297 73.306 73.314 73.323 73.331 73.34 73.348 73.357 73.366 73.375 73.384
71.804 71.862 71.919 71.975 72.03 72.084 72.137 72.188 72.238 72.287 72.335 72.381 72.427 72.471 72.513 72.555 72.595 72.634 72.672 72.708 72.744 72.778 72.811 72.843 72.874 72.903 72.932 72.959 72.986 73.011 73.036 73.059 73.082 73.103 73.124 73.144 73.163 73.181 73.199 73.216 73.232 73.247 73.262 73.276 73.29 73.303 73.316 73.328 73.34 73.351 73.362 73.373 73.383 73.394 73.403 73.413 73.423 73.432 73.441 73.451 73.46 73.469 73.478 73.487 73.496 73.505 73.514 73.523 73.532 73.541 73.551 73.56
71.949 72.007 72.064 72.12 72.174 72.228 72.28 72.331 72.381 72.43 72.477 72.524 72.569 72.613 72.655 72.697 72.737 72.776 72.814 72.851 72.887 72.921 72.955 72.987 73.018 73.048 73.077 73.105 73.132 73.158 73.183 73.207 73.23 73.252 73.273 73.294 73.314 73.333 73.351 73.368 73.385 73.401 73.417 73.432 73.446 73.46 73.474 73.487 73.499 73.511 73.523 73.535 73.546 73.557 73.567 73.578 73.588 73.598 73.608 73.618 73.628 73.637 73.647 73.656 73.666 73.675 73.685 73.694 73.704 73.713 73.723 73.732
72.093 72.151 72.207 72.262 72.317 72.37 72.422 72.473 72.522 72.571 72.618 72.664 72.709 72.753 72.796 72.838 72.878 72.917 72.955 72.992 73.028 73.063 73.097 73.129 73.161 73.191 73.22 73.249 73.276 73.303 73.328 73.353 73.376 73.399 73.421 73.442 73.463 73.482 73.501 73.519 73.537 73.554 73.57 73.586 73.601 73.615 73.63 73.643 73.656 73.669 73.682 73.694 73.706 73.717 73.729 73.74 73.751 73.761 73.772 73.782 73.792 73.802 73.813 73.822 73.832 73.842 73.852 73.862 73.872 73.882 73.891 73.901
72.236 72.293 72.349 72.404 72.458 72.51 72.562 72.613 72.662 72.71 72.758 72.804 72.849 72.893 72.935 72.977 73.017 73.057 73.095 73.132 73.168 73.203 73.237 73.27 73.302 73.332 73.362 73.391 73.419 73.446 73.472 73.497 73.521 73.544 73.567 73.588 73.609 73.63 73.649 73.668 73.686 73.704 73.721 73.737 73.753 73.768 73.783 73.797 73.811 73.825 73.838 73.851 73.863 73.875 73.887 73.899 73.91 73.921 73.933 73.943 73.954 73.965 73.975 73.986 73.996 74.006 74.017 74.027 74.037 74.047 74.057 74.067
72.378 72.434 72.489 72.544 72.597 72.65 72.701 72.751 72.801 72.849 72.896 72.942 72.987 73.03 73.073 73.115 73.155 73.195 73.233 73.27 73.307 73.342 73.376 73.409 73.441 73.472 73.502 73.531 73.56 73.587 73.613 73.639 73.664 73.688 73.711 73.733 73.754 73.775 73.795 73.815 73.833 73.852 73.869 73.886 73.903 73.918 73.934 73.949 73.963 73.978 73.991 74.005 74.018 74.031 74.043 74.055 74.067 74.079 74.091 74.102 74.113 74.124 74.135 74.146 74.157 74.167 74.178 74.188 74.199 74.209 74.219 74.229
72.518 72.574 72.629 72.683 72.736 72.788 72.839 72.889 72.938 72.986 73.033 73.078 73.123 73.167 73.21 73.251 73.292 73.331 73.37 73.407 73.443 73.479 73.513 73.547 73.579 73.61 73.641 73.67 73.699 73.727 73.754 73.78 73.805 73.829 73.853 73.875 73.897 73.919 73.939 73.959 73.979 73.997 74.015 74.033 74.05 74.067 74.083 74.098 74.113 74.128 74.142 74.156 74.17 74.183 74.196 74.209 74.222 74.234 74.246 74.258 74.269 74.281 74.292 74.303 74.314 74.325 74.336 74.347 74.357 74.368 74.378 74.388
72.656 72.712 72.766 72.82 72.873 72.924 72.975 73.025 73.074 73.121 73.168 73.214 73.258 73.302 73.345 73.386 73.427 73.466 73.505 73.542 73.579 73.614 73.649 73.683 73.715 73.747 73.778 73.808 73.837 73.865 73.892 73.918 73.944 73.969 73.993 74.016 74.039 74.06 74.082 74.102 74.122 74.141 74.16 74.178 74.195 74.213 74.229 74.245 74.261 74.276 74.291 74.306 74.32 74.334 74.347 74.36 74.373 74.386 74.399 74.411 74.423 74.435 74.446 74.458 74.469 74.48 74.491 74.502 74.513 74.523 74.534 74.544
72.794 72.849 72.903 72.956 73.008 73.06 73.11 73.16 73.208 73.256 73.302 73.348 73.392 73.436 73.478 73.52 73.56 73.6 73.639 73.676 73.713 73.749 73.783 73.817 73.85 73.882 73.913 73.943 73.973 74.001 74.029 74.055 74.081 74.107 74.131 74.155 74.178 74.2 74.222 74.243 74.263 74.283 74.302 74.321 74.339 74.356 74.373 74.39 74.406 74.422 74.437 74.452 74.467 74.481 74.495 74.509 74.522 74.536 74.549 74.561 74.574 74.586 74.598 74.61 74.621 74.633 74.644 74.655 74.666 74.676 74.687 74.697
72.93 72.984 73.038 73.091 73.143 73.194 73.244 73.293 73.341 73.388 73.435 73.48 73.525 73.568 73.611 73.652 73.693 73.732 73.771 73.809 73.846 73.881 73.916 73.95 73.983 74.016 74.047 74.077 74.107 74.136 74.164 74.191 74.217 74.243 74.268 74.292 74.315 74.338 74.36 74.382 74.402 74.423 74.442 74.461 74.48 74.498 74.516 74.533 74.549 74.566 74.582 74.597 74.612 74.627 74.641 74.655 74.669 74.683 74.696 74.709 74.722 74.734 74.747 74.759 74.77 74.782 74.793 74.805 74.816 74.826 74.837 74.847
73.064 73.118 73.172 73.224 73.276 73.326 73.376 73.425 73.473 73.52 73.566 73.611 73.656 73.699 73.742 73.783 73.824 73.863 73.902 73.94 73.977 74.013 74.048 74.082 74.115 74.148 74.179 74.21 74.24 74.269 74.297 74.325 74.351 74.377 74.403 74.427 74.451 74.474 74.497 74.518 74.54 74.56 74.581 74.6 74.619 74.638 74.656 74.673 74.69 74.707 74.723 74.739 74.755 74.77 74.785 74.799 74.813 74.827 74.841 74.854 74.867 74.88 74.893 74.905 74.917 74.929 74.94 74.952 74.963 74.974 74.984 74.994
73.198 73.251 73.304 73.356 73.407 73.458 73.507 73.556 73.603 73.65 73.696 73.741 73.786 73.829 73.871 73.913 73.953 73.993 74.032 74.069 74.106 74.142 74.178 74.212 74.245 74.278 74.31 74.341 74.371 74.4 74.429 74.457 74.484 74.51 74.536 74.561 74.585 74.608 74.631 74.654 74.675 74.696 74.717 74.737 74.756 74.775 74.794 74.812 74.829 74.846 74.863 74.879 74.895 74.911 74.926 74.941 74.955 74.97 74.983 74.997 75.01 75.023 75.036 75.049 75.061 75.073 75.085 75.096 75.107 75.118 75.129 75.139
73.33 73.383 73.435 73.487 73.538 73.588 73.637 73.685 73.733 73.779 73.825 73.87 73.914 73.957 73.999 74.041 74.081 74.121 74.16 74.198 74.235 74.271 74.306 74.341 74.374 74.407 74.439 74.47 74.501 74.53 74.559 74.587 74.614 74.641 74.667 74.692 74.717 74.741 74.764 74.787 74.809 74.83 74.851 74.872 74.891 74.911 74.93 74.948 74.966 74.983 75.001 75.017 75.033 75.049 75.065 75.08 75.095 75.109 75.124 75.137 75.151 75.164 75.177 75.19 75.202 75.214 75.226 75.238 75.249 75.26 75.271 75.281
73.46 73.513 73.565 73.616 73.667 73.716 73.765 73.813 73.861 73.907 73.953 73.997 74.041 74.084 74.126 74.168 74.208 74.248 74.287 74.325 74.362 74.398 74.433 74.468 74.502 74.535 74.567 74.598 74.629 74.659 74.688 74.716 74.744 74.771 74.797 74.822 74.847 74.871 74.895 74.918 74.941 74.962 74.984 75.004 75.025 75.044 75.064 75.082 75.101 75.118 75.136 75.153 75.169 75.186 75.202 75.217 75.232 75.247 75.261 75.275 75.289 75.303 75.316 75.329 75.341 75.354 75.365 75.377 75.388 75.399 75.41 75.42
73.59 73.642 73.694 73.745 73.795 73.844 73.893 73.94 73.987 74.033 74.079 74.123 74.167 74.21 74.252 74.293 74.334 74.373 74.412 74.45 74.487 74.523 74.559 74.594 74.628 74.661 74.693 74.725 74.755 74.785 74.815 74.843 74.871 74.898 74.925 74.951 74.976 75 75.024 75.048 75.071 75.093 75.114 75.135 75.156 75.176 75.196 75.215 75.233 75.251 75.269 75.286 75.303 75.32 75.336 75.352 75.367 75.382 75.397 75.411 75.425 75.439 75.452 75.465 75.478 75.49 75.502 75.514 75.525 75.536 75.547 75.557
