raw_data/humedad_relativa/hora15/rh15mar.txt
ncols         501
nrows         361
xllcorner     109.95
yllcorner     -45.05
cellsize      0.1
NODATA_value  -9999
[rows 320 to 351 of 361, columns 288 to 359 of 501]
72.869 72.794 72.722 72.652 72.585 72.521 72.461 72.404 72.35 72.3 72.253 72.211 72.172 72.138 72.107 72.08 72.056 72.037 72.021 72.008 71.998 71.991 71.987 71.985 71.985 71.987 71.99 71.994 71.999 72.004 72.009 72.014 72.018 72.021 72.024 72.025 72.025 72.024 72.022 72.018 72.013 72.008 72.002 71.995 71.988 71.982 71.975 71.969 71.964 71.96 71.957 71.954 71.953 71.952 71.949 71.944 71.932 71.902 71.819 71.423 70.973 70.45 69.768 68.781 67.441 67.198 66.221 65.931 65.522 65.249 64.816 64.321
73.07 72.999 72.93 72.864 72.8 72.739 72.681 72.627 72.575 72.527 72.483 72.442 72.405 72.371 72.341 72.314 72.291 72.271 72.254 72.241 72.23 72.222 72.216 72.213 72.211 72.211 72.212 72.214 72.217 72.22 72.223 72.226 72.229 72.231 72.232 72.232 72.231 72.229 72.225 72.221 72.216 72.209 72.202 72.195 72.187 72.179 72.17 72.162 72.153 72.145 72.136 72.126 72.115 72.101 72.082 72.053 72.008 71.929 71.785 71.462 70.693 70.293 69.772 68.853 67.904 67.245 66.404 65.503 64.894 64.286 64.094 63.525
73.264 73.197 73.131 73.068 73.007 72.949 72.894 72.841 72.792 72.746 72.703 72.664 72.627 72.594 72.565 72.538 72.515 72.495 72.478 72.464 72.452 72.443 72.436 72.431 72.427 72.426 72.425 72.425 72.426 72.427 72.428 72.429 72.429 72.43 72.429 72.427 72.425 72.421 72.416 72.411 72.404 72.396 72.387 72.378 72.367 72.356 72.344 72.331 72.317 72.302 72.285 72.264 72.239 72.208 72.166 72.108 72.024 71.897 71.7 71.403 70.489 69.922 69.178 68.136 67.155 66.014 65.654 65.649 64.603 63.991 63.436 63.362
73.452 73.387 73.325 73.264 73.206 73.151 73.098 73.048 73 72.956 72.915 72.876 72.841 72.809 72.78 72.754 72.73 72.71 72.692 72.677 72.665 72.654 72.646 72.639 72.634 72.63 72.628 72.626 72.624 72.623 72.622 72.621 72.62 72.618 72.615 72.612 72.607 72.602 72.595 72.587 72.578 72.568 72.557 72.544 72.531 72.515 72.498 72.48 72.459 72.435 72.407 72.374 72.333 72.282 72.215 72.127 72.007 71.84 71.608 71.294 70.511 69.443 69.136 68.271 66.56 66.139 64.505 65.434 64.401 63.297 63.159 62.784
73.633 73.571 73.511 73.454 73.398 73.345 73.294 73.246 73.201 73.158 73.118 73.08 73.046 73.014 72.986 72.96 72.936 72.916 72.897 72.881 72.868 72.856 72.846 72.838 72.831 72.826 72.821 72.817 72.814 72.811 72.807 72.804 72.801 72.796 72.791 72.786 72.779 72.771 72.762 72.752 72.74 72.727 72.712 72.696 72.678 72.658 72.635 72.609 72.58 72.546 72.506 72.459 72.401 72.33 72.24 72.124 71.974 71.778 71.523 71.198 70.709 68.62 68.858 67.197 67.449 66.371 63.719 65.243 63.785 63.302 62.764 62.746
73.808 73.749 73.692 73.636 73.583 73.532 73.483 73.437 73.393 73.352 73.313 73.276 73.243 73.212 73.183 73.157 73.133 73.112 73.093 73.077 73.062 73.049 73.038 73.028 73.02 73.012 73.005 73 72.994 72.989 72.983 72.978 72.972 72.965 72.958 72.95 72.94 72.93 72.918 72.904 72.89 72.873 72.854 72.834 72.81 72.784 72.755 72.722 72.683 72.639 72.587 72.526 72.451 72.361 72.249 72.111 71.937 71.719 71.449 71.12 70.729 70.162 69.228 68.467 67.375 67.049 65.569 64.684 62.918 63.208 62.479 61.641
73.976 73.92 73.865 73.812 73.761 73.712 73.665 73.62 73.578 73.538 73.5 73.464 73.431 73.4 73.372 73.346 73.322 73.301 73.281 73.263 73.248 73.233 73.221 73.209 73.199 73.19 73.181 73.173 73.166 73.158 73.15 73.142 73.134 73.125 73.115 73.104 73.091 73.078 73.063 73.046 73.028 73.007 72.984 72.958 72.929 72.897 72.861 72.819 72.772 72.717 72.653 72.578 72.488 72.38 72.251 72.093 71.901 71.669 71.39 71.06 70.676 70.232 69.613 68.906 68.126 65.709 66.368 65.757 64.613 63.423 63.3 61.422
74.139 74.085 74.033 73.982 73.933 73.886 73.84 73.797 73.756 73.716 73.679 73.645 73.612 73.582 73.553 73.527 73.503 73.481 73.461 73.442 73.425 73.41 73.395 73.383 73.371 73.359 73.349 73.339 73.329 73.319 73.309 73.298 73.287 73.275 73.262 73.248 73.233 73.216 73.198 73.178 73.155 73.13 73.102 73.071 73.037 72.998 72.954 72.904 72.848 72.783 72.707 72.619 72.515 72.393 72.248 72.076 71.872 71.63 71.346 71.017 70.642 70.221 69.347 68.655 67.66 67.309 66.995 66.018 65.613 64.364 63.505 61.767
74.297 74.245 74.194 74.145 74.098 74.052 74.008 73.966 73.926 73.888 73.852 73.818 73.786 73.755 73.727 73.701 73.676 73.653 73.632 73.613 73.595 73.578 73.562 73.548 73.534 73.521 73.508 73.496 73.484 73.471 73.459 73.446 73.432 73.417 73.401 73.384 73.366 73.346 73.324 73.299 73.273 73.243 73.21 73.174 73.133 73.088 73.037 72.979 72.913 72.838 72.752 72.653 72.537 72.403 72.246 72.063 71.849 71.601 71.316 70.99 70.624 70.218 69.774 68.63 68.107 67.763 66.89 65.123 62.956 63.823 62.753 61.471
74.448 74.398 74.35 74.303 74.257 74.213 74.17 74.129 74.09 74.053 74.018 73.984 73.952 73.922 73.893 73.867 73.842 73.818 73.797 73.776 73.757 73.739 73.722 73.705 73.69 73.675 73.66 73.646 73.631 73.616 73.601 73.585 73.569 73.551 73.532 73.512 73.49 73.467 73.441 73.412 73.381 73.347 73.309 73.267 73.221 73.169 73.11 73.045 72.971 72.887 72.791 72.682 72.556 72.412 72.245 72.054 71.834 71.583 71.299 70.979 70.623 70.231 69.805 69.346 66.999 67.326 67.193 63.623 65.205 63.527 63.478 62.19
74.595 74.547 74.5 74.454 74.41 74.367 74.326 74.286 74.248 74.211 74.176 74.143 74.111 74.081 74.053 74.026 74 73.976 73.954 73.932 73.912 73.892 73.874 73.856 73.838 73.821 73.805 73.788 73.771 73.754 73.736 73.718 73.698 73.678 73.656 73.632 73.607 73.58 73.55 73.517 73.482 73.443 73.4 73.352 73.3 73.241 73.176 73.104 73.022 72.93 72.826 72.707 72.573 72.421 72.248 72.051 71.828 71.576 71.295 70.981 70.636 70.258 69.85 69.411 68.944 68.045 66.991 66.411 64.046 65.185 63.413 61.13
74.736 74.69 74.644 74.6 74.557 74.516 74.476 74.437 74.399 74.363 74.329 74.296 74.264 74.234 74.206 74.178 74.152 74.127 74.104 74.081 74.06 74.039 74.019 73.999 73.98 73.961 73.942 73.923 73.904 73.884 73.864 73.843 73.82 73.797 73.772 73.745 73.716 73.685 73.651 73.615 73.575 73.531 73.483 73.43 73.372 73.308 73.236 73.157 73.068 72.968 72.857 72.732 72.591 72.432 72.253 72.053 71.829 71.579 71.301 70.995 70.661 70.298 69.907 69.488 69.043 68.075 67.551 66.59 63.129 65.464 64.63 63.777
74.872 74.827 74.784 74.741 74.699 74.659 74.62 74.582 74.545 74.509 74.475 74.443 74.411 74.381 74.352 74.324 74.298 74.272 74.247 74.224 74.201 74.179 74.157 74.136 74.115 74.094 74.073 74.052 74.03 74.008 73.985 73.961 73.936 73.909 73.881 73.851 73.819 73.784 73.746 73.705 73.661 73.613 73.56 73.502 73.438 73.368 73.291 73.205 73.11 73.004 72.886 72.755 72.609 72.445 72.263 72.061 71.837 71.589 71.317 71.02 70.697 70.349 69.975 69.576 68.962 68.705 68.213 67.381 66.339 64.21 63.763 62.348
75.003 74.96 74.918 74.876 74.836 74.796 74.758 74.721 74.685 74.65 74.616 74.583 74.552 74.521 74.492 74.464 74.437 74.41 74.385 74.36 74.336 74.312 74.289 74.266 74.244 74.221 74.198 74.174 74.15 74.126 74.1 74.073 74.045 74.016 73.984 73.951 73.915 73.876 73.835 73.79 73.741 73.689 73.631 73.568 73.499 73.424 73.341 73.25 73.149 73.038 72.915 72.778 72.628 72.461 72.277 72.074 71.851 71.607 71.341 71.053 70.741 70.407 70.051 69.672 69.27 68.819 68.398 66.59 65.679 66.535 64.973 64.681
75.13 75.088 75.047 75.007 74.967 74.929 74.891 74.854 74.819 74.784 74.751 74.718 74.687 74.656 74.626 74.598 74.57 74.543 74.516 74.49 74.465 74.44 74.415 74.391 74.366 74.341 74.316 74.291 74.264 74.237 74.209 74.18 74.149 74.116 74.082 74.045 74.005 73.963 73.918 73.869 73.816 73.759 73.697 73.63 73.556 73.476 73.388 73.292 73.186 73.07 72.942 72.802 72.648 72.479 72.294 72.092 71.871 71.631 71.372 71.092 70.792 70.472 70.132 69.772 69.393 68.818 68.231 68.125 67.357 65.654 65.641 64.92
75.252 75.212 75.172 75.132 75.094 75.056 75.019 74.983 74.948 74.914 74.88 74.848 74.816 74.785 74.755 74.726 74.697 74.669 74.642 74.615 74.588 74.562 74.536 74.51 74.483 74.457 74.429 74.402 74.373 74.343 74.313 74.281 74.247 74.211 74.174 74.133 74.091 74.045 73.996 73.944 73.887 73.826 73.759 73.687 73.609 73.524 73.432 73.331 73.221 73.101 72.97 72.827 72.67 72.5 72.315 72.113 71.895 71.66 71.407 71.136 70.847 70.54 70.216 69.875 69.516 68.948 68.206 68.228 67.186 67.39 66.594 66.005
75.37 75.331 75.292 75.253 75.216 75.179 75.142 75.107 75.072 75.038 75.004 74.972 74.94 74.909 74.879 74.849 74.82 74.791 74.762 74.734 74.706 74.679 74.651 74.623 74.595 74.566 74.537 74.507 74.476 74.444 74.411 74.376 74.34 74.301 74.261 74.217 74.171 74.122 74.07 74.013 73.953 73.888 73.817 73.742 73.659 73.57 73.474 73.369 73.256 73.132 72.998 72.852 72.694 72.523 72.338 72.138 71.923 71.692 71.446 71.183 70.904 70.61 70.3 69.976 69.636 69.252 68.81 68.358 65.504 67.422 66.384 66.479
75.484 75.445 75.407 75.37 75.333 75.296 75.261 75.225 75.191 75.157 75.124 75.091 75.059 75.028 74.997 74.967 74.937 74.907 74.878 74.848 74.819 74.79 74.761 74.731 74.701 74.671 74.64 74.608 74.575 74.54 74.505 74.467 74.428 74.387 74.343 74.297 74.248 74.195 74.139 74.08 74.015 73.947 73.873 73.793 73.707 73.614 73.514 73.406 73.289 73.163 73.026 72.879 72.719 72.548 72.363 72.165 71.953 71.727 71.487 71.232 70.962 70.679 70.382 70.072 69.749 69.412 69.039 68.488 67.706 65.528 67.394 66.849
75.594 75.556 75.519 75.482 75.446 75.41 75.374 75.34 75.305 75.272 75.238 75.206 75.174 75.142 75.11 75.079 75.049 75.018 74.988 74.957 74.927 74.897 74.866 74.835 74.803 74.771 74.738 74.704 74.668 74.632 74.593 74.554 74.512 74.468 74.421 74.372 74.32 74.264 74.205 74.142 74.075 74.002 73.925 73.842 73.753 73.657 73.553 73.442 73.322 73.194 73.055 72.906 72.746 72.574 72.391 72.195 71.986 71.764 71.529 71.281 71.02 70.746 70.46 70.162 69.852 69.53 69.195 68.536 68.132 67.622 67.564 67.078
75.699 75.663 75.626 75.59 75.554 75.519 75.484 75.45 75.415 75.382 75.349 75.316 75.283 75.251 75.219 75.188 75.156 75.125 75.093 75.062 75.03 74.999 74.966 74.934 74.9 74.866 74.831 74.795 74.758 74.719 74.678 74.636 74.592 74.545 74.496 74.444 74.389 74.33 74.268 74.202 74.131 74.056 73.975 73.889 73.797 73.697 73.591 73.477 73.355 73.225 73.084 72.934 72.774 72.602 72.42 72.226 72.02 71.802 71.572 71.329 71.076 70.81 70.533 70.245 69.946 69.634 69.31 68.657 68.518 67.728 67.586 66.699
75.801 75.765 75.73 75.694 75.659 75.624 75.589 75.555 75.521 75.488 75.454 75.421 75.389 75.356 75.324 75.291 75.259 75.227 75.195 75.162 75.129 75.096 75.063 75.028 74.993 74.957 74.921 74.882 74.843 74.802 74.759 74.715 74.668 74.619 74.567 74.512 74.454 74.393 74.328 74.259 74.185 74.107 74.023 73.934 73.839 73.737 73.629 73.513 73.388 73.256 73.114 72.964 72.803 72.632 72.45 72.258 72.055 71.84 71.614 71.377 71.13 70.871 70.601 70.32 70.028 69.724 69.407 69.073 68.717 68.184 67.748 67.015
75.9 75.865 75.829 75.795 75.76 75.725 75.691 75.657 75.623 75.589 75.556 75.523 75.49 75.457 75.424 75.391 75.358 75.325 75.292 75.258 75.224 75.19 75.155 75.119 75.082 75.045 75.006 74.966 74.925 74.882 74.837 74.79 74.741 74.689 74.635 74.578 74.517 74.453 74.385 74.314 74.237 74.156 74.07 73.978 73.881 73.777 73.666 73.548 73.422 73.288 73.145 72.994 72.833 72.663 72.482 72.292 72.091 71.879 71.657 71.425 71.182 70.928 70.664 70.389 70.102 69.803 69.489 69.157 68.803 68.235 67.397 67.291
75.995 75.96 75.926 75.891 75.857 75.823 75.789 75.755 75.721 75.687 75.654 75.62 75.587 75.553 75.52 75.486 75.453 75.419 75.385 75.35 75.315 75.279 75.243 75.206 75.168 75.128 75.088 75.046 75.003 74.958 74.911 74.862 74.81 74.757 74.7 74.64 74.577 74.511 74.441 74.366 74.288 74.204 74.116 74.021 73.921 73.815 73.702 73.583 73.455 73.32 73.177 73.025 72.864 72.694 72.515 72.326 72.127 71.919 71.7 71.471 71.232 70.983 70.723 70.452 70.169 69.872 69.561 69.23 68.876 68.491 67.931 67.586
76.086 76.052 76.018 75.984 75.95 75.917 75.883 75.849 75.815 75.781 75.748 75.714 75.68 75.646 75.612 75.578 75.544 75.509 75.474 75.438 75.402 75.365 75.328 75.289 75.249 75.209 75.166 75.123 75.078 75.031 74.982 74.931 74.877 74.821 74.762 74.701 74.635 74.567 74.494 74.418 74.337 74.251 74.16 74.064 73.962 73.854 73.739 73.618 73.489 73.353 73.21 73.057 72.897 72.728 72.549 72.362 72.165 71.959 71.743 71.517 71.281 71.036 70.779 70.511 70.231 69.937 69.627 69.298 68.945 68.563 68.146 67.687
76.175 76.141 76.108 76.074 76.041 76.007 75.973 75.94 75.906 75.872 75.838 75.804 75.77 75.736 75.701 75.666 75.631 75.596 75.56 75.523 75.486 75.448 75.409 75.369 75.328 75.286 75.242 75.197 75.15 75.101 75.05 74.997 74.942 74.884 74.823 74.759 74.692 74.621 74.546 74.467 74.384 74.296 74.204 74.106 74.002 73.892 73.776 73.654 73.524 73.387 73.243 73.091 72.931 72.762 72.585 72.399 72.204 72 71.786 71.563 71.331 71.088 70.834 70.569 70.292 70 69.692 69.366 69.016 68.64 68.233 67.79
76.26 76.227 76.194 76.161 76.127 76.094 76.061 76.027 75.993 75.959 75.925 75.891 75.857 75.822 75.787 75.751 75.715 75.679 75.642 75.605 75.566 75.527 75.487 75.446 75.403 75.36 75.314 75.268 75.219 75.169 75.116 75.061 75.004 74.944 74.881 74.815 74.746 74.673 74.597 74.516 74.431 74.341 74.247 74.147 74.042 73.931 73.814 73.69 73.56 73.422 73.278 73.126 72.966 72.798 72.622 72.437 72.244 72.042 71.831 71.611 71.381 71.14 70.89 70.627 70.353 70.064 69.76 69.437 69.093 68.725 68.33 67.906
76.343 76.31 76.277 76.244 76.211 76.178 76.145 76.111 76.077 76.043 76.009 75.975 75.94 75.905 75.869 75.833 75.796 75.759 75.722 75.683 75.644 75.603 75.562 75.52 75.476 75.431 75.384 75.336 75.286 75.234 75.18 75.123 75.064 75.002 74.938 74.87 74.799 74.724 74.646 74.564 74.477 74.386 74.29 74.188 74.082 73.97 73.851 73.727 73.596 73.459 73.314 73.162 73.003 72.836 72.661 72.478 72.286 72.086 71.877 71.659 71.432 71.194 70.947 70.688 70.416 70.131 69.831 69.514 69.177 68.82 68.439 68.035
76.422 76.39 76.358 76.325 76.292 76.259 76.226 76.192 76.158 76.124 76.09 76.055 76.02 75.984 75.948 75.912 75.874 75.837 75.798 75.759 75.718 75.677 75.635 75.591 75.546 75.5 75.452 75.402 75.35 75.297 75.241 75.183 75.122 75.059 74.993 74.923 74.851 74.774 74.695 74.611 74.522 74.43 74.332 74.23 74.122 74.009 73.89 73.765 73.634 73.496 73.351 73.2 73.041 72.875 72.701 72.52 72.33 72.132 71.925 71.71 71.485 71.251 71.006 70.751 70.483 70.203 69.908 69.598 69.27 68.925 68.56 68.176
76.499 76.467 76.435 76.403 76.37 76.337 76.304 76.27 76.237 76.202 76.168 76.133 76.097 76.061 76.025 75.987 75.95 75.911 75.872 75.831 75.79 75.748 75.704 75.66 75.614 75.566 75.517 75.466 75.413 75.358 75.301 75.241 75.179 75.114 75.046 74.976 74.901 74.824 74.742 74.657 74.567 74.473 74.375 74.271 74.163 74.049 73.929 73.804 73.672 73.535 73.39 73.239 73.081 72.916 72.744 72.564 72.376 72.18 71.976 71.763 71.541 71.31 71.069 70.818 70.555 70.28 69.992 69.689 69.372 69.04 68.691 68.328
76.573 76.542 76.51 76.478 76.446 76.413 76.379 76.346 76.312 76.278 76.243 76.207 76.172 76.135 76.098 76.06 76.022 75.983 75.943 75.902 75.86 75.816 75.772 75.726 75.679 75.63 75.58 75.528 75.473 75.417 75.359 75.298 75.234 75.168 75.099 75.027 74.951 74.872 74.789 74.703 74.612 74.517 74.418 74.313 74.204 74.089 73.969 73.844 73.712 73.575 73.431 73.281 73.123 72.959 72.788 72.61 72.424 72.23 72.029 71.819 71.601 71.373 71.136 70.889 70.632 70.363 70.082 69.789 69.483 69.164 68.832 68.488
76.645 76.614 76.582 76.551 76.518 76.486 76.452 76.419 76.385 76.35 76.315 76.28 76.243 76.207 76.169 76.131 76.092 76.052 76.011 75.97 75.927 75.883 75.837 75.791 75.742 75.693 75.641 75.588 75.532 75.475 75.415 75.353 75.288 75.221 75.15 75.077 75 74.92 74.836 74.749 74.657 74.561 74.461 74.356 74.246 74.131 74.011 73.885 73.754 73.616 73.473 73.324 73.168 73.005 72.835 72.659 72.475 72.284 72.085 71.878 71.663 71.44 71.207 70.966 70.714 70.452 70.179 69.896 69.601 69.296 68.98 68.655
76.715 76.684 76.652 76.621 76.589 76.556 76.523 76.489 76.455 76.42 76.385 76.349 76.313 76.276 76.238 76.199 76.16 76.119 76.078 76.035 75.992 75.947 75.901 75.853 75.804 75.753 75.7 75.646 75.59 75.531 75.47 75.407 75.341 75.272 75.201 75.127 75.049 74.968 74.883 74.794 74.702 74.605 74.504 74.399 74.289 74.173 74.053 73.928 73.797 73.66 73.517 73.369 73.214 73.053 72.885 72.71 72.529 72.341 72.145 71.941 71.73 71.511 71.283 71.047 70.802 70.547 70.283 70.01 69.727 69.435 69.135 68.829
