raw_data/humedad_relativa/hora15/rh15sep.txt
ncols         501
nrows         361
xllcorner     109.95
yllcorner     -45.05
cellsize      0.1
NODATA_value  -9999
[rows 32 to 63 of 361, columns 216 to 287 of 501]
41.355 41.594 41.843 42.102 42.368 42.642 42.921 43.202 43.482 43.718 43.928 44.192 44.394 44.424 44.61 44.492 44.461 44.418 44.35 44.132 44.069 44.274 44.063 43.996 44.082 44.053 43.979 43.838 43.852 43.851 43.827 43.783 43.779 43.767 43.757 43.751 43.75 43.74 43.747 43.7 43.783 43.814 43.84 43.723 43.904 43.758 43.944 44.008 44.066 43.989 44.189 44.218 44.236 44.38 44.451 44.524 44.601 44.681 44.764 44.851 44.94 45.033 45.129 45.227 45.329 45.434 45.542 45.653 45.766 45.883 46.003 46.126
41.012 41.253 41.509 41.767 42.056 42.343 42.498 42.857 43.118 43.513 43.728 43.992 44.253 44.405 44.493 44.471 44.149 44.21 43.553 43.924 43.993 43.313 43.57 43.757 43.78 43.734 43.693 43.456 43.554 43.43 43.436 43.46 43.433 43.379 43.452 43.406 43.453 43.434 43.378 43.394 43.376 43.524 43.425 43.446 43.547 43.658 43.701 43.748 43.77 43.464 43.688 43.973 44.003 44.106 44.177 44.252 44.33 44.411 44.495 44.583 44.673 44.767 44.863 44.963 45.066 45.171 45.28 45.391 45.506 45.624 45.744 45.868
40.65 40.897 41.116 41.403 41.679 41.824 42.306 42.616 42.946 43.193 43.447 43.796 44.121 44.264 44.35 43.888 43.184 43.182 43.206 43.105 43.457 42.974 42.621 43.244 43.21 43.425 43.35 43.297 43.22 43.15 43.098 43.17 43.036 42.976 43.146 43.088 43.1 43.12 43.089 43.074 43.047 43.152 43.205 43.278 43.325 43.367 43.412 43.46 43.486 43.343 43.443 43.681 43.614 43.827 43.899 43.975 44.055 44.137 44.222 44.311 44.402 44.497 44.594 44.695 44.798 44.905 45.014 45.126 45.242 45.36 45.481 45.605
40.233 40.515 40.754 40.91 41.25 41.452 41.957 42.194 42.607 42.913 43.276 43.484 43.892 43.639 43.665 44.086 43.106 43.106 42.646 42.769 42.929 42.734 42.511 43.067 43.067 42.977 42.825 42.885 42.836 42.694 42.749 42.815 42.486 42.629 42.823 42.775 42.64 42.647 42.674 42.682 42.734 42.837 42.731 42.953 43.026 43.069 43.116 43.16 43.192 43.169 43.161 43.209 43.414 43.543 43.617 43.694 43.775 43.858 43.945 44.035 44.127 44.223 44.321 44.423 44.527 44.634 44.744 44.858 44.974 45.092 45.214 45.339
39.813 40.104 40.308 40.509 40.884 41.137 41.487 41.879 42.201 42.581 42.93 43.279 43.71 44.015 42.691 42.74 43.287 42.372 42.41 42.429 42.329 42.007 42.57 42.847 42.508 42.657 42.325 42.369 42.432 42.436 42.452 42.44 42.434 42.231 42.473 42.489 42.371 42.325 42.383 42.367 42.281 42.43 42.475 42.609 42.649 42.722 42.813 42.86 42.828 42.917 43.046 42.935 43.182 43.254 43.33 43.409 43.491 43.576 43.664 43.754 43.848 43.945 44.044 44.147 44.252 44.36 44.471 44.585 44.702 44.821 44.944 45.069
39.375 39.627 39.785 40.011 40.34 40.694 41.02 41.388 41.694 42.131 42.54 42.856 43.311 43.575 43.428 42.629 42.539 42.845 42.123 41.875 41.552 41.615 42.319 41.898 41.611 42.125 41.745 42.069 41.956 41.951 42.034 42.056 41.998 42.08 42.092 42.146 42.126 42.105 42.063 41.942 41.976 42.054 42.1 42.178 42.19 42.367 42.476 42.507 42.537 42.662 42.747 42.607 42.887 42.961 43.039 43.119 43.202 43.289 43.378 43.47 43.565 43.663 43.764 43.867 43.973 44.082 44.194 44.309 44.426 44.546 44.669 44.795
38.984 39.132 39.245 39.528 39.904 40.12 40.513 40.852 41.209 41.612 41.902 42.353 42.435 41.988 42.832 42.006 41.477 41.383 41.633 41.281 41.273 41.051 41.444 41.185 41.59 41.493 41.297 41.263 41.32 41.447 41.605 41.634 41.604 41.615 41.726 41.726 41.687 41.578 41.62 41.703 41.334 41.723 41.789 41.879 41.907 42.057 42.098 42.061 42.193 42.377 42.444 42.514 42.588 42.664 42.743 42.825 42.91 42.998 43.089 43.182 43.279 43.378 43.479 43.584 43.691 43.801 43.914 44.029 44.147 44.268 44.392 44.518
38.369 38.543 38.779 39.051 39.411 39.55 39.879 40.215 40.596 41.025 41.223 41.598 41.92 41.915 41.161 40.907 40.917 40.77 41.259 41.266 40.598 40.708 40.598 41.021 40.751 40.722 40.827 40.693 41.042 41.115 41.178 41.201 41.15 41.135 41.262 41.275 41.103 41.238 40.92 41.255 41.238 41.484 41.562 41.569 41.624 41.741 41.785 41.89 41.959 41.851 42.136 42.209 42.284 42.362 42.443 42.527 42.614 42.703 42.796 42.891 42.988 43.089 43.192 43.297 43.405 43.516 43.63 43.746 43.865 43.986 44.111 44.237
37.777 38.173 38.285 38.547 38.808 38.706 39.144 39.392 39.921 40.3 40.644 40.542 41.154 40.184 40.127 40.212 40.24 40.298 40.315 40.479 40.109 40.056 40.144 40.218 40.318 40.098 40.118 40.154 40.416 40.646 40.769 40.814 40.823 40.862 40.966 40.907 40.851 40.815 40.82 40.657 40.972 41.213 41.266 41.323 41.397 41.348 41.537 41.602 41.498 41.752 41.758 41.899 41.976 42.057 42.14 42.226 42.314 42.405 42.499 42.595 42.694 42.796 42.9 43.007 43.116 43.228 43.343 43.46 43.579 43.701 43.826 43.953
37.379 37.629 37.823 37.773 38.172 38.492 38.814 39.097 39.284 38.897 39.752 40.169 40.293 40.083 40.164 40.062 39.883 39.934 39.965 39.476 39.521 39.472 39.648 39.906 39.874 39.755 39.818 39.826 39.946 40.182 40.338 40.421 40.434 40.512 40.508 40.531 40.493 40.458 40.393 40.43 40.721 40.914 40.922 41.029 41.097 41.152 41.21 41.293 41.262 41.433 41.508 41.585 41.665 41.747 41.833 41.92 42.011 42.104 42.199 42.297 42.397 42.5 42.606 42.714 42.824 42.937 43.052 43.17 43.29 43.413 43.538 43.666
36.611 37.039 37.03 37.429 37.5 37.704 38.139 38.386 38.628 38.474 38.86 39.397 38.542 38.657 38.769 38.909 39.005 39.205 39.047 38.947 39.041 39.197 39.24 39.125 39.15 39.198 39.486 39.389 39.501 39.765 39.902 39.958 40.021 40 40.102 40.017 40.141 39.858 39.642 39.737 40.242 40.51 40.538 40.701 40.764 40.823 40.895 40.964 41.021 41.11 41.188 41.267 41.35 41.434 41.522 41.611 41.704 41.798 41.896 41.995 42.097 42.201 42.308 42.417 42.529 42.643 42.759 42.878 42.999 43.122 43.248 43.376
36.117 36.047 36.238 36.666 36.699 37.141 37.234 37.658 37.853 37.758 37.313 37.823 38.606 37.999 38.117 37.959 38.136 37.971 38.311 38.302 38.406 38.558 38.608 38.691 38.886 38.994 39.176 39.093 39.097 39.395 39.441 39.525 39.602 39.674 39.732 39.674 39.687 39.481 39.105 39.646 39.913 40.05 40.238 40.355 40.421 40.406 40.558 40.631 40.706 40.784 40.864 40.946 41.031 41.118 41.207 41.299 41.394 41.49 41.589 41.69 41.794 41.9 42.008 42.118 42.231 42.345 42.463 42.582 42.704 42.828 42.954 43.083
35.43 35.705 35.488 35.835 36.267 36.135 36.465 36.606 36.788 36.564 36.672 36.761 37.183 37.507 37.322 37.201 37.372 37.36 37.43 37.739 37.892 37.956 37.976 38.291 38.531 38.694 38.593 38.853 38.796 38.897 38.957 39.063 39.142 39.161 39.295 39.253 38.935 38.951 39.306 39.388 39.584 39.789 39.801 40.001 40.073 40.144 40.218 40.294 40.373 40.453 40.536 40.621 40.709 40.798 40.89 40.984 41.081 41.179 41.28 41.383 41.488 41.595 41.704 41.816 41.93 42.046 42.164 42.284 42.406 42.531 42.658 42.787
34.919 34.573 34.862 35.17 35.573 35.437 35.603 35.726 35.875 36.564 36.417 35.806 36.538 36.688 36.304 36.405 36.788 36.801 36.873 36.986 37.304 37.493 37.548 37.727 38.047 38.184 38.236 38.402 38.35 38.32 38.444 38.532 38.575 38.607 38.851 38.765 38.285 38.805 39.031 39.053 39.19 39.379 39.443 39.648 39.721 39.797 39.874 39.954 40.036 40.12 40.206 40.294 40.384 40.476 40.57 40.666 40.765 40.865 40.968 41.072 41.179 41.287 41.398 41.511 41.626 41.743 41.862 41.983 42.106 42.232 42.359 42.489
33.915 34.161 34.156 34.178 34.573 34.987 35.131 34.59 34.923 34.809 35.263 35.862 36.109 35.615 36.111 35.807 36.045 36.251 36.481 36.357 36.726 36.891 37.131 37.291 37.456 37.601 37.761 37.903 37.792 37.992 38.04 38.056 38.127 38.335 38.399 38.456 38.012 38.455 38.679 38.864 38.945 39.052 39.203 39.289 39.366 39.446 39.528 39.611 39.696 39.783 39.872 39.963 40.056 40.15 40.247 40.346 40.446 40.548 40.653 40.759 40.867 40.978 41.09 41.204 41.32 41.438 41.558 41.68 41.804 41.93 42.058 42.188
33.521 33.577 33.432 33.815 34.047 34.011 34.307 34.377 34.355 34.27 34.538 35.002 35.027 35.373 35.401 35.086 35.665 35.647 35.595 35.946 36.16 36.431 36.551 36.602 36.861 36.977 37.112 37.176 37.571 37.614 37.52 37.657 37.776 37.832 37.943 38.072 38.063 38.117 38.2 38.394 38.515 38.524 38.819 38.926 39.009 39.093 39.052 39.256 39.315 39.444 39.522 39.539 39.725 39.823 39.922 40.022 40.125 40.23 40.336 40.444 40.554 40.666 40.779 40.895 41.012 41.131 41.252 41.375 41.499 41.626 41.754 41.884
32.94 32.709 32.931 32.96 33.164 33.371 33.392 33.618 33.686 33.561 33.548 33.946 34.208 34.398 34.379 34.677 34.635 34.812 35.205 35.307 35.681 35.933 36.109 36.178 36.376 36.397 36.447 36.98 36.986 37.198 37.241 37.278 37.341 37.389 37.517 37.686 37.694 37.756 37.874 38.031 38.031 38.308 38.456 38.54 38.648 38.736 38.826 38.917 39.009 39.102 39.198 39.294 39.393 39.428 39.594 39.697 39.802 39.908 40.017 40.126 40.238 40.351 40.466 40.583 40.701 40.822 40.943 41.067 41.192 41.32 41.448 41.579
32.505 32.246 32.33 32.488 32.591 32.711 32.531 32.807 32.764 32.806 33.04 33.403 33.663 33.734 33.76 33.747 33.954 34.444 34.699 34.797 35.088 35.237 35.555 35.763 35.888 36.166 36.192 36.409 36.688 36.687 36.714 36.692 36.946 36.673 36.997 37.265 37.39 37.481 37.574 37.581 37.767 37.891 38.029 38.09 38.286 38.378 38.472 38.566 38.662 38.599 38.735 38.884 38.937 39.16 39.264 39.37 39.477 39.585 39.695 39.807 39.92 40.035 40.151 40.269 40.389 40.51 40.633 40.758 40.884 41.011 41.141 41.272
31.993 31.508 31.69 31.884 31.962 32.029 31.829 32.002 31.886 32.021 32.109 32.77 32.95 32.942 33.288 33.093 33.316 33.708 34.063 34.199 34.573 34.665 35.004 34.946 35.478 35.693 35.839 36.001 36.176 36.188 36.055 36.018 36.465 36.652 36.735 36.779 36.994 37.145 37.214 37.327 37.369 37.488 37.61 37.827 37.922 38.019 38.116 38.214 38.313 38.115 38.307 38.415 38.721 38.827 38.933 39.041 39.15 39.261 39.373 39.486 39.601 39.717 39.835 39.954 40.075 40.197 40.321 40.446 40.573 40.701 40.831 40.963
31.338 31.217 31.181 31.405 31.304 31.089 31.203 31.165 31.315 31.323 31.435 31.989 32.22 32.519 32.646 32.735 32.935 33.334 33.316 33.429 33.891 34.369 34.613 34.768 35.016 35.211 35.037 35.42 35.631 35.751 35.829 35.998 35.966 36.167 36.32 36.323 36.596 36.661 36.873 36.984 37.075 37.205 37.278 37.457 37.557 37.658 37.759 37.861 37.963 37.829 37.933 37.979 38.384 38.491 38.6 38.71 38.822 38.934 39.048 39.163 39.28 39.398 39.517 39.637 39.759 39.883 40.007 40.134 40.261 40.39 40.52 40.652
30.808 30.786 30.719 30.826 30.74 30.658 30.251 30.224 30.714 30.525 30.735 31.374 31.586 31.762 31.778 31.963 32.531 32.502 32.998 33.106 33.649 33.663 34.079 34.099 34.331 34.766 34.531 34.773 35.01 35.39 35.122 35.551 35.597 35.626 35.849 36.135 36.189 36.29 36.462 36.608 36.729 36.835 36.979 37.061 37.191 37.296 37.401 37.506 37.609 37.717 37.651 37.765 37.895 38.047 38.266 38.378 38.492 38.606 38.722 38.839 38.957 39.077 39.197 39.319 39.442 39.567 39.692 39.819 39.948 40.077 40.208 40.34
30.362 30.291 30.169 30.202 30.039 29.779 29.639 29.913 29.925 30.064 30.247 30.383 30.598 31.011 31.32 31.731 31.994 32.172 32.463 32.692 33.232 33.484 33.611 33.814 34.069 34.292 34.253 34.36 34.745 34.529 34.82 34.919 35.101 35.184 35.611 35.668 35.869 35.971 36.103 36.215 36.365 36.5 36.608 36.717 36.825 36.933 37.042 37.151 37.261 37.371 37.481 37.592 37.704 37.817 37.931 38.045 38.161 38.278 38.395 38.514 38.634 38.755 38.877 39 39.124 39.25 39.376 39.504 39.633 39.763 39.894 40.026
29.964 29.88 29.734 29.53 29.295 29.165 29.289 29.282 29.259 29.247 29.477 29.85 30.088 30.481 30.905 31.18 31.45 31.627 32.003 32.507 32.753 32.931 33.225 33.301 33.388 33.82 33.929 33.862 34.179 34.314 34.673 34.622 34.71 34.947 35.159 35.3 35.501 35.633 35.707 35.737 35.997 36.12 36.234 36.346 36.459 36.571 36.683 36.796 36.908 37.021 37.135 37.249 37.364 37.479 37.595 37.712 37.829 37.948 38.067 38.188 38.309 38.431 38.555 38.679 38.805 38.931 39.059 39.187 39.317 39.448 39.579 39.712
29.369 29.338 29.223 28.947 28.626 28.813 28.729 28.606 28.492 28.755 29.027 29.289 29.617 29.914 30.403 30.669 30.905 31.287 31.587 31.924 32.111 32.506 32.652 32.983 33.215 33.192 33.624 33.729 33.863 33.88 34.238 34.204 34.389 34.49 34.78 34.783 35.132 35.251 35.336 35.476 35.622 35.742 35.86 35.976 36.093 36.209 36.324 36.44 36.556 36.672 36.788 36.905 37.022 37.14 37.258 37.377 37.497 37.617 37.739 37.861 37.984 38.107 38.232 38.358 38.484 38.612 38.74 38.87 39 39.131 39.264 39.397
28.775 28.924 28.533 28.403 28.543 28.349 28.089 27.859 28.032 28.239 28.594 28.893 29.293 29.575 29.805 30.309 30.595 30.807 31.067 31.496 31.702 31.906 32.051 32.495 32.616 32.96 33.146 33.359 33.332 33.664 33.844 33.917 34.079 34.248 34.407 34.582 34.633 34.627 34.82 35.001 35.243 35.365 35.487 35.607 35.727 35.847 35.966 36.085 36.204 36.323 36.442 36.561 36.681 36.801 36.921 37.042 37.164 37.286 37.409 37.533 37.658 37.783 37.909 38.036 38.163 38.292 38.421 38.552 38.683 38.814 38.947 39.081
28.427 28.408 28.403 28.282 28.194 27.985 27.714 27.618 27.617 27.924 28.218 28.47 28.895 29.147 29.475 29.85 30.062 30.498 30.531 31.019 31.12 31.348 31.807 32.006 32.276 32.515 32.711 32.77 32.989 33.278 33.102 33.6 33.351 33.632 33.83 34.077 34.325 34.474 34.607 34.736 34.864 34.99 35.115 35.24 35.363 35.486 35.608 35.73 35.852 35.974 36.095 36.217 36.339 36.462 36.584 36.707 36.831 36.955 37.08 37.205 37.331 37.458 37.585 37.713 37.842 37.971 38.102 38.233 38.364 38.497 38.63 38.764
27.9 27.886 27.884 27.796 27.45 27.591 27.61 27.414 27.38 27.736 27.795 28.004 28.343 28.796 29.109 29.437 29.674 30.013 29.974 30.639 30.876 31.103 31.363 31.505 31.766 31.893 32.214 32.192 32.292 32.813 32.964 32.977 33.34 33.482 33.661 33.793 33.933 34.02 34.222 34.355 34.487 34.617 34.746 34.873 35 35.126 35.251 35.376 35.501 35.625 35.749 35.874 35.998 36.122 36.247 36.372 36.498 36.623 36.75 36.877 37.004 37.132 37.261 37.39 37.52 37.65 37.782 37.913 38.046 38.179 38.313 38.447
27.519 27.248 27.34 27.312 27.227 26.988 27.235 27.22 27.402 27.5 27.617 27.8 28.005 28.245 28.713 29.042 29.152 29.553 29.918 30.042 30.367 30.437 30.868 31.122 31.376 31.488 31.543 31.848 32.239 32.429 32.563 32.734 32.788 33.008 33.114 32.994 33.532 33.659 33.838 33.977 34.112 34.168 34.378 34.509 34.639 34.768 34.896 35.023 35.15 35.277 35.404 35.53 35.657 35.784 35.91 36.037 36.164 36.292 36.42 36.548 36.677 36.806 36.936 37.067 37.197 37.329 37.461 37.594 37.727 37.86 37.995 38.129
27.202 27 26.851 27 26.683 26.657 26.647 26.782 27.089 27.149 27.257 27.51 27.718 27.944 28.228 28.63 28.903 29.192 29.39 29.688 30.011 30.271 30.45 30.674 30.853 31.007 31.367 31.5 31.674 31.969 32.105 32.3 32.357 32.557 32.733 32.957 33.146 33.304 33.453 33.603 33.741 33.878 34.013 34.146 34.279 34.411 34.542 34.672 34.801 34.931 35.059 35.188 35.317 35.445 35.574 35.702 35.831 35.961 36.09 36.22 36.35 36.48 36.612 36.743 36.875 37.007 37.14 37.274 37.408 37.542 37.677 37.812
26.817 26.664 26.668 26.534 26.394 26.435 26.466 26.583 26.844 26.96 27.095 27.249 27.449 27.666 27.96 28.269 28.535 28.745 28.973 29.312 29.483 29.749 29.858 30.001 30.291 30.558 30.993 31.074 31.406 31.494 31.583 31.864 31.702 32.204 32.382 32.593 32.77 32.902 33.058 33.21 33.365 33.506 33.65 33.786 33.922 34.056 34.189 34.322 34.454 34.585 34.716 34.847 34.977 35.108 35.238 35.368 35.499 35.629 35.76 35.891 36.023 36.155 36.287 36.419 36.552 36.686 36.82 36.954 37.088 37.223 37.358 37.494
26.167 26.229 26.325 26.264 26.257 26.216 26.306 26.473 26.49 26.61 26.774 26.96 27.168 27.417 27.68 27.828 28.028 28.332 28.526 28.849 28.927 29.32 29.342 29.711 30.057 30.386 30.426 30.635 30.85 30.947 31.173 31.445 31.6 31.711 32.008 32.195 32.321 32.503 32.626 32.834 33.007 33.142 33.272 33.429 33.566 33.703 33.839 33.973 34.107 34.241 34.374 34.506 34.639 34.771 34.903 35.035 35.167 35.299 35.431 35.564 35.696 35.829 35.962 36.096 36.23 36.364 36.499 36.634 36.769 36.904 37.04 37.176
25.919 26 25.943 25.978 25.998 26.067 26.145 26.142 26.232 26.362 26.445 26.641 26.837 27.095 27.341 27.503 27.705 27.932 28.216 28.471 28.711 28.796 28.985 29.458 29.672 29.98 30.137 30.019 30.475 30.421 30.628 30.924 31.245 31.41 31.519 31.827 31.897 32.143 32.27 32.459 32.443 32.639 32.874 33.023 33.214 33.352 33.49 33.627 33.763 33.898 34.033 34.167 34.301 34.435 34.569 34.702 34.835 34.969 35.102 35.236 35.37 35.504 35.638 35.773 35.908 36.043 36.178 36.314 36.45 36.586 36.722 36.859
