raw_data/humedad_relativa/hora15/rh15oct.txt
ncols         501
nrows         361
xllcorner     109.95
yllcorner     -45.05
cellsize      0.1
NODATA_value  -9999
[rows 256 to 287 of 361, columns 0 to 71 of 501]
68.381 68.356 68.33 68.303 68.274 68.243 68.211 68.177 68.141 68.104 68.065 68.024 67.982 67.937 67.891 67.842 67.792 67.739 67.685 67.628 67.569 67.507 67.443 67.377 67.309 67.238 67.164 67.088 67.009 66.927 66.842 66.755 66.664 66.57 66.474 66.373 66.27 66.163 66.052 65.938 65.819 65.696 65.569 65.437 65.3 65.157 65.008 64.852 64.688 64.516 64.334 64.141 63.935 63.713 63.475 63.218 62.941 62.644 62.327 61.835 61.342 60.739 59.895 59.535 59.336 58.435 58.308 57.811 57.886 56.732 56.871 56.503
68.514 68.49 68.464 68.437 68.409 68.379 68.347 68.314 68.279 68.243 68.205 68.165 68.123 68.079 68.034 67.986 67.937 67.885 67.831 67.776 67.718 67.657 67.595 67.53 67.463 67.393 67.32 67.246 67.168 67.088 67.004 66.918 66.829 66.737 66.642 66.543 66.441 66.336 66.227 66.114 65.997 65.875 65.749 65.618 65.482 65.34 65.192 65.037 64.874 64.702 64.521 64.328 64.123 63.905 63.67 63.419 63.151 62.865 62.562 62.244 61.44 61.017 60.709 60.22 59.92 59.524 59.042 57.568 56.784 57.777 57.487 57.275
68.645 68.622 68.597 68.571 68.543 68.514 68.483 68.45 68.416 68.381 68.343 68.304 68.263 68.22 68.175 68.129 68.08 68.03 67.977 67.922 67.865 67.806 67.745 67.681 67.615 67.546 67.475 67.402 67.325 67.246 67.165 67.08 66.992 66.902 66.808 66.711 66.61 66.506 66.399 66.287 66.171 66.051 65.926 65.796 65.661 65.52 65.373 65.219 65.057 64.886 64.706 64.515 64.312 64.097 63.867 63.622 63.363 63.088 62.798 62.495 61.843 61.585 61.342 60.709 60.606 60.027 59.736 59.158 59.017 57.99 58.177 57.744
68.776 68.753 68.729 68.703 68.676 68.647 68.617 68.586 68.552 68.517 68.481 68.442 68.402 68.36 68.316 68.27 68.223 68.173 68.122 68.068 68.012 67.954 67.893 67.831 67.766 67.699 67.629 67.556 67.481 67.404 67.323 67.24 67.154 67.064 66.972 66.876 66.777 66.674 66.568 66.457 66.343 66.224 66.1 65.972 65.838 65.698 65.552 65.398 65.238 65.068 64.89 64.701 64.501 64.289 64.065 63.827 63.576 63.312 63.034 62.745 62.446 62.138 61.824 61.505 60.957 60.299 60.325 59.355 59.31 58.881 58.919 58.612
68.906 68.884 68.86 68.835 68.809 68.78 68.751 68.72 68.687 68.653 68.617 68.579 68.54 68.499 68.456 68.411 68.364 68.315 68.265 68.212 68.157 68.1 68.041 67.979 67.915 67.849 67.78 67.709 67.635 67.559 67.48 67.398 67.313 67.225 67.133 67.039 66.941 66.84 66.735 66.625 66.512 66.395 66.272 66.145 66.012 65.873 65.728 65.576 65.417 65.249 65.073 64.887 64.691 64.483 64.265 64.034 63.791 63.537 63.271 62.995 62.711 62.418 62.12 61.818 61.514 60.791 60.776 60.606 60.283 59.594 59.696 59.368
69.036 69.014 68.991 68.966 68.94 68.913 68.884 68.853 68.821 68.788 68.752 68.716 68.677 68.637 68.594 68.55 68.504 68.457 68.407 68.355 68.301 68.245 68.187 68.126 68.063 67.998 67.931 67.861 67.788 67.713 67.635 67.554 67.47 67.383 67.293 67.2 67.103 67.003 66.899 66.791 66.679 66.563 66.442 66.316 66.184 66.047 65.903 65.753 65.596 65.43 65.256 65.074 64.881 64.679 64.466 64.242 64.008 63.763 63.509 63.245 62.974 62.696 62.413 62.126 61.837 61.548 61.261 60.976 60.696 60.421 60.153 59.893
69.164 69.143 69.12 69.096 69.071 69.044 69.015 68.986 68.954 68.921 68.887 68.851 68.813 68.773 68.732 68.689 68.644 68.597 68.548 68.497 68.444 68.389 68.331 68.272 68.21 68.146 68.079 68.01 67.939 67.865 67.788 67.708 67.626 67.54 67.451 67.359 67.264 67.165 67.062 66.956 66.845 66.73 66.61 66.485 66.355 66.219 66.077 65.929 65.774 65.611 65.44 65.26 65.072 64.875 64.668 64.451 64.225 63.99 63.746 63.494 63.235 62.971 62.702 62.429 62.155 61.881 61.608 61.337 61.071 60.809 60.554 60.307
69.291 69.271 69.249 69.225 69.2 69.174 69.146 69.117 69.087 69.054 69.021 68.985 68.948 68.909 68.868 68.826 68.782 68.736 68.687 68.637 68.585 68.531 68.475 68.416 68.356 68.292 68.227 68.159 68.089 68.016 67.94 67.861 67.78 67.695 67.608 67.517 67.423 67.325 67.224 67.118 67.009 66.895 66.777 66.653 66.525 66.391 66.251 66.104 65.951 65.791 65.623 65.448 65.264 65.072 64.871 64.661 64.443 64.217 63.983 63.742 63.495 63.243 62.987 62.728 62.468 62.207 61.948 61.691 61.438 61.189 60.946 60.71
69.418 69.398 69.376 69.354 69.329 69.304 69.277 69.248 69.218 69.186 69.153 69.118 69.082 69.044 69.004 68.962 68.919 68.873 68.826 68.777 68.726 68.673 68.617 68.56 68.5 68.438 68.373 68.306 68.237 68.165 68.09 68.013 67.933 67.849 67.763 67.673 67.58 67.484 67.384 67.28 67.172 67.059 66.942 66.82 66.694 66.561 66.423 66.279 66.129 65.972 65.807 65.636 65.457 65.27 65.075 64.872 64.662 64.445 64.22 63.99 63.754 63.513 63.27 63.023 62.776 62.528 62.281 62.037 61.796 61.56 61.329 61.104
69.544 69.525 69.504 69.481 69.457 69.432 69.406 69.378 69.348 69.317 69.285 69.251 69.215 69.178 69.139 69.098 69.055 69.01 68.964 68.916 68.865 68.813 68.758 68.702 68.643 68.582 68.518 68.452 68.384 68.313 68.239 68.163 68.084 68.002 67.917 67.828 67.737 67.641 67.542 67.44 67.333 67.222 67.107 66.987 66.862 66.731 66.596 66.454 66.306 66.152 65.992 65.824 65.65 65.468 65.28 65.084 64.881 64.672 64.457 64.236 64.011 63.781 63.549 63.314 63.079 62.843 62.609 62.376 62.147 61.922 61.702 61.488
69.67 69.65 69.63 69.608 69.585 69.56 69.534 69.507 69.478 69.448 69.416 69.382 69.347 69.311 69.272 69.232 69.19 69.146 69.101 69.053 69.004 68.952 68.898 68.843 68.785 68.725 68.662 68.597 68.53 68.46 68.388 68.312 68.234 68.153 68.069 67.982 67.892 67.798 67.7 67.599 67.494 67.384 67.271 67.152 67.029 66.901 66.768 66.629 66.484 66.333 66.177 66.013 65.844 65.667 65.485 65.296 65.1 64.899 64.693 64.481 64.266 64.047 63.825 63.602 63.378 63.153 62.93 62.709 62.491 62.277 62.068 61.864
69.794 69.775 69.755 69.734 69.711 69.687 69.662 69.635 69.607 69.577 69.546 69.513 69.479 69.443 69.405 69.366 69.324 69.281 69.237 69.19 69.141 69.09 69.038 68.983 68.926 68.867 68.805 68.741 68.675 68.606 68.534 68.46 68.383 68.304 68.221 68.135 68.046 67.953 67.857 67.757 67.653 67.546 67.434 67.317 67.196 67.07 66.94 66.803 66.662 66.515 66.362 66.203 66.038 65.867 65.69 65.508 65.319 65.126 64.928 64.726 64.519 64.31 64.099 63.886 63.672 63.459 63.246 63.036 62.829 62.625 62.425 62.231
69.918 69.9 69.88 69.859 69.837 69.814 69.789 69.763 69.735 69.706 69.675 69.643 69.609 69.574 69.537 69.498 69.458 69.416 69.371 69.325 69.278 69.228 69.176 69.122 69.066 69.007 68.947 68.884 68.819 68.751 68.68 68.607 68.532 68.453 68.371 68.287 68.199 68.108 68.013 67.915 67.812 67.706 67.596 67.482 67.363 67.24 67.111 66.978 66.84 66.696 66.547 66.392 66.232 66.067 65.896 65.72 65.538 65.352 65.162 64.968 64.771 64.571 64.369 64.166 63.963 63.759 63.557 63.357 63.159 62.965 62.775 62.59
70.041 70.023 70.004 69.984 69.962 69.939 69.915 69.889 69.862 69.834 69.804 69.772 69.739 69.704 69.668 69.63 69.59 69.549 69.506 69.46 69.413 69.364 69.313 69.26 69.205 69.148 69.088 69.026 68.962 68.895 68.826 68.754 68.679 68.601 68.521 68.438 68.351 68.261 68.168 68.071 67.971 67.867 67.759 67.646 67.53 67.409 67.283 67.153 67.018 66.877 66.732 66.582 66.427 66.266 66.101 65.931 65.757 65.578 65.396 65.21 65.021 64.83 64.637 64.443 64.249 64.055 63.863 63.672 63.484 63.299 63.118 62.942
70.163 70.146 70.128 70.108 70.087 70.064 70.041 70.015 69.989 69.961 69.932 69.901 69.868 69.834 69.798 69.761 69.722 69.681 69.639 69.594 69.548 69.5 69.45 69.397 69.343 69.287 69.228 69.167 69.104 69.038 68.97 68.899 68.825 68.749 68.67 68.588 68.503 68.414 68.323 68.228 68.129 68.027 67.92 67.81 67.696 67.578 67.455 67.327 67.196 67.059 66.918 66.772 66.621 66.466 66.307 66.143 65.975 65.803 65.628 65.45 65.269 65.086 64.902 64.717 64.532 64.347 64.163 63.982 63.802 63.626 63.454 63.286
70.285 70.268 70.25 70.231 70.21 70.188 70.165 70.141 70.115 70.087 70.059 70.028 69.996 69.963 69.928 69.891 69.853 69.813 69.771 69.728 69.682 69.635 69.585 69.534 69.481 69.425 69.367 69.307 69.245 69.18 69.113 69.043 68.971 68.896 68.818 68.737 68.654 68.567 68.477 68.383 68.286 68.186 68.082 67.974 67.862 67.746 67.626 67.502 67.374 67.241 67.104 66.962 66.816 66.666 66.512 66.354 66.192 66.027 65.859 65.688 65.515 65.34 65.164 64.987 64.811 64.634 64.459 64.286 64.115 63.948 63.784 63.624
70.406 70.39 70.372 70.353 70.333 70.312 70.289 70.265 70.24 70.213 70.185 70.155 70.124 70.091 70.057 70.021 69.983 69.944 69.903 69.86 69.815 69.769 69.72 69.67 69.617 69.563 69.506 69.447 69.386 69.322 69.256 69.187 69.116 69.042 68.966 68.886 68.804 68.719 68.63 68.539 68.444 68.345 68.243 68.137 68.028 67.915 67.798 67.677 67.551 67.422 67.289 67.152 67.011 66.866 66.717 66.564 66.409 66.25 66.088 65.925 65.759 65.592 65.423 65.255 65.086 64.918 64.751 64.586 64.423 64.263 64.107 63.954
70.527 70.511 70.494 70.475 70.456 70.435 70.413 70.389 70.364 70.338 70.31 70.281 70.251 70.219 70.185 70.15 70.113 70.074 70.034 69.992 69.948 69.902 69.854 69.805 69.753 69.699 69.644 69.586 69.525 69.463 69.398 69.331 69.261 69.188 69.113 69.035 68.954 68.87 68.784 68.694 68.6 68.504 68.404 68.301 68.194 68.083 67.969 67.851 67.729 67.604 67.475 67.342 67.205 67.065 66.921 66.774 66.624 66.472 66.317 66.16 66.001 65.841 65.68 65.519 65.357 65.197 65.038 64.88 64.725 64.573 64.424 64.278
70.646 70.631 70.614 70.596 70.577 70.557 70.535 70.512 70.488 70.462 70.435 70.407 70.377 70.345 70.312 70.278 70.242 70.204 70.164 70.123 70.08 70.035 69.988 69.939 69.888 69.836 69.781 69.724 69.665 69.603 69.539 69.473 69.404 69.333 69.259 69.183 69.104 69.021 68.936 68.848 68.757 68.662 68.565 68.464 68.359 68.252 68.14 68.025 67.907 67.785 67.66 67.531 67.399 67.263 67.125 66.983 66.839 66.692 66.543 66.393 66.241 66.087 65.933 65.779 65.626 65.472 65.321 65.17 65.022 64.877 64.735 64.597
70.766 70.751 70.734 70.717 70.698 70.679 70.657 70.635 70.611 70.586 70.56 70.532 70.502 70.472 70.439 70.405 70.37 70.333 70.294 70.253 70.211 70.167 70.121 70.073 70.023 69.971 69.917 69.861 69.803 69.743 69.68 69.615 69.548 69.478 69.405 69.33 69.253 69.172 69.089 69.002 68.913 68.821 68.725 68.627 68.525 68.42 68.311 68.2 68.085 67.966 67.845 67.72 67.592 67.461 67.328 67.191 67.053 66.912 66.769 66.624 66.478 66.332 66.184 66.037 65.89 65.744 65.599 65.456 65.315 65.176 65.041 64.909
70.884 70.87 70.854 70.837 70.819 70.799 70.779 70.757 70.734 70.709 70.683 70.656 70.627 70.597 70.565 70.532 70.497 70.461 70.423 70.383 70.341 70.298 70.253 70.206 70.157 70.106 70.053 69.998 69.941 69.882 69.82 69.757 69.691 69.622 69.551 69.477 69.401 69.322 69.241 69.156 69.069 68.979 68.885 68.789 68.69 68.588 68.482 68.374 68.262 68.147 68.029 67.909 67.785 67.659 67.53 67.399 67.265 67.13 66.992 66.854 66.714 66.574 66.433 66.292 66.151 66.012 65.873 65.737 65.602 65.47 65.341 65.215
71.002 70.988 70.973 70.956 70.939 70.92 70.9 70.878 70.856 70.832 70.806 70.78 70.752 70.722 70.691 70.658 70.624 70.589 70.551 70.512 70.471 70.429 70.385 70.339 70.291 70.241 70.189 70.135 70.079 70.021 69.96 69.898 69.833 69.766 69.696 69.624 69.549 69.472 69.392 69.31 69.224 69.136 69.045 68.952 68.855 68.755 68.653 68.547 68.439 68.328 68.214 68.097 67.977 67.856 67.731 67.605 67.476 67.346 67.214 67.081 66.948 66.813 66.678 66.544 66.409 66.276 66.144 66.013 65.885 65.759 65.636 65.516
71.12 71.106 71.091 71.075 71.058 71.04 71.02 70.999 70.977 70.954 70.929 70.903 70.875 70.846 70.816 70.784 70.751 70.716 70.679 70.641 70.601 70.559 70.516 70.47 70.423 70.374 70.324 70.271 70.216 70.159 70.1 70.038 69.975 69.909 69.841 69.77 69.697 69.622 69.544 69.463 69.38 69.294 69.205 69.114 69.02 68.923 68.823 68.721 68.616 68.508 68.397 68.284 68.169 68.052 67.932 67.81 67.686 67.561 67.435 67.307 67.179 67.05 66.921 66.792 66.664 66.537 66.41 66.286 66.163 66.043 65.926 65.811
71.237 71.223 71.209 71.193 71.177 71.159 71.14 71.119 71.098 71.075 71.051 71.025 70.998 70.97 70.94 70.909 70.876 70.842 70.806 70.769 70.73 70.689 70.646 70.602 70.556 70.508 70.458 70.406 70.352 70.296 70.238 70.178 70.116 70.052 69.985 69.916 69.845 69.771 69.695 69.616 69.535 69.451 69.364 69.275 69.184 69.09 68.993 68.894 68.792 68.687 68.581 68.471 68.36 68.247 68.131 68.014 67.895 67.775 67.654 67.531 67.408 67.285 67.161 67.038 66.916 66.794 66.673 66.554 66.437 66.323 66.21 66.101
71.353 71.34 71.326 71.311 71.295 71.277 71.259 71.239 71.218 71.196 71.172 71.147 71.121 71.093 71.064 71.034 71.002 70.968 70.933 70.896 70.858 70.818 70.776 70.733 70.688 70.641 70.592 70.541 70.488 70.434 70.377 70.318 70.257 70.194 70.129 70.061 69.992 69.92 69.845 69.768 69.689 69.608 69.523 69.437 69.348 69.256 69.163 69.066 68.967 68.866 68.763 68.658 68.55 68.441 68.33 68.217 68.103 67.987 67.87 67.753 67.635 67.517 67.399 67.281 67.164 67.047 66.932 66.819 66.707 66.598 66.491 66.386
71.469 71.456 71.443 71.428 71.412 71.396 71.378 71.358 71.338 71.316 71.293 71.269 71.243 71.216 71.188 71.158 71.126 71.094 71.059 71.023 70.986 70.947 70.906 70.863 70.819 70.773 70.725 70.675 70.624 70.57 70.515 70.457 70.398 70.336 70.273 70.207 70.139 70.068 69.996 69.921 69.844 69.764 69.682 69.598 69.512 69.423 69.332 69.238 69.143 69.045 68.945 68.843 68.74 68.634 68.527 68.418 68.309 68.198 68.086 67.973 67.86 67.747 67.634 67.521 67.409 67.298 67.188 67.079 66.973 66.868 66.766 66.667
71.584 71.572 71.559 71.545 71.53 71.513 71.496 71.477 71.457 71.436 71.413 71.39 71.365 71.338 71.31 71.281 71.251 71.218 71.185 71.15 71.113 71.075 71.035 70.993 70.95 70.905 70.858 70.81 70.759 70.707 70.653 70.596 70.538 70.478 70.416 70.351 70.285 70.216 70.146 70.073 69.997 69.92 69.841 69.759 69.675 69.589 69.5 69.41 69.317 69.223 69.126 69.028 68.928 68.826 68.723 68.619 68.513 68.407 68.299 68.191 68.083 67.974 67.866 67.758 67.651 67.545 67.44 67.336 67.234 67.135 67.037 66.943
71.699 71.687 71.675 71.661 71.646 71.63 71.613 71.595 71.576 71.555 71.533 71.51 71.486 71.46 71.433 71.404 71.374 71.343 71.31 71.276 71.24 71.202 71.163 71.123 71.08 71.036 70.991 70.943 70.894 70.843 70.79 70.735 70.678 70.619 70.558 70.496 70.431 70.364 70.295 70.224 70.151 70.076 69.998 69.919 69.838 69.754 69.668 69.581 69.491 69.4 69.307 69.212 69.115 69.018 68.918 68.818 68.716 68.614 68.511 68.407 68.303 68.2 68.096 67.993 67.89 67.789 67.688 67.589 67.492 67.397 67.304 67.214
71.813 71.802 71.79 71.777 71.762 71.747 71.73 71.713 71.694 71.674 71.653 71.63 71.606 71.581 71.555 71.527 71.498 71.467 71.435 71.401 71.366 71.33 71.292 71.252 71.21 71.167 71.123 71.076 71.028 70.978 70.926 70.873 70.817 70.76 70.701 70.64 70.577 70.511 70.444 70.375 70.304 70.231 70.156 70.079 70 69.919 69.836 69.751 69.665 69.576 69.486 69.395 69.302 69.208 69.112 69.015 68.918 68.819 68.721 68.621 68.522 68.422 68.323 68.224 68.126 68.029 67.933 67.839 67.746 67.655 67.567 67.48
71.927 71.916 71.905 71.892 71.878 71.863 71.847 71.83 71.812 71.792 71.771 71.75 71.726 71.702 71.676 71.649 71.62 71.591 71.559 71.526 71.492 71.457 71.419 71.38 71.34 71.298 71.254 71.209 71.162 71.113 71.063 71.011 70.957 70.901 70.843 70.783 70.722 70.659 70.593 70.526 70.457 70.386 70.313 70.238 70.162 70.083 70.003 69.921 69.837 69.752 69.665 69.577 69.487 69.397 69.305 69.212 69.118 69.023 68.929 68.833 68.738 68.643 68.548 68.453 68.36 68.267 68.175 68.085 67.996 67.91 67.825 67.743
72.04 72.03 72.019 72.007 71.993 71.979 71.963 71.947 71.929 71.91 71.89 71.869 71.846 71.822 71.797 71.771 71.743 71.714 71.683 71.651 71.618 71.583 71.547 71.509 71.469 71.428 71.386 71.342 71.296 71.248 71.199 71.148 71.095 71.041 70.985 70.927 70.867 70.805 70.742 70.676 70.609 70.54 70.47 70.397 70.323 70.247 70.169 70.09 70.009 69.927 69.843 69.758 69.672 69.584 69.496 69.406 69.316 69.226 69.135 69.043 68.952 68.861 68.77 68.68 68.59 68.501 68.414 68.328 68.243 68.16 68.08 68.001
72.153 72.143 72.133 72.121 72.108 72.094 72.079 72.063 72.046 72.027 72.008 71.987 71.965 71.942 71.917 71.892 71.865 71.836 71.807 71.775 71.743 71.709 71.673 71.637 71.598 71.558 71.517 71.474 71.429 71.383 71.335 71.285 71.234 71.181 71.126 71.069 71.011 70.951 70.89 70.826 70.761 70.694 70.626 70.556 70.484 70.41 70.335 70.258 70.18 70.101 70.02 69.938 69.855 69.771 69.686 69.6 69.513 69.426 69.339 69.251 69.164 69.077 68.99 68.903 68.817 68.733 68.649 68.567 68.486 68.407 68.33 68.255
