raw_data/humedad_relativa/hora15/rh15dec.txt
ncols         501
nrows         361
xllcorner     109.95
yllcorner     -45.05
cellsize      0.1
NODATA_value  -9999
[rows 224 to 255 of 361, columns 216 to 287 of 501]
46.808 46.278 46.122 45.796 45.387 45.063 44.728 44.387 43.909 43.554 43.186 42.695 41.718 41.164 40.882 40.365 40.111 39.622 39.032 38.712 38.133 37.599 37.305 36.886 36.699 35.763 35.124 34.907 34.456 33.832 33.181 32.739 32.59 32.011 31.499 31.133 30.553 30.097 29.513 28.992 28.823 28.4 27.98 27.485 27.081 26.51 26.176 25.763 25.376 25.508 24.508 24.835 24.684 24.249 24.236 24.599 25.009 24.582 23.851 23.94 24.515 24.944 25.453 25.47 25.557 25.606 25.361 25.286 24.94 24.34 22.675 21.61
47.72 47.061 46.142 46.28 45.936 45.537 45.207 44.666 44.125 44.035 43.723 43.222 42.286 41.591 41.434 40.887 40.628 40.061 39.707 39.003 38.807 38.255 37.827 37.394 36.948 36.41 35.604 35.187 34.921 34.118 33.516 33.3 33.018 32.485 32.004 31.494 31.049 30.577 30.035 29.01 29.088 28.775 28.347 27.949 27.541 27.102 26.562 26.358 26.159 25.898 25.666 25.392 25.128 24.746 25.019 24.878 25.077 25.282 25.065 24.882 24.545 25.362 25.768 25.881 25.902 25.862 25.763 25.516 24.196 24.475 22.012 22.164
47.916 47.55 47.22 46.546 46.503 46.094 45.62 45.159 44.635 44.626 44.011 43.492 42.78 42.371 42.012 41.662 40.907 40.681 40.193 39.699 39.215 38.524 38.199 38.016 37.661 37.159 36.47 35.596 34.929 34.331 33.922 33.764 33.425 32.972 32.407 31.677 31.497 30.932 30.506 29.901 29.587 29.114 28.677 28.294 27.868 27.458 27.041 26.405 26.332 26.154 25.838 25.795 25.651 25.493 25.384 25.044 25.543 25.517 25.59 25.283 25.03 26.096 26.184 26.248 26.148 26.108 26.047 25.139 24.848 24.027 22.326 23.238
48.908 48.514 47.963 47.214 46.627 46.267 46.341 45.867 45.244 45.11 44.567 44.026 43.656 43.379 42.847 42.265 41.578 41.03 40.756 40.404 39.674 39.22 38.915 38.489 37.76 37.467 36.864 36.153 35.97 35.472 34.819 34.399 33.611 33.093 32.838 32.048 31.601 31.324 30.899 30.077 29.621 29.327 29.083 28.686 28.274 27.869 27.466 26.885 26.594 26.525 26.488 26.115 26.166 26.046 25.93 25.752 26.019 25.88 25.998 25.975 25.545 26.409 26.623 26.567 26.482 26.4 26.175 24.791 25.321 23.774 23.786 22.526
49.329 48.963 48.59 48.175 47.187 46.65 46.53 46.496 46.101 45.712 45.17 44.871 44.441 43.979 43.244 42.691 42.307 41.483 40.959 40.77 40.292 39.71 39.353 38.996 38.264 37.849 37.221 36.807 36.528 36.154 35.622 35.054 34.436 33.138 32.818 32.427 32.055 31.767 31.195 30.206 29.805 29.506 29.308 28.975 28.638 28.255 27.843 27.385 27.143 26.982 26.858 26.703 26.472 26.229 26.344 26.482 26.453 26.183 26.292 26.815 26.948 27.005 27.015 26.917 26.787 26.607 25.326 26.12 25.394 25.066 23.486 23.235
49.73 49.378 49.015 48.645 48.267 47.704 46.632 46.705 46.599 46.025 45.417 45.437 44.572 43.994 44.01 43.438 42.818 42.264 41.415 41.144 40.852 40.074 39.591 39.55 39.006 38.276 37.853 37.663 37.218 36.675 35.723 35.006 34.465 34.321 33.737 32.923 32.662 32.17 31.563 31.181 30.225 29.543 29.288 28.982 29.044 28.676 28.321 27.893 27.474 27.186 27.207 27.16 26.922 26.746 26.719 26.576 26.852 26.727 26.831 27.07 26.566 27.262 27.404 27.402 27.261 26.328 25.325 23.218 25.397 25.251 24.5 22.484
50.117 49.779 49.429 49.069 48.7 48.325 47.696 47.408 47.162 46.764 46.362 45.954 45.543 44.755 44.644 44.008 43.521 42.845 42.38 42.113 41.771 41.083 40.403 40.191 39.583 38.854 38.312 38.104 37.789 37.096 36.653 36.015 35.279 33.805 33.602 33.149 32.8 32.506 32.154 31.655 30.847 29.597 29.803 29.724 29.496 29.083 28.683 28.367 28.054 27.695 27.705 27.591 27.413 27.233 27.073 26.97 27.29 27 27.083 27.472 26.429 27.662 27.888 27.762 26.999 26.309 26.744 25.698 25.4 25.632 24.865 23.634
50.494 50.17 49.832 49.484 49.126 48.759 48.385 48.005 47.619 47.227 46.83 46.428 46.021 45.609 45.18 44.77 43.981 43.669 43.364 42.993 42.591 41.98 41.39 40.828 40.356 39.742 39.233 38.855 38.33 37.63 37.248 36.764 36.101 35.316 33.294 33.062 33.003 31.997 32.634 32.036 31.359 29.906 30.011 30.334 29.946 29.567 29.157 28.676 28.254 28.183 28.194 27.989 27.795 27.535 27.1 27.025 27.659 27.582 27.627 28.06 27.592 28.134 28.359 27.847 25.166 26.314 27.222 26.889 26.416 25.609 25.423 23.584
50.864 50.554 50.229 49.892 49.545 49.188 48.823 48.451 48.072 47.688 47.297 46.901 46.5 46.093 45.682 45.265 44.843 44.416 43.984 43.547 43.105 42.657 41.971 41.469 40.934 40.422 39.863 39.284 38.596 38.226 37.758 37.283 36.592 36.102 35.229 34.401 33.196 33.029 32.645 32.023 31.662 31.241 30.934 30.89 30.241 29.967 29.61 29.056 28.634 28.5 28.507 28.36 28.302 27.572 27.451 26.572 27.677 27.938 28.276 28.508 28.727 28.903 28.794 28.625 25.848 27.343 27.644 27.122 25.953 26.001 25.409 25.617
51.231 50.934 50.621 50.296 49.959 49.613 49.257 48.894 48.524 48.147 47.763 47.374 46.979 46.579 46.173 45.762 45.345 44.923 44.496 44.052 43.613 43.181 42.732 42.25 41.598 41.037 40.42 39.869 39.263 38.716 38.18 37.352 37.182 36.753 36.167 35.541 34.302 33.442 32.704 32.32 32.068 31.297 31.643 30.68 30.551 30.142 29.431 29.408 29.098 28.78 28.708 28.421 28.555 28.366 27.98 27.217 27.169 28.399 28.519 28.906 29.143 29.197 29.349 27.973 25.576 27.66 28.024 27.345 26.938 26.914 26.14 26.374
51.596 51.311 51.011 50.696 50.371 50.034 49.689 49.335 48.973 48.604 48.229 47.847 47.459 47.066 46.667 46.262 45.851 45.435 45.013 44.586 44.153 43.714 43.268 42.817 42.295 41.734 41.19 40.488 39.945 39.317 38.728 38.052 37.635 37.051 36.767 36.137 35.115 34.389 33.446 32.994 32.756 31.757 31.456 31.326 31.102 30.053 29.164 29.421 29.283 28.574 28.929 28.515 28.712 28.828 28.681 27.867 28.254 28.926 29.115 28.988 29.812 29.806 29.989 27.525 27.548 27.827 28.508 27.96 24.652 27.101 26.695 26.911
51.962 51.688 51.399 51.096 50.781 50.455 50.119 49.774 49.422 49.062 48.695 48.321 47.941 47.555 47.163 46.765 46.361 45.922 45.536 45.115 44.687 44.254 43.814 43.368 42.912 42.457 41.978 41.27 40.638 40.161 39.434 38.746 38.288 37.679 37.222 36.721 35.872 33.477 33.658 33.348 32.45 31.704 31.397 31.631 31.648 31.024 29.659 29.618 29.517 29.389 28.239 28.057 29.003 29.073 28.641 28.885 28.955 29.56 29.726 29.253 28.906 30.499 30.513 29.797 24.564 28.332 28.922 28.487 27.327 26.942 26.781 27.964
52.33 52.066 51.787 51.495 51.19 50.874 50.549 50.214 49.871 49.52 49.161 48.796 48.425 48.046 47.662 47.272 46.875 46.473 46.065 45.65 45.229 44.802 44.369 43.929 43.482 43.029 42.569 41.872 41.401 40.727 40.177 39.463 38.952 38.21 37.767 37.311 36.886 35.646 35.028 34.268 33.396 32.71 32.671 32.491 31.895 31.378 30.815 29.834 29.057 29.444 29.324 28.838 28.66 29.179 28.947 29.109 29.632 30.081 30.434 30.448 30.096 28.972 31.13 30.992 29.524 28.658 29.393 29.12 28.541 27.316 27.766 28.739
52.7 52.446 52.177 51.894 51.6 51.294 50.978 50.653 50.32 49.978 49.629 49.273 48.91 48.541 48.165 47.782 47.394 47 46.599 46.192 45.779 45.359 44.933 44.5 44.06 43.613 43.159 42.637 41.998 41.378 40.785 40.191 39.632 38.928 38.185 37.704 36.94 36.925 36.086 35.097 34.016 33.849 33.43 33.166 32.228 30.825 31.37 30.517 29.776 29.661 29.568 29.418 29.84 29.849 29.966 30.232 30.487 30.715 30.627 31.289 30.521 30.077 31.735 31.498 29.994 28.128 29.733 29.647 28.516 28.503 28.794 29.04
53.073 52.828 52.568 52.295 52.011 51.715 51.409 51.094 50.77 50.438 50.098 49.752 49.398 49.037 48.67 48.297 47.917 47.531 47.139 46.741 46.336 45.924 45.506 45.081 44.649 44.209 43.67 43.052 42.351 41.69 41.362 40.507 40.095 39.533 38.988 38.252 37.698 37.427 36.832 36.186 35.189 34.227 34.16 33.67 32.236 31.904 31.743 30.955 29.947 29.918 30.087 30.424 30.43 30.297 30.439 30.41 31.242 31.388 30.635 31.499 32.001 30.129 32.316 32.329 30.857 27.134 30.047 29.878 29.262 28.026 28.505 29.363
53.45 53.212 52.962 52.698 52.423 52.137 51.841 51.536 51.222 50.9 50.57 50.232 49.888 49.537 49.18 48.816 48.445 48.069 47.685 47.296 46.9 46.497 46.088 45.672 45.248 44.818 44.352 43.881 43.311 42.75 42.167 41.413 40.827 40.261 39.757 39.156 38.659 38.205 37.53 36.712 36.291 35.202 34.534 34.338 33.325 32.259 31.84 31.155 30.411 30.272 30.589 30.913 30.753 31.039 31.202 31.016 31.851 32.257 32.17 32.428 32.818 31.923 32.918 32.916 32.544 28.822 29.677 30.073 29.786 29.369 28.47 29.685
53.829 53.6 53.358 53.103 52.837 52.561 52.275 51.979 51.675 51.363 51.043 50.716 50.381 50.04 49.692 49.338 48.978 48.611 48.238 47.858 47.472 47.079 46.679 46.273 45.859 45.438 44.991 44.516 43.997 43.302 42.527 42.003 41.48 41.095 40.553 40.215 39.732 39.142 37.986 37.127 37.091 36.194 35.609 35.088 34.146 33.288 32.362 31.649 31.448 31.208 31.492 31.57 31.059 31.823 31.389 32.197 32.28 32.617 33.22 32.796 33.525 33.551 33.537 33.517 33.322 29.8 30.197 30.022 31.295 29.763 29.21 30.1
54.213 53.991 53.757 53.511 53.254 52.987 52.71 52.425 52.13 51.828 51.518 51.201 50.877 50.546 50.209 49.865 49.515 49.158 48.795 48.426 48.05 47.668 47.279 46.883 46.48 46.07 45.652 45.209 44.527 43.836 43.701 43.028 42.642 42.152 41.639 40.654 40.303 39.888 39.34 38.833 38.002 37.532 36.731 35.748 35.344 34.512 33.468 32.21 31.579 31.692 32.002 32.255 32.318 32.543 32.379 32.896 33.158 33.267 33.86 34.257 34.237 34.209 34.174 34.133 34.087 33.399 29.706 31.603 31.254 30.927 29.425 29.811
54.599 54.384 54.158 53.921 53.673 53.415 53.148 52.872 52.588 52.296 51.996 51.689 51.376 51.055 50.729 50.396 50.056 49.71 49.359 49 48.636 48.265 47.887 47.503 47.112 46.713 46.307 45.893 45.47 45.04 44.204 44.151 43.565 43.004 42.458 41.612 40.932 40.727 40.256 39.631 38.976 38.575 37.554 36.501 36.384 35.196 34.455 32.874 32.613 31.981 32.574 32.793 32.916 33.291 33.342 32.36 33.897 34.302 34.808 34.985 34.943 34.892 34.832 34.766 34.638 34.402 31.992 32.699 31.941 31.604 31.129 29.777
54.989 54.781 54.562 54.333 54.094 53.845 53.588 53.321 53.047 52.765 52.476 52.18 51.877 51.568 51.252 50.93 50.602 50.267 49.927 49.581 49.228 48.869 48.504 48.132 47.753 47.367 46.974 46.573 46.164 45.747 45.32 44.885 44.325 43.778 43.211 42.648 42 41.545 41.118 40.471 39.874 39.418 38.583 37.823 37.355 36.245 34.648 34.518 33.782 33.144 33.063 33.018 33.773 34.146 34.278 34.631 34.896 34.526 35.804 35.746 35.678 35.6 35.512 35.394 35.174 34.787 33.268 33.464 32.766 31.053 31.856 30.711
55.381 55.18 54.969 54.748 54.517 54.278 54.029 53.773 53.509 53.237 52.958 52.673 52.381 52.083 51.778 51.468 51.151 50.829 50.501 50.166 49.826 49.48 49.128 48.769 48.404 48.031 47.652 47.265 46.871 46.468 46.058 45.638 45.209 44.497 44.226 43.371 42.985 42.585 41.963 41.395 40.855 40.246 39.634 38.939 38.183 37.428 36.828 35.988 34.689 34.362 33.875 34.41 34.2 35.56 35.714 35.374 35.51 36.504 36.629 36.542 36.445 36.336 36.216 36.069 35.837 35 35.091 34.503 33.669 32.013 32.54 31.375
55.776 55.582 55.378 55.165 54.943 54.712 54.473 54.226 53.972 53.711 53.443 53.168 52.887 52.6 52.307 52.009 51.704 51.394 51.078 50.757 50.43 50.097 49.759 49.414 49.063 48.705 48.341 47.97 47.591 47.205 46.81 46.407 45.996 45.449 44.535 44.181 44.022 43.499 42.969 42.341 41.759 41.105 40.529 39.959 39.457 38.517 37.826 36.866 36.071 35.807 35.808 36.096 36.294 36.173 36.937 37.306 37.544 37.597 37.491 37.373 37.243 37.1 36.945 36.779 36.549 35.9 35.671 34.836 33.409 33.728 33.42 31.307
56.174 55.986 55.79 55.584 55.37 55.148 54.919 54.681 54.437 54.186 53.929 53.665 53.396 53.12 52.839 52.552 52.26 51.963 51.66 51.352 51.039 50.72 50.396 50.065 49.73 49.388 49.039 48.684 48.323 47.954 47.577 47.193 46.67 46.046 45.47 45.279 44.607 44.088 43.744 43.238 42.67 41.986 41.473 41.114 40.533 39.943 39.483 38.479 37.721 36.874 36.729 36.438 36.781 38.04 38.669 38.537 38.533 38.531 38.391 38.238 38.073 37.895 37.703 37.498 37.04 36.42 35.133 35.828 35.267 34.519 33.783 33.225
56.573 56.392 56.203 56.005 55.799 55.586 55.366 55.138 54.904 54.663 54.417 54.164 53.906 53.642 53.373 53.099 52.819 52.535 52.246 51.951 51.652 51.348 51.038 50.723 50.403 50.077 49.746 49.408 49.065 48.246 48.357 47.992 47.62 47.241 46.63 46.413 45.751 45.133 44.933 44.495 43.83 43.404 42.85 42.189 41.747 41.306 40.895 40.564 39.687 39.204 39.278 38.976 38.895 40.018 39.963 39.822 39.665 39.5 39.324 39.137 38.936 38.721 38.491 37.808 37.233 36.975 36.38 36.417 35.635 34.519 34.054 31.828
56.975 56.8 56.617 56.427 56.23 56.025 55.814 55.596 55.372 55.142 54.906 54.664 54.417 54.165 53.909 53.647 53.38 53.109 52.834 52.553 52.269 51.979 51.685 51.386 51.083 50.774 50.46 50.141 49.816 49.485 49.148 48.805 48.454 48.097 47.733 47.362 46.777 46.455 46.022 45.481 44.998 44.477 43.853 43.469 42.94 42.423 42.505 42.107 40.927 41.266 41.196 41.23 41.436 41.271 41.083 40.895 40.703 40.502 40.291 40.067 39.83 39.363 38.878 38.514 38.027 36.987 37.199 37.148 36.467 35.48 34.242 33.72
57.377 57.209 57.033 56.851 56.661 56.465 56.263 56.055 55.84 55.621 55.395 55.165 54.93 54.69 54.445 54.196 53.943 53.685 53.424 53.158 52.888 52.614 52.336 52.053 51.767 51.476 51.18 50.88 50.575 50.264 49.948 49.627 49.3 48.967 48.628 48.282 47.847 47.464 47.053 46.59 46.125 45.67 45.02 44.629 44.23 43.569 43.097 43.436 43.269 43.108 43.105 42.89 42.661 42.439 42.219 41.997 41.77 41.534 41.287 41.028 40.755 40.302 39.741 39.222 38.537 37.156 38.17 37.959 37.493 36.492 34.341 34.052
57.78 57.618 57.45 57.275 57.093 56.906 56.713 56.514 56.31 56.1 55.886 55.667 55.443 55.215 54.983 54.747 54.507 54.263 54.015 53.764 53.509 53.251 52.989 52.724 52.454 52.182 51.905 51.624 51.339 51.05 50.756 50.458 50.155 49.847 49.533 49.215 48.891 48.419 47.995 47.44 47.139 46.797 46.331 45.63 45.349 44.651 44.881 44.856 44.472 44.654 44.386 44.128 43.876 43.627 43.378 43.124 42.862 42.592 42.31 42.015 41.607 40.785 40.615 39.753 39.382 38.269 38.548 37.354 38.279 37.43 35.294 35.275
58.183 58.028 57.866 57.699 57.526 57.347 57.163 56.973 56.779 56.58 56.376 56.168 55.956 55.74 55.521 55.297 55.071 54.841 54.607 54.371 54.132 53.889 53.644 53.396 53.144 52.89 52.633 52.372 52.108 51.841 51.57 51.295 51.016 50.734 50.447 50.157 49.862 49.544 48.445 48.443 48.21 47.675 46.95 46.766 46.165 46.093 45.987 46.239 46.208 45.927 45.651 45.378 45.107 44.834 44.556 44.271 43.977 43.673 43.356 43.027 42.417 41.675 41.008 40.311 40.025 40.784 40.119 39.351 39.207 38.331 37.142 36.066
58.587 58.438 58.283 58.123 57.958 57.787 57.612 57.432 57.248 57.059 56.866 56.669 56.469 56.265 56.058 55.847 55.634 55.418 55.199 54.978 54.754 54.528 54.299 54.068 53.835 53.6 53.362 53.122 52.879 52.634 52.386 52.136 51.883 51.626 51.367 51.105 50.839 50.57 49.794 49.781 49.306 48.932 48.261 47.393 47.749 47.661 47.384 47.586 47.489 47.208 46.926 46.641 46.352 46.056 45.752 45.437 45.112 44.774 44.424 44.06 43.273 42.491 41.424 41.225 41.293 41.646 41.123 40.039 39.905 38.919 37.555 36.679
58.99 58.847 58.7 58.547 58.39 58.228 58.061 57.89 57.716 57.537 57.355 57.169 56.98 56.789 56.594 56.397 56.197 55.995 55.79 55.584 55.376 55.166 54.954 54.741 54.526 54.309 54.091 53.872 53.651 53.428 53.204 52.978 52.751 52.521 52.29 52.056 51.821 51.583 51.094 50.761 50.387 50.156 49.406 48.364 48.578 49.032 48.838 49.049 48.776 48.497 48.21 47.914 47.609 47.291 46.962 46.619 46.262 45.892 45.508 45.111 43.855 43.09 42.485 42.776 42.96 42.507 42.048 41.438 40.866 40.172 39.256 37.781
59.392 59.256 59.115 58.97 58.82 58.667 58.509 58.347 58.182 58.014 57.842 57.668 57.49 57.31 57.128 56.944 56.757 56.569 56.379 56.188 55.995 55.802 55.607 55.411 55.214 55.017 54.819 54.62 54.421 54.221 54.021 53.82 53.618 53.416 53.212 53.008 52.802 52.595 52.005 51.498 50.452 51.165 49.976 49.857 49.939 50.833 50.588 50.334 50.07 49.793 49.503 49.197 48.876 48.539 48.185 47.814 47.427 47.024 46.607 46.095 44.926 44.056 44.004 43.874 43.865 43.381 42.895 42.33 41.709 41.061 40.41 39.323
59.793 59.663 59.529 59.391 59.25 59.104 58.955 58.803 58.647 58.489 58.328 58.164 57.998 57.83 57.66 57.488 57.315 57.141 56.965 56.789 56.612 56.434 56.256 56.078 55.9 55.721 55.543 55.366 55.188 55.011 54.834 54.658 54.482 54.307 54.132 53.957 53.782 53.606 53.429 53.149 52.634 52.226 51.092 52.111 52.299 51.953 51.862 51.624 51.369 51.096 50.804 50.49 50.154 49.797 49.418 49.019 48.601 48.166 47.716 47.055 46.324 45.362 45.129 45.292 44.78 44.268 43.752 43.232 42.631 42.06 41.313 40.438
