raw_data/humedad_relativa/hora15/rh15feb.txt
ncols         501
nrows         361
xllcorner     109.95
yllcorner     -45.05
cellsize      0.1
NODATA_value  -9999
[rows 256 to 287 of 361, columns 216 to 287 of 501]
59.115 58.981 58.842 58.699 58.553 58.402 58.247 58.09 57.929 57.766 57.6 57.431 57.261 57.09 56.917 56.743 56.568 56.394 56.219 56.045 55.871 55.699 55.528 55.359 55.192 55.028 54.867 54.709 54.555 54.405 54.259 54.119 53.983 53.853 53.728 53.533 53.495 53.386 53.279 53.147 52.856 52.03 51.704 52.731 52.622 52.481 52.321 52.138 51.927 51.685 51.41 51.1 50.754 50.374 49.96 49.516 49.043 48.546 48.026 47.486 46.362 45.788 45.554 45.177 44.573 43.96 43.342 42.719 42.089 41.395 40.702 39.961
59.445 59.318 59.187 59.053 58.915 58.773 58.628 58.481 58.33 58.178 58.023 57.867 57.709 57.551 57.391 57.231 57.071 56.911 56.752 56.593 56.436 56.281 56.128 55.978 55.83 55.686 55.545 55.409 55.277 55.15 55.029 54.913 54.803 54.7 54.602 54.511 54.425 54.345 54.268 54.116 53.717 53.384 53.022 53.878 53.778 53.659 53.518 53.348 53.146 52.907 52.628 52.307 51.945 51.542 51.101 50.626 50.12 49.588 49.033 48.458 47.372 46.802 46.027 46.018 45.385 44.745 44.102 43.456 42.81 42.124 41.411 39.803
59.774 59.654 59.531 59.404 59.275 59.142 59.007 58.869 58.729 58.588 58.444 58.299 58.154 58.008 57.861 57.715 57.568 57.423 57.279 57.136 56.996 56.857 56.721 56.589 56.46 56.335 56.215 56.099 55.989 55.885 55.787 55.695 55.611 55.533 55.462 55.398 55.34 55.288 55.241 54.964 55.002 54.697 55.045 55.001 54.919 54.834 54.715 54.563 54.373 54.139 53.857 53.526 53.146 52.719 52.25 51.742 51.202 50.633 50.042 49.372 48.322 47.556 47.275 46.863 46.201 45.536 44.869 44.201 43.535 42.853 42.193 39.956
60.101 59.988 59.872 59.754 59.633 59.509 59.383 59.255 59.125 58.994 58.861 58.728 58.594 58.46 58.326 58.193 58.061 57.929 57.8 57.672 57.547 57.425 57.306 57.191 57.081 56.975 56.874 56.779 56.689 56.607 56.531 56.463 56.402 56.349 56.304 56.267 56.237 56.213 56.195 56.181 56.169 56.156 56.138 56.002 56.068 56.004 55.911 55.781 55.606 55.379 55.097 54.755 54.357 53.904 53.404 52.861 52.284 51.678 51.049 50.307 49.378 48.558 48.349 47.707 47.018 46.329 45.639 44.95 44.266 43.582 42.591 40.814
60.425 60.32 60.211 60.101 59.988 59.873 59.756 59.637 59.517 59.396 59.274 59.152 59.03 58.908 58.786 58.666 58.546 58.429 58.314 58.201 58.091 57.985 57.882 57.784 57.691 57.603 57.52 57.445 57.376 57.314 57.26 57.214 57.176 57.147 57.127 57.115 57.111 57.116 57.127 57.143 57.162 57.181 57.196 57.203 57.084 57.164 57.06 56.998 56.843 56.628 56.345 55.994 55.575 55.093 54.532 53.535 52.944 52.287 51.802 51.304 50.536 49.72 49.258 48.545 47.832 47.119 46.408 45.7 44.997 44.299 42.945 39.052
60.747 60.648 60.548 60.444 60.34 60.233 60.125 60.015 59.905 59.794 59.683 59.571 59.46 59.35 59.24 59.132 59.025 58.921 58.819 58.721 58.626 58.534 58.447 58.365 58.289 58.218 58.153 58.096 58.046 58.004 57.97 57.945 57.93 57.923 57.926 57.939 57.961 57.992 58.031 58.077 58.127 58.179 58.229 58.272 58.301 58.308 58.282 58.211 58.082 57.882 57.602 57.24 56.797 56.283 55.538 54.73 53.975 53.5 52.991 52.281 51.442 50.75 50.113 49.374 48.637 47.902 47.171 46.446 45.727 44.283 42.387 41.895
61.066 60.974 60.881 60.785 60.688 60.589 60.49 60.389 60.288 60.187 60.086 59.985 59.884 59.785 59.687 59.591 59.497 59.405 59.316 59.231 59.15 59.073 59.001 58.934 58.874 58.819 58.771 58.731 58.699 58.676 58.661 58.656 58.661 58.676 58.701 58.737 58.783 58.84 58.905 58.979 59.06 59.144 59.229 59.31 59.379 59.428 59.445 59.414 59.319 59.14 58.866 58.491 58.019 57.465 56.779 55.928 55.442 54.742 53.997 53.241 52.48 51.716 50.951 50.189 49.43 48.675 47.927 47.184 46.45 45.194 44.27 41.929
61.382 61.297 61.21 61.122 61.032 60.942 60.851 60.759 60.667 60.575 60.483 60.392 60.302 60.214 60.127 60.042 59.96 59.88 59.804 59.732 59.664 59.6 59.542 59.49 59.444 59.405 59.373 59.349 59.334 59.328 59.331 59.344 59.367 59.402 59.448 59.505 59.573 59.653 59.744 59.845 59.954 60.07 60.189 60.308 60.419 60.514 60.58 60.598 60.546 60.398 60.133 59.742 59.234 58.615 57.96 57.239 56.487 55.714 54.93 54.14 53.348 52.557 51.769 50.985 50.206 49.434 48.669 47.913 47.165 46.03 43.162 42.379
61.694 61.616 61.536 61.455 61.373 61.29 61.207 61.123 61.04 60.957 60.875 60.793 60.713 60.635 60.559 60.485 60.413 60.346 60.281 60.221 60.166 60.115 60.071 60.032 60 59.975 59.958 59.949 59.949 59.958 59.977 60.007 60.048 60.1 60.164 60.241 60.329 60.43 60.543 60.668 60.804 60.948 61.1 61.256 61.409 61.552 61.672 61.748 61.753 61.648 61.396 60.984 60.429 59.768 59.035 58.26 57.459 56.645 55.825 55.004 54.185 53.37 52.56 51.758 50.963 50.175 49.397 48.628 47.308 44.609 43.482 43.851
62.003 61.931 61.857 61.783 61.708 61.633 61.558 61.482 61.407 61.333 61.26 61.188 61.117 61.048 60.982 60.919 60.858 60.801 60.748 60.699 60.656 60.617 60.585 60.559 60.539 60.528 60.524 60.529 60.543 60.566 60.6 60.645 60.701 60.769 60.849 60.942 61.048 61.167 61.3 61.445 61.603 61.773 61.953 62.141 62.333 62.522 62.698 62.84 62.916 62.872 62.643 62.201 61.581 60.847 60.049 59.219 58.373 57.521 56.67 55.823 54.982 54.147 53.321 52.504 51.695 50.896 50.107 47.929 46.952 46.754 45.545 45.833
62.307 62.241 62.174 62.107 62.039 61.971 61.903 61.836 61.769 61.703 61.638 61.574 61.513 61.454 61.397 61.343 61.293 61.246 61.203 61.166 61.133 61.106 61.084 61.07 61.062 61.063 61.071 61.088 61.115 61.151 61.198 61.255 61.325 61.406 61.5 61.607 61.727 61.861 62.009 62.171 62.347 62.537 62.739 62.953 63.176 63.404 63.628 63.835 63.992 64.03 63.838 63.351 62.646 61.833 60.973 60.096 59.213 56.725 57.459 56.577 55.657 54.886 54.047 53.219 52.401 51.548 48.332 47.979 47.394 47.241 46.991 46.975
62.608 62.547 62.487 62.426 62.364 62.303 62.243 62.183 62.123 62.065 62.009 61.954 61.901 61.85 61.802 61.758 61.717 61.68 61.647 61.619 61.596 61.58 61.569 61.565 61.568 61.579 61.598 61.626 61.664 61.711 61.769 61.838 61.918 62.011 62.116 62.234 62.366 62.511 62.671 62.844 63.033 63.235 63.452 63.682 63.924 64.176 64.432 64.682 64.902 65.022 64.876 64.334 63.55 61.861 60.435 60.734 59.184 58.038 57.764 57.294 56.438 55.582 54.736 53.902 53.078 52.265 51.464 50.673 49.893 49.124 48.367 47.62
62.903 62.849 62.794 62.739 62.685 62.63 62.576 62.523 62.471 62.421 62.372 62.325 62.28 62.238 62.199 62.163 62.13 62.102 62.079 62.06 62.047 62.039 62.038 62.043 62.056 62.077 62.106 62.143 62.19 62.247 62.314 62.392 62.481 62.583 62.696 62.823 62.962 63.115 63.282 63.462 63.657 63.865 64.087 64.322 64.569 64.825 65.085 65.339 65.563 65.688 65.493 63.593 62.046 62.871 61.89 60.582 59.471 59.21 58.504 57.662 56.88 55.886 55.386 53.997 52.763 52.911 52.108 51.315 50.534 49.763 49.003 48.254
63.194 63.145 63.096 63.048 62.999 62.951 62.904 62.858 62.813 62.769 62.727 62.688 62.651 62.616 62.585 62.557 62.533 62.513 62.498 62.487 62.483 62.484 62.491 62.505 62.526 62.555 62.592 62.638 62.693 62.758 62.832 62.917 63.014 63.121 63.241 63.372 63.516 63.673 63.842 64.025 64.219 64.427 64.645 64.874 65.11 65.35 65.586 65.804 65.971 66.02 65.571 64.936 64.428 63.113 62.034 61.152 60.982 60.174 59.138 58.44 57.662 56.839 55.996 55.164 54.341 53.53 52.728 51.937 51.157 50.387 49.627 48.878
63.48 63.437 63.393 63.35 63.308 63.266 63.225 63.185 63.146 63.11 63.075 63.042 63.012 62.985 62.961 62.941 62.924 62.912 62.904 62.902 62.904 62.913 62.928 62.949 62.978 63.014 63.058 63.111 63.173 63.243 63.324 63.414 63.515 63.627 63.75 63.884 64.029 64.186 64.354 64.533 64.723 64.922 65.129 65.341 65.555 65.765 65.958 66.117 66.208 66.176 65.955 64.313 64.832 64.093 63.28 62.37 61.66 60.802 59.662 58.894 58.241 57.399 56.566 55.742 54.927 54.121 53.324 52.538 51.761 50.994 50.237 49.49
63.761 63.723 63.685 63.647 63.61 63.574 63.539 63.505 63.473 63.443 63.414 63.388 63.365 63.344 63.327 63.314 63.304 63.299 63.298 63.302 63.312 63.327 63.349 63.377 63.412 63.454 63.504 63.562 63.629 63.704 63.789 63.883 63.986 64.1 64.224 64.357 64.501 64.655 64.818 64.99 65.169 65.355 65.544 65.734 65.918 66.088 66.233 66.331 66.353 66.261 66.018 65.61 65.053 64.387 63.648 62.865 62.056 61.232 60.403 59.572 58.743 57.918 57.099 56.286 55.482 54.685 53.897 53.118 52.347 51.586 50.834 50.09
64.037 64.003 63.97 63.938 63.906 63.876 63.846 63.818 63.792 63.768 63.745 63.725 63.708 63.694 63.683 63.676 63.672 63.673 63.679 63.689 63.705 63.726 63.753 63.787 63.827 63.874 63.929 63.991 64.062 64.14 64.227 64.323 64.428 64.542 64.664 64.795 64.935 65.083 65.238 65.399 65.565 65.733 65.901 66.063 66.213 66.343 66.439 66.482 66.451 66.318 66.063 65.676 65.168 64.562 63.883 63.153 62.389 61.605 60.809 60.006 59.2 58.396 57.595 56.799 56.008 55.224 54.447 53.677 52.916 52.162 51.417 50.68
64.307 64.278 64.25 64.223 64.196 64.171 64.147 64.124 64.103 64.084 64.068 64.053 64.042 64.033 64.028 64.027 64.029 64.035 64.046 64.062 64.083 64.11 64.142 64.18 64.225 64.276 64.334 64.399 64.472 64.553 64.641 64.737 64.841 64.953 65.072 65.199 65.333 65.472 65.617 65.765 65.915 66.063 66.206 66.34 66.456 66.546 66.598 66.597 66.525 66.364 66.101 65.731 65.26 64.701 64.073 63.393 62.675 61.931 61.17 60.398 59.62 58.839 58.059 57.281 56.507 55.738 54.974 54.217 53.467 52.724 51.988 51.259
64.572 64.548 64.524 64.501 64.48 64.459 64.44 64.423 64.407 64.393 64.382 64.373 64.366 64.363 64.363 64.367 64.374 64.385 64.401 64.422 64.447 64.478 64.514 64.556 64.604 64.659 64.719 64.787 64.861 64.942 65.03 65.125 65.227 65.336 65.45 65.571 65.697 65.826 65.959 66.092 66.224 66.351 66.47 66.574 66.658 66.713 66.728 66.691 66.588 66.407 66.14 65.783 65.34 64.82 64.235 63.599 62.924 62.219 61.494 60.754 60.005 59.25 58.494 57.737 56.981 56.229 55.482 54.739 54.001 53.27 52.546 51.827
64.831 64.811 64.792 64.774 64.757 64.741 64.726 64.713 64.702 64.693 64.687 64.683 64.681 64.683 64.687 64.696 64.708 64.723 64.744 64.768 64.797 64.832 64.871 64.916 64.967 65.023 65.086 65.154 65.228 65.309 65.396 65.489 65.587 65.691 65.8 65.913 66.03 66.148 66.267 66.385 66.498 66.604 66.699 66.776 66.831 66.854 66.838 66.772 66.645 66.451 66.181 65.835 65.415 64.927 64.379 63.782 63.146 62.479 61.788 61.081 60.362 59.634 58.902 58.168 57.433 56.7 55.97 55.243 54.521 53.804 53.092 52.386
65.085 65.069 65.054 65.04 65.027 65.015 65.005 64.997 64.99 64.986 64.983 64.984 64.986 64.992 65.001 65.014 65.03 65.049 65.073 65.101 65.134 65.171 65.213 65.26 65.312 65.37 65.433 65.502 65.576 65.655 65.74 65.829 65.923 66.022 66.124 66.229 66.335 66.441 66.546 66.648 66.743 66.828 66.9 66.952 66.98 66.977 66.935 66.846 66.702 66.497 66.228 65.891 65.49 65.028 64.512 63.95 63.349 62.717 62.06 61.384 60.694 59.995 59.288 58.577 57.865 57.152 56.441 55.731 55.026 54.324 53.627 52.935
65.332 65.32 65.309 65.299 65.29 65.283 65.277 65.273 65.27 65.27 65.271 65.276 65.282 65.292 65.305 65.321 65.34 65.363 65.39 65.421 65.456 65.496 65.54 65.588 65.642 65.7 65.763 65.831 65.903 65.981 66.062 66.148 66.237 66.329 66.423 66.519 66.615 66.709 66.8 66.885 66.963 67.028 67.079 67.109 67.114 67.087 67.024 66.916 66.759 66.548 66.279 65.951 65.566 65.127 64.638 64.107 63.538 62.938 62.313 61.668 61.007 60.335 59.654 58.968 58.278 57.587 56.896 56.205 55.517 54.833 54.152 53.475
65.574 65.566 65.559 65.552 65.547 65.544 65.541 65.541 65.542 65.545 65.551 65.559 65.569 65.582 65.598 65.617 65.64 65.666 65.695 65.728 65.766 65.807 65.852 65.902 65.955 66.014 66.076 66.142 66.213 66.287 66.365 66.446 66.529 66.615 66.701 66.787 66.872 66.954 67.031 67.101 67.161 67.209 67.24 67.25 67.235 67.189 67.108 66.986 66.819 66.603 66.335 66.016 65.645 65.226 64.762 64.257 63.717 63.147 62.552 61.936 61.304 60.659 60.004 59.343 58.676 58.007 57.336 56.666 55.997 55.33 54.666 54.006
65.811 65.806 65.802 65.799 65.798 65.797 65.799 65.801 65.806 65.813 65.822 65.833 65.846 65.862 65.881 65.903 65.928 65.957 65.988 66.023 66.062 66.104 66.15 66.2 66.254 66.311 66.373 66.437 66.505 66.576 66.65 66.725 66.802 66.881 66.958 67.035 67.109 67.179 67.243 67.298 67.343 67.374 67.387 67.379 67.347 67.285 67.189 67.056 66.882 66.663 66.398 66.086 65.729 65.327 64.884 64.404 63.89 63.348 62.781 62.193 61.588 60.97 60.34 59.703 59.06 58.414 57.765 57.115 56.466 55.818 55.172 54.53
66.041 66.04 66.039 66.039 66.041 66.044 66.049 66.055 66.062 66.072 66.084 66.098 66.114 66.133 66.155 66.179 66.206 66.236 66.27 66.306 66.346 66.389 66.435 66.485 66.538 66.594 66.654 66.716 66.781 66.848 66.917 66.987 67.058 67.129 67.198 67.265 67.329 67.387 67.438 67.48 67.51 67.525 67.523 67.5 67.453 67.377 67.27 67.128 66.948 66.728 66.466 66.162 65.816 65.43 65.007 64.549 64.06 63.543 63.002 62.44 61.862 61.269 60.665 60.052 59.433 58.809 58.182 57.553 56.924 56.296 55.67 55.046
66.266 66.267 66.27 66.273 66.278 66.284 66.291 66.3 66.311 66.324 66.338 66.355 66.374 66.395 66.418 66.445 66.474 66.505 66.54 66.577 66.618 66.661 66.707 66.757 66.809 66.863 66.92 66.98 67.041 67.104 67.168 67.233 67.297 67.36 67.422 67.479 67.533 67.58 67.619 67.648 67.665 67.666 67.651 67.614 67.554 67.468 67.351 67.202 67.018 66.798 66.539 66.242 65.908 65.537 65.132 64.694 64.227 63.733 63.217 62.68 62.127 61.559 60.979 60.391 59.795 59.193 58.588 57.981 57.373 56.766 56.159 55.554
66.485 66.489 66.495 66.501 66.508 66.517 66.527 66.539 66.552 66.567 66.584 66.603 66.624 66.647 66.673 66.701 66.731 66.764 66.799 66.837 66.878 66.921 66.967 67.015 67.066 67.119 67.173 67.23 67.288 67.346 67.405 67.464 67.522 67.578 67.631 67.679 67.723 67.76 67.787 67.805 67.81 67.799 67.771 67.724 67.653 67.557 67.433 67.279 67.092 66.872 66.618 66.328 66.005 65.647 65.258 64.839 64.393 63.922 63.428 62.915 62.386 61.842 61.286 60.721 60.148 59.569 58.987 58.401 57.814 57.227 56.641 56.056
66.698 66.705 66.713 66.722 66.732 66.743 66.756 66.77 66.786 66.803 66.822 66.843 66.866 66.891 66.918 66.947 66.978 67.012 67.048 67.086 67.127 67.17 67.215 67.262 67.311 67.361 67.413 67.467 67.521 67.575 67.629 67.682 67.733 67.781 67.827 67.867 67.901 67.928 67.946 67.953 67.946 67.925 67.887 67.829 67.75 67.646 67.516 67.358 67.171 66.952 66.702 66.42 66.106 65.761 65.388 64.986 64.559 64.108 63.636 63.146 62.639 62.119 61.586 61.044 60.494 59.937 59.377 58.813 58.247 57.681 57.116 56.551
66.906 66.915 66.926 66.937 66.949 66.963 66.978 66.994 67.012 67.031 67.052 67.075 67.099 67.125 67.154 67.184 67.216 67.25 67.287 67.325 67.365 67.407 67.451 67.497 67.544 67.592 67.641 67.691 67.741 67.791 67.84 67.887 67.932 67.973 68.011 68.043 68.069 68.087 68.095 68.092 68.077 68.046 67.999 67.933 67.846 67.736 67.601 67.441 67.253 67.036 66.79 66.515 66.211 65.879 65.52 65.135 64.726 64.294 63.843 63.374 62.889 62.391 61.88 61.361 60.833 60.299 59.76 59.218 58.673 58.128 57.584 57.04
67.108 67.12 67.132 67.146 67.16 67.176 67.193 67.211 67.231 67.252 67.274 67.298 67.324 67.352 67.381 67.412 67.445 67.479 67.516 67.554 67.593 67.635 67.677 67.721 67.766 67.812 67.858 67.904 67.95 67.995 68.039 68.081 68.12 68.155 68.185 68.21 68.228 68.237 68.237 68.226 68.201 68.162 68.107 68.034 67.941 67.826 67.689 67.527 67.339 67.125 66.884 66.616 66.321 66.001 65.655 65.285 64.893 64.48 64.049 63.6 63.136 62.659 62.17 61.672 61.166 60.654 60.136 59.616 59.093 58.569 58.045 57.523
67.304 67.318 67.333 67.348 67.365 67.383 67.401 67.421 67.443 67.465 67.489 67.515 67.541 67.57 67.6 67.631 67.665 67.699 67.735 67.773 67.812 67.852 67.893 67.935 67.978 68.021 68.064 68.107 68.149 68.19 68.228 68.265 68.298 68.326 68.35 68.368 68.378 68.38 68.372 68.353 68.322 68.276 68.214 68.135 68.037 67.918 67.778 67.615 67.429 67.218 66.982 66.721 66.436 66.126 65.793 65.438 65.062 64.667 64.254 63.824 63.38 62.924 62.456 61.979 61.494 61.003 60.507 60.008 59.506 59.003 58.5 57.999
67.495 67.511 67.528 67.545 67.564 67.583 67.603 67.625 67.648 67.671 67.697 67.723 67.751 67.78 67.811 67.842 67.876 67.91 67.946 67.983 68.021 68.06 68.099 68.139 68.18 68.22 68.26 68.3 68.338 68.374 68.408 68.439 68.467 68.49 68.507 68.518 68.522 68.517 68.502 68.476 68.438 68.386 68.319 68.235 68.133 68.011 67.87 67.707 67.522 67.314 67.084 66.83 66.554 66.255 65.934 65.593 65.233 64.854 64.458 64.047 63.623 63.186 62.738 62.282 61.818 61.347 60.872 60.394 59.913 59.431 58.949 58.469
