raw_data/humedad_relativa/hora15/rh15jun.txt
ncols         501
nrows         361
xllcorner     109.95
yllcorner     -45.05
cellsize      0.1
NODATA_value  -9999
[rows 64 to 95 of 361, columns 216 to 287 of 501]
28.15 28.238 28.17 28.231 28.217 28.237 28.317 28.545 28.752 28.944 29.247 29.615 29.976 30.225 30.771 30.978 31.472 31.905 32.296 32.677 33.117 33.544 34.047 34.561 34.76 34.929 35.396 36.196 36.381 36.949 37.159 37.449 37.876 37.991 38.198 38.6 38.809 39.165 39.332 39.762 39.923 40.738 40.524 40.673 40.886 41.081 41.278 41.487 41.686 41.875 42.055 42.224 42.383 42.532 42.672 42.802 42.922 43.033 43.135 43.229 43.314 43.391 43.46 43.522 43.578 43.627 43.67 43.708 43.742 43.77 43.796 43.817
28.2 28.115 28.178 28.13 28.197 28.185 28.283 28.406 28.638 28.931 29.127 29.433 29.782 30.12 30.675 30.821 31.336 31.68 32.071 32.516 32.832 33.339 33.733 34.267 34.446 34.637 35.261 35.578 36.159 36.86 36.806 37.194 37.596 37.831 37.929 38.097 38.484 38.887 38.861 39.332 39.504 39.9 40.201 40.238 40.39 40.582 40.799 40.962 41.158 41.344 41.521 41.688 41.845 41.993 42.131 42.26 42.38 42.491 42.594 42.688 42.774 42.852 42.923 42.987 43.044 43.095 43.141 43.182 43.218 43.249 43.277 43.302
27.782 28.071 28.017 28.001 28.1 28.151 28.246 28.404 28.596 28.827 29.067 29.37 29.68 29.97 30.486 30.73 31.005 31.446 31.829 32.237 32.553 33.121 33.585 34.034 34.219 34.336 35.192 35.545 35.782 36.063 36.499 36.928 37.102 37.222 37.587 37.871 38.128 38.156 38.403 39.209 39.165 39.309 39.531 39.755 39.915 40.096 40.305 40.492 40.637 40.846 40.994 41.158 41.545 41.681 41.652 41.725 41.845 41.956 42.058 42.153 42.239 42.319 42.391 42.456 42.516 42.569 42.617 42.659 42.698 42.732 42.762 42.789
27.368 27.958 27.981 27.95 28.023 28.088 28.24 28.338 28.563 28.77 29.016 29.302 29.598 29.861 30.228 30.553 30.854 31.215 31.617 31.956 32.328 32.871 33.362 33.729 34.102 34.083 34.741 35.117 35.453 35.769 36.215 36.5 36.769 36.946 37.053 37.552 37.746 38.034 37.96 39.059 38.755 38.965 39.162 39.353 39.484 39.628 39.861 39.972 40.152 40.303 40.475 40.637 40.79 40.935 41.412 41.198 41.316 41.427 41.529 41.624 41.711 41.792 41.865 41.932 41.992 42.047 42.097 42.142 42.182 42.218 42.251 42.28
27.175 27.518 27.761 27.806 27.895 28.068 28.169 28.301 28.508 28.707 28.945 29.211 29.466 29.754 30.063 30.355 30.665 31.031 31.411 31.801 32.138 32.569 33.022 33.503 33.862 33.886 34.391 35.084 35.345 35.557 35.841 36.264 36.216 36.333 36.554 36.849 37.256 37.576 37.524 38.351 38.453 38.683 38.712 38.851 39.024 39.178 39.347 39.509 39.658 39.844 39.969 40.123 40.274 40.417 40.565 40.78 40.795 40.905 41.008 41.102 41.19 41.271 41.345 41.413 41.474 41.531 41.582 41.628 41.671 41.709 41.743 41.775
27.233 27.271 27.491 27.787 27.865 27.99 28.123 28.278 28.431 28.669 28.885 29.131 29.347 29.622 29.879 30.198 30.492 30.863 31.194 31.561 31.945 32.334 32.768 33.209 33.302 33.584 34.018 34.79 35.04 35.232 35.496 35.698 35.876 35.998 36.163 36.568 36.985 37.073 37.101 37.651 38.365 38.862 38.376 38.437 38.696 38.741 38.897 38.996 39.146 39.323 39.474 39.616 39.766 39.907 40.039 40.164 40.281 40.391 40.493 40.587 40.675 40.756 40.831 40.899 40.962 41.02 41.073 41.12 41.164 41.204 41.24 41.273
27.133 27.132 27.31 27.656 27.8 27.954 28.068 28.213 28.373 28.61 28.833 29.017 29.26 29.495 29.768 30.066 30.325 30.682 30.983 31.334 31.786 32.102 32.605 32.713 33.029 33.401 33.761 34.253 34.583 34.825 35.17 35.155 35.525 35.67 36.092 36.398 36.666 36.818 36.846 37.105 37.823 38.204 38.187 38.29 38.23 38.232 38.501 38.696 38.719 38.848 39.005 39.148 39.274 39.412 39.578 39.687 39.775 39.883 39.985 40.079 40.167 40.248 40.323 40.393 40.456 40.515 40.569 40.618 40.663 40.704 40.742 40.777
26.905 27.028 27.412 27.606 27.806 27.937 28.035 28.187 28.336 28.518 28.743 28.985 29.246 29.399 29.624 29.877 30.194 30.512 30.796 31.138 31.527 32.003 32.357 32.515 32.866 33.256 33.632 33.929 34.206 34.522 34.744 34.861 35.366 35.887 35.954 36.273 36.219 36.334 36.471 36.823 37.39 37.781 37.424 37.523 37.679 37.791 37.88 38.044 38.371 38.487 38.558 38.685 38.798 38.939 39.075 39.163 39.28 39.383 39.484 39.578 39.666 39.747 39.822 39.892 39.956 40.016 40.07 40.12 40.167 40.209 40.248 40.284
26.829 26.947 27.197 27.389 27.617 27.867 27.978 28.079 28.27 28.468 28.714 28.949 29.108 29.282 29.488 29.753 30.066 30.35 30.605 30.948 31.276 31.713 32.038 32.258 32.697 33.148 33.352 33.606 33.897 34.291 34.475 34.572 34.877 35.178 35.726 35.727 35.719 35.898 36.366 36.239 37.115 37.521 37.211 37.074 37.258 37.552 37.592 37.608 37.792 38.079 38.096 38.356 38.45 38.525 38.639 38.726 38.818 38.907 39.001 39.088 39.18 39.253 39.328 39.398 39.463 39.523 39.578 39.629 39.676 39.72 39.76 39.797
26.705 26.857 27.103 27.284 27.484 27.633 27.826 28.026 28.254 28.452 28.625 28.865 28.999 29.149 29.366 29.639 30.034 30.226 30.46 30.877 31.254 31.437 31.751 32.13 32.485 32.78 33.086 33.37 33.673 33.927 34.085 34.665 34.547 34.805 35.081 35.249 35.384 35.622 35.967 35.905 36.357 36.343 36.52 36.812 36.919 37.124 37.131 37.265 37.353 37.649 37.696 37.91 38.002 38.092 38.219 38.293 38.42 38.513 38.534 38.642 38.711 38.795 38.841 38.911 38.976 39.036 39.092 39.144 39.191 39.236 39.277 39.315
26.578 26.906 27.115 27.207 27.295 27.469 27.741 27.984 28.279 28.436 28.67 28.776 28.844 29.027 29.227 29.524 29.854 30.096 30.346 30.568 30.935 31.241 31.613 31.979 32.33 32.696 32.972 33.163 33.504 33.691 33.88 34.023 34.333 34.585 34.712 34.927 35.113 35.357 35.698 35.595 35.793 36.216 36.368 36.658 36.58 36.391 36.736 37.16 37.039 37.088 37.25 37.367 37.665 37.687 37.8 37.888 38.095 38.229 38.682 38.358 38.414 38.328 38.37 38.43 38.495 38.556 38.612 38.664 38.713 38.758 38.8 38.839
26.487 26.634 26.807 26.984 27.177 27.469 27.849 28.013 28.219 28.249 28.539 28.657 28.902 29.001 29.126 29.353 29.719 29.995 30.313 30.411 30.653 31.014 31.383 31.702 31.959 32.342 32.7 33.016 33.213 33.445 33.66 33.946 34.027 34.264 34.399 34.537 34.75 35.009 35.1 35.355 35.447 35.777 35.77 35.764 35.859 36.316 36.269 36.71 36.915 36.812 36.836 37.077 37.122 37.432 37.394 37.442 37.67 37.892 38.151 37.902 37.835 37.914 37.925 37.965 38.022 38.083 38.139 38.191 38.24 38.286 38.328 38.368
26.34 26.507 26.656 26.865 27.173 27.398 27.769 27.76 28.052 28.111 28.357 28.62 28.667 28.957 29.077 29.212 29.566 29.871 29.985 30.163 30.413 30.784 31.148 31.343 31.634 32.113 32.27 32.615 32.935 33.131 33.29 33.608 33.811 33.823 34.013 34.226 34.39 34.594 34.705 34.821 34.928 34.993 35.14 35.324 35.547 36.064 35.816 36.442 36.566 36.353 36.433 36.568 36.694 36.987 36.894 37.08 37.26 37.44 37.276 37.439 37.563 37.825 37.51 37.534 37.58 37.616 37.673 37.725 37.774 37.82 37.863 37.904
26.494 26.556 26.752 26.878 27.182 27.33 27.605 27.584 27.891 28.052 28.274 28.357 28.586 28.649 28.865 29.101 29.319 29.55 29.739 29.947 30.257 30.63 30.865 31.034 31.39 31.617 31.933 32.243 32.504 32.812 32.96 33.18 33.45 33.683 33.848 34.038 34.403 34.484 34.584 34.63 34.696 34.752 35.294 35.015 35.132 35.564 35.572 35.898 36.077 35.951 36.201 36.225 36.388 36.489 36.538 36.763 36.853 37.122 36.902 37.158 37.166 37.165 37.426 37.13 37.121 37.158 37.213 37.266 37.315 37.361 37.405 37.445
26.319 26.522 26.712 26.98 27.057 27.286 27.413 27.537 27.661 27.856 28.016 28.162 28.277 28.437 28.62 28.885 29.079 29.32 29.528 29.821 30.136 30.402 30.621 30.762 31.026 31.308 31.649 31.97 32.129 32.357 32.537 32.849 33.139 33.33 33.546 33.667 33.839 34.079 34.094 34.103 34.189 34.251 34.463 35.125 34.801 35.104 35.443 35.6 35.795 35.738 35.802 36.146 36.192 36.075 36.183 36.42 36.83 36.682 36.774 36.673 36.766 36.811 36.806 36.82 36.715 36.736 36.792 36.831 36.87 36.914 36.957 36.994
26.34 26.491 26.691 26.887 26.926 27.07 27.192 27.438 27.471 27.608 27.854 28.053 28.211 28.399 28.548 28.681 28.917 29.1 29.365 29.678 29.937 30.125 30.415 30.557 30.704 31.078 31.355 31.635 31.785 31.945 32.276 32.605 32.744 32.936 33.216 33.403 33.579 33.719 33.913 33.926 33.901 34.264 34.361 34.649 34.362 34.642 35.197 35.09 35.5 35.568 35.593 35.751 35.72 35.716 35.872 36.129 36.247 36.336 36.393 36.471 36.54 37.12 36.903 36.359 36.304 36.314 36.379 36.421 36.447 36.48 36.523 36.576
26.36 26.464 26.68 26.795 26.874 27.018 27.226 27.273 27.406 27.604 27.77 27.919 28.048 28.202 28.409 28.501 28.707 28.893 29.145 29.462 29.658 29.86 30.098 30.266 30.426 30.717 30.989 31.273 31.395 31.717 32.097 32.177 32.387 32.659 32.969 33.177 33.49 33.622 33.447 33.566 33.772 34.082 34.322 34.343 34.066 34.513 34.961 34.866 35.297 35.228 35.331 35.556 35.299 35.751 35.681 35.778 36.057 35.812 36.154 36.131 36.188 36.763 36.591 36.15 35.911 35.932 35.976 36.012 36.051 36.067 36.122 36.165
26.023 26.234 26.357 26.555 26.633 26.764 26.929 27.139 27.349 27.517 27.576 27.722 27.888 28.066 28.193 28.36 28.541 28.703 28.939 29.192 29.377 29.62 29.815 29.945 30.179 30.413 30.64 30.871 31.159 31.44 31.666 31.809 32.147 32.403 32.673 33.013 33.184 33.454 33.572 33.341 33.401 33.752 33.875 33.888 34.171 34.135 34.434 34.67 34.912 35.097 34.994 35.1 35.24 35.399 35.307 35.574 35.585 35.715 35.556 35.878 35.91 36.096 35.973 35.684 35.852 35.561 35.583 35.62 35.683 35.685 35.737 35.767
26.171 26.343 26.432 26.453 26.679 26.875 26.989 26.987 27.182 27.347 27.451 27.551 27.679 27.869 28.075 28.169 28.388 28.529 28.773 28.939 29.089 29.304 29.493 29.745 30.038 30.289 30.447 30.633 30.866 31.057 31.281 31.59 31.891 32.097 32.408 32.478 32.678 32.727 33.005 32.985 33.283 33.879 33.578 33.727 33.966 33.965 34.172 34.391 34.532 34.681 34.66 34.696 34.799 35.075 35.269 35.151 35.286 35.516 35.219 35.556 35.673 35.587 35.345 35.255 35.173 35.186 35.212 35.234 35.271 35.319 35.359 35.391
26.008 26.193 26.323 26.438 26.546 26.692 26.805 26.896 27.01 27.143 27.313 27.391 27.507 27.686 27.834 27.985 28.156 28.33 28.466 28.684 28.919 29.153 29.36 29.601 29.798 30.082 30.317 30.453 30.59 30.802 31.065 31.306 31.437 31.642 31.868 32.159 32.496 32.631 33.072 33.085 33.072 33.367 33.693 33.801 33.704 34.013 34.251 34.547 34.433 34.608 34.401 34.59 34.721 34.815 34.739 34.901 35.023 34.919 35.151 35.001 35.445 35.246 34.856 34.919 35.432 35.061 34.916 34.882 34.904 34.947 34.966 34.983
25.912 26.06 26.237 26.357 26.433 26.518 26.613 26.761 26.96 27.051 27.163 27.282 27.462 27.523 27.714 27.897 28.043 28.152 28.283 28.488 28.826 29.016 29.209 29.421 29.584 29.763 29.973 30.294 30.371 30.527 30.73 30.952 31.232 31.479 31.698 31.885 32.093 32.294 32.594 32.96 33.038 32.878 33.186 33.252 33.345 33.566 33.837 33.979 34.096 34.188 34.291 34.277 34.476 34.536 34.459 34.654 34.761 34.707 34.896 34.791 34.936 34.743 34.8 34.554 34.793 34.554 34.543 34.582 34.54 34.571 34.575 34.571
25.826 25.952 26.116 26.241 26.354 26.448 26.503 26.669 26.779 26.927 27.048 27.176 27.3 27.486 27.578 27.729 27.903 28.036 28.116 28.411 28.5 28.72 28.957 29.173 29.337 29.553 29.705 29.983 30.193 30.348 30.495 30.732 30.881 31.093 31.286 31.551 31.758 32.014 32.185 32.226 32.434 32.675 32.712 32.788 32.948 33.135 33.344 33.456 33.589 33.931 34.021 34.081 34.192 34.284 34.365 34.471 34.479 34.581 34.674 34.563 34.544 34.912 34.358 34.203 34.194 34.374 34.479 34.622 34.25 34.221 34.227 34.25
25.718 25.838 25.965 26.101 26.229 26.296 26.375 26.511 26.645 26.794 26.944 27.049 27.151 27.348 27.427 27.561 27.775 27.829 27.939 28.119 28.452 28.521 28.716 28.904 29.116 29.35 29.539 29.696 30.009 30.229 30.32 30.446 30.636 30.823 31.055 31.285 31.404 31.591 31.718 31.867 32.033 32.208 32.281 32.452 32.587 32.764 32.887 33.18 33.339 33.551 33.748 33.768 33.785 33.963 33.924 34.027 34.313 34.468 34.439 34.304 34.368 34.582 34.557 34.273 34.459 34.029 33.896 33.874 33.826 33.848 33.897 33.914
25.598 25.713 25.823 25.934 26.045 26.141 26.281 26.483 26.606 26.724 26.835 26.924 27.023 27.188 27.28 27.389 27.612 27.641 27.782 27.913 28.258 28.396 28.501 28.669 28.875 29.082 29.27 29.434 29.726 29.993 30.09 30.128 30.382 30.601 30.795 31 31.057 31.211 31.422 31.513 31.662 31.823 31.95 32.084 32.257 32.409 32.592 32.833 33.093 33.198 33.282 33.365 33.4 33.419 33.612 33.548 33.736 33.906 34.038 34.127 34.123 34.497 33.79 34.089 33.776 34.095 33.868 33.739 33.535 33.503 33.522 33.516
25.584 25.763 25.871 25.95 26.006 26.068 26.158 26.324 26.416 26.567 26.686 26.784 26.901 27.048 27.162 27.255 27.358 27.475 27.606 27.74 27.98 28.203 28.291 28.45 28.698 28.868 28.995 29.168 29.351 29.593 29.734 29.859 30.068 30.349 30.48 30.642 30.734 30.893 31.079 31.215 31.336 31.502 31.67 31.805 31.899 32.104 32.241 32.385 32.574 32.749 32.928 32.947 33.013 33.047 33.147 33.171 33.511 33.368 33.562 33.664 33.686 33.231 33.323 33.25 33.282 33.756 33.202 33.18 33.146 33.167 33.161 33.177
25.453 25.772 25.921 26.026 26.079 26.152 26.224 26.302 26.295 26.432 26.574 26.669 26.78 26.905 27.033 27.204 27.224 27.325 27.444 27.58 27.737 28.245 28.119 28.256 28.502 28.663 28.785 29.031 29.16 29.365 29.47 29.573 29.787 30.011 30.205 30.261 30.406 30.583 30.755 30.895 31.027 31.188 31.343 31.498 31.616 31.783 31.909 32.048 32.199 32.389 32.513 32.555 32.69 32.747 32.761 32.801 32.967 32.942 33.07 32.976 32.968 32.847 32.982 32.752 32.878 32.961 32.678 32.692 32.732 32.743 32.769 32.784
25.533 25.714 25.861 25.991 26.111 26.162 26.298 26.275 26.367 26.416 26.503 26.539 26.637 26.796 26.888 26.979 27.085 27.2 27.301 27.435 27.674 28.077 27.959 28.06 28.2 28.403 28.545 28.76 28.976 29.07 29.181 29.308 29.476 29.683 29.829 29.969 30.126 30.295 30.45 30.579 30.741 30.89 31.033 31.187 31.357 31.464 31.591 31.736 31.952 32.017 32.145 32.333 32.46 32.643 32.459 32.392 32.457 32.443 32.562 32.48 32.432 32.386 32.421 32.333 32.343 32.424 32.672 32.654 32.439 32.467 32.449 32.398
25.438 25.489 25.837 25.932 26.019 26.108 26.214 26.26 26.317 26.463 26.495 26.554 26.603 26.691 26.774 26.874 26.987 27.096 27.191 27.298 27.513 27.863 27.86 27.885 28.021 28.2 28.336 28.497 28.67 28.834 28.936 29.075 29.235 29.415 29.555 29.697 29.856 30.02 30.186 30.351 30.52 30.7 30.77 30.899 31.052 31.174 31.325 31.448 31.573 31.7 31.914 32.1 32.341 32.36 32.307 32.13 32.287 32.356 32.458 32.407 32.323 32.332 32.348 32.471 32.435 32.51 32.132 32.115 32.078 32.174 32.047 32.045
25.395 25.434 25.795 25.93 25.929 25.981 26.065 26.101 26.128 26.332 26.44 26.585 26.616 26.638 26.654 26.754 26.861 26.959 27.045 27.179 27.456 27.906 27.746 27.797 27.944 27.983 28.106 28.282 28.4 28.549 28.71 28.851 29.003 29.158 29.312 29.46 29.626 29.828 30.004 30.146 30.361 30.473 30.563 30.688 30.807 30.94 31.054 31.168 31.302 31.417 31.635 31.911 32.178 32.098 31.865 31.864 32.048 32.238 32.2 32.158 32.079 31.934 31.971 32.326 32.242 32.154 31.875 32.023 31.747 31.727 31.704 31.748
25.347 25.46 25.725 25.777 25.74 25.76 25.881 25.957 26.026 26.128 26.253 26.378 26.468 26.512 26.626 26.693 26.738 26.827 26.94 27.064 27.329 27.722 27.637 27.73 27.817 27.839 27.933 28.076 28.247 28.345 28.498 28.643 28.783 28.931 29.067 29.213 29.417 29.608 29.767 29.898 30.057 30.15 30.299 30.433 30.535 30.676 30.791 30.89 31.001 31.126 31.441 31.614 31.828 31.877 31.735 31.792 31.66 31.882 31.845 31.872 31.818 31.82 31.651 31.857 32.073 32.23 31.932 31.86 31.851 31.396 31.443 31.549
25.343 25.396 25.554 25.615 25.606 25.803 25.857 25.886 25.971 26.126 26.244 26.245 26.289 26.423 26.599 26.75 26.687 26.715 26.823 26.986 27.293 27.408 27.793 27.667 27.784 27.724 27.785 27.899 28.082 28.171 28.303 28.427 28.567 28.71 28.852 29.01 29.163 29.341 29.471 29.638 29.767 29.918 30.054 30.155 30.304 30.4 30.522 30.612 30.741 30.854 31.043 31.225 31.367 31.47 31.408 31.567 31.502 31.696 31.645 31.56 31.733 31.554 31.465 31.653 31.952 32.09 31.714 31.466 31.461 31.176 31.161 31.312
25.309 25.545 25.512 25.529 25.666 25.766 25.916 25.891 26.014 26.042 26.247 26.224 26.197 26.346 26.558 26.674 26.6 26.64 26.726 26.853 27.105 27.361 27.642 27.614 27.744 27.657 27.678 27.761 27.889 27.972 28.151 28.246 28.37 28.512 28.658 28.802 28.971 29.128 29.251 29.377 29.514 29.634 29.795 29.958 30.052 30.147 30.24 30.347 30.455 30.586 30.704 30.817 30.929 31.071 31.238 31.343 31.26 31.492 31.532 31.564 31.395 31.485 31.626 31.717 31.772 31.581 31.116 31.123 31.843 30.866 30.922 31.139
