raw_data/humedad_relativa/hora15/rh15aug.txt
ncols         501
nrows         361
xllcorner     109.95
yllcorner     -45.05
cellsize      0.1
NODATA_value  -9999
[rows 128 to 159 of 361, columns 360 to 431 of 501]
30.039 30.485 30.707 30.955 31.302 31.652 32.034 32.453 32.887 33.365 33.891 34.538 34.95 35.515 36.148 36.866 37.53 38.288 39.189 39.967 40.775 41.795 42.87 43.805 44.631 45.589 46.813 47.767 48.994 50.031 51.622 53.025 53.833 55.139 55.884 57.109 58.373 59.642 60.914 62.178 63.416 64.574 65.503 66.014 66.22 66.309 66.357 66.39 66.42 66.449 66.481 66.517 66.557 66.6 66.648 66.7 66.757 66.816 66.88 66.947 67.017 67.09 67.166 67.245 67.326 67.409 67.495 67.583 67.673 67.764 67.858 67.953
29.684 30.057 30.351 30.582 30.91 31.269 31.64 32.042 32.484 32.932 33.48 33.999 34.492 35.042 35.655 36.308 37.021 37.837 38.819 39.406 40.198 41.216 42.096 43.415 44.022 45.137 46.06 47.164 48.257 49.392 50.891 52.37 53.112 54.381 55.253 56.409 57.649 58.887 60.115 61.317 62.464 63.499 64.335 64.905 65.244 65.444 65.571 65.661 65.734 65.797 65.857 65.917 65.977 66.039 66.104 66.171 66.241 66.314 66.39 66.468 66.55 66.633 66.72 66.808 66.899 66.991 67.086 67.182 67.28 67.38 67.481 67.583
29.328 29.64 29.94 30.269 30.556 30.902 31.259 31.672 32.083 32.517 33.026 33.533 34.092 34.582 35.182 35.808 36.486 37.237 38.026 38.819 39.646 40.492 41.548 42.414 43.448 44.481 45.537 46.527 47.59 48.732 49.987 51.284 52.468 53.635 54.813 55.652 56.859 58.055 59.23 60.364 61.427 62.379 63.168 63.767 64.191 64.484 64.692 64.848 64.973 65.079 65.175 65.264 65.351 65.436 65.522 65.608 65.695 65.784 65.875 65.967 66.061 66.157 66.255 66.355 66.456 66.559 66.663 66.769 66.876 66.984 67.094 67.204
29.092 29.356 29.589 29.89 30.207 30.544 30.905 31.358 31.722 32.11 32.563 33.089 33.655 34.114 34.695 35.322 36.002 36.72 37.49 38.505 39.124 39.944 40.804 41.801 42.766 43.773 44.797 45.872 46.957 48.041 49.244 50.575 51.854 53.065 54.07 55.092 56.016 57.167 58.288 59.677 60.413 61.253 62.016 62.633 63.111 63.475 63.754 63.973 64.153 64.307 64.443 64.567 64.684 64.796 64.906 65.014 65.121 65.228 65.336 65.444 65.553 65.663 65.774 65.885 65.998 66.112 66.227 66.343 66.46 66.578 66.697 66.816
28.794 29.087 29.325 29.751 29.964 30.203 30.564 31.009 31.343 31.708 32.158 32.667 33.174 33.67 34.221 34.832 35.486 36.19 36.958 37.9 38.585 39.387 40.237 41.134 42.09 43.21 44.127 45.241 46.268 47.338 48.475 49.974 50.973 52.16 53.372 54.06 55.136 56.243 57.314 58.366 59.535 60.136 60.883 61.512 62.028 62.6 62.783 63.059 63.292 63.493 63.67 63.832 63.982 64.124 64.261 64.393 64.522 64.65 64.776 64.901 65.026 65.151 65.276 65.402 65.527 65.653 65.78 65.907 66.034 66.162 66.291 66.42
28.532 28.837 29.06 29.387 29.641 29.879 30.214 30.569 30.929 31.321 31.767 32.202 32.647 33.185 33.738 34.367 34.964 35.696 36.386 37.355 38.131 38.852 39.761 40.509 41.442 42.439 43.474 44.482 45.566 46.638 47.787 48.926 50.194 51.629 52.126 53.197 54.233 55.298 56.325 57.3 58.364 59.315 59.771 60.409 60.952 61.567 61.795 62.122 62.403 62.649 62.868 63.068 63.252 63.426 63.59 63.748 63.901 64.051 64.197 64.341 64.483 64.625 64.765 64.905 65.044 65.183 65.321 65.46 65.599 65.738 65.876 66.015
28.3 28.57 28.834 29.194 29.409 29.585 29.89 30.218 30.584 30.96 31.372 31.784 32.221 32.706 33.303 33.846 34.504 35.123 35.848 36.658 37.571 38.372 39.024 39.91 40.787 41.755 42.782 43.791 44.832 45.91 46.965 48.133 49.436 50.508 51.689 52.312 53.323 54.345 55.412 56.271 57.187 58.035 58.797 59.325 59.889 60.379 60.971 61.172 61.497 61.785 62.044 62.281 62.5 62.705 62.899 63.084 63.262 63.434 63.602 63.765 63.926 64.084 64.241 64.396 64.549 64.702 64.853 65.004 65.155 65.305 65.454 65.603
28.074 28.332 28.542 28.783 29.026 29.276 29.568 29.945 30.267 30.639 30.984 31.355 31.802 32.397 32.747 33.293 33.95 34.639 35.366 36.493 37.008 37.578 38.389 39.439 40.147 41.097 42.068 43.104 44.132 45.148 46.244 47.377 48.675 49.793 51.114 51.43 52.472 53.392 54.751 55.254 56.105 57.016 57.857 58.835 58.873 59.357 59.829 60.22 60.583 60.91 61.207 61.48 61.733 61.969 62.193 62.405 62.608 62.803 62.993 63.177 63.356 63.533 63.706 63.876 64.045 64.211 64.376 64.54 64.702 64.864 65.025 65.185
27.916 28.141 28.348 28.68 28.788 28.984 29.27 29.617 30.199 30.35 30.646 30.953 31.406 32.035 32.49 32.812 33.396 34.052 34.76 35.704 36.507 37.01 37.772 38.711 39.497 40.425 41.397 42.407 43.428 44.45 45.431 46.52 47.655 49.003 50.356 50.698 51.51 52.476 53.467 55.019 55.083 55.944 56.742 57.921 57.994 58.35 58.832 59.27 59.667 60.029 60.362 60.669 60.955 61.222 61.475 61.714 61.942 62.162 62.373 62.578 62.777 62.971 63.161 63.348 63.532 63.713 63.891 64.068 64.243 64.417 64.589 64.76
27.743 27.939 28.216 28.562 28.562 28.721 28.985 29.381 29.979 30.407 30.473 30.579 31.094 31.41 32.132 32.356 32.728 33.213 33.995 34.841 36.196 37.208 37.198 38.001 38.855 39.774 40.711 41.68 42.692 43.919 44.866 45.78 46.767 47.839 49.074 49.876 50.646 51.586 52.587 53.672 54.306 54.857 55.755 56.52 56.92 57.416 58.083 58.444 58.759 59.15 59.515 59.855 60.172 60.469 60.75 61.016 61.269 61.512 61.745 61.971 62.189 62.402 62.609 62.812 63.011 63.207 63.4 63.59 63.778 63.964 64.148 64.331
27.585 27.88 28.138 28.324 28.328 28.462 28.744 29.02 29.57 29.715 29.943 30.245 30.743 31.124 31.662 31.754 32.047 32.574 33.335 34.128 35.029 36.081 36.977 37.459 38.253 39.108 40.051 40.996 42.018 43.11 44.241 45.17 46.031 46.963 48.242 49.006 49.994 50.755 51.733 52.496 53.548 53.99 54.669 55.478 56.209 56.604 57.582 57.566 57.852 58.276 58.672 59.042 59.388 59.714 60.022 60.314 60.591 60.857 61.112 61.358 61.596 61.827 62.051 62.271 62.486 62.697 62.904 63.108 63.309 63.507 63.703 63.897
27.425 27.682 27.946 28.197 28.125 28.256 28.467 28.798 29.054 29.677 29.685 29.91 30.322 30.892 31.221 31.356 31.587 32.073 32.816 33.528 34.397 35.064 36.259 37.103 37.666 38.57 39.368 40.266 41.254 42.294 43.278 44.266 45.385 46.164 47.153 48.648 49.203 49.929 50.78 52.158 52.264 53.308 53.619 54.596 54.957 55.534 57.097 56.901 56.963 57.412 57.837 58.235 58.609 58.961 59.295 59.611 59.912 60.2 60.476 60.742 60.999 61.248 61.49 61.726 61.956 62.182 62.403 62.621 62.835 63.046 63.254 63.46
27.24 27.538 27.759 27.949 27.932 28.034 28.261 28.474 28.76 29.099 29.42 29.691 29.964 30.432 30.776 30.977 31.205 31.883 32.25 32.951 33.664 34.402 35.202 36.195 36.893 37.813 38.649 39.592 40.529 41.551 42.512 43.468 44.426 45.397 46.331 47.448 48.215 49.183 49.996 50.569 51.409 52.212 52.861 53.453 53.937 54.611 55.091 55.841 56.084 56.562 57.013 57.437 57.837 58.214 58.571 58.911 59.234 59.543 59.839 60.125 60.4 60.667 60.926 61.178 61.424 61.664 61.9 62.131 62.358 62.582 62.802 63.02
27.049 27.437 27.658 27.634 27.705 27.84 28.067 28.251 28.477 28.73 29.104 29.762 29.646 30.45 30.291 30.521 30.816 31.265 31.761 32.357 33.047 33.808 34.513 35.387 36.288 37.081 37.995 38.931 39.869 40.796 41.761 42.747 43.704 44.762 45.58 46.432 47.696 48.503 49.031 49.67 50.413 51.115 51.818 52.427 53.379 53.609 54.424 55.486 55.227 55.73 56.204 56.652 57.076 57.476 57.855 58.216 58.56 58.889 59.205 59.508 59.802 60.085 60.361 60.628 60.89 61.145 61.394 61.639 61.879 62.116 62.348 62.578
26.888 27.207 27.49 27.395 27.533 27.668 27.913 28.048 28.259 28.488 28.759 29.331 29.446 30.195 29.972 30.406 30.743 31.029 31.345 31.861 32.487 33.188 33.861 34.7 35.55 36.475 37.355 38.321 39.225 40.155 41.095 42.044 43.047 44.064 44.917 45.651 46.658 47.702 48.304 48.856 49.648 50.41 51.095 51.52 52.107 52.89 53.381 54.115 54.55 54.92 55.68 55.885 56.329 56.749 57.149 57.529 57.892 58.24 58.574 58.895 59.205 59.505 59.796 60.079 60.355 60.625 60.888 61.147 61.4 61.649 61.893 62.134
26.708 26.885 27.283 27.246 27.409 27.508 27.736 27.868 28.074 28.299 28.615 29.087 29.239 29.545 29.595 29.877 30.319 30.56 30.987 31.526 31.979 32.591 33.165 34.014 34.947 35.864 36.802 37.626 38.552 39.499 40.466 41.399 42.338 43.229 44.276 44.887 45.799 46.991 47.597 48.032 48.98 50.191 50.217 50.742 51.43 51.846 53.756 53.058 53.594 54.137 54.65 55.137 55.599 56.037 56.454 56.852 57.233 57.597 57.948 58.286 58.612 58.928 59.234 59.532 59.822 60.106 60.383 60.654 60.92 61.181 61.438 61.691
26.606 26.838 27.172 27.188 27.26 27.396 27.58 27.727 27.908 28.134 28.417 28.755 30.034 30.1 29.705 30.027 29.921 30.197 30.555 30.983 31.524 31.96 32.642 33.413 34.278 35.327 36.191 37.019 37.976 38.887 39.862 40.791 41.702 42.559 43.384 44.17 44.999 46.058 46.765 47.37 48.011 48.882 49.927 50.365 50.46 51.026 51.747 53.244 52.829 53.384 53.911 54.411 54.887 55.341 55.773 56.187 56.583 56.963 57.329 57.682 58.024 58.354 58.675 58.987 59.291 59.588 59.879 60.163 60.441 60.715 60.983 61.248
26.489 26.649 26.958 27.071 27.166 27.31 27.469 27.596 27.783 27.983 28.258 28.618 29.61 30.27 29.561 30.634 29.623 29.893 30.246 30.533 30.997 31.438 32.037 32.867 33.756 34.632 35.559 36.498 37.434 38.378 39.313 40.168 40.997 41.933 42.641 43.45 44.264 45.124 46.11 46.789 47.246 48.469 48.927 49.201 49.81 50.383 50.925 51.516 52.3 52.663 53.309 53.857 54.196 54.662 55.107 55.534 55.944 56.339 56.719 57.086 57.441 57.786 58.12 58.446 58.764 59.073 59.376 59.673 59.964 60.249 60.53 60.805
26.452 26.588 26.805 27.042 27.116 27.268 27.387 27.477 27.688 27.841 28.13 28.512 30.049 29.807 29.251 28.97 29.627 29.578 30.087 30.275 30.605 31.001 31.609 32.438 33.295 34.171 35.131 36.14 36.962 37.852 38.931 39.645 40.47 41.286 42.086 42.925 43.802 44.437 45.133 45.856 46.61 47.939 48.037 49.273 49.636 50.724 50.26 50.854 51.412 51.973 52.512 53.076 53.58 54.001 54.457 54.896 55.318 55.725 56.118 56.498 56.866 57.224 57.571 57.91 58.24 58.562 58.878 59.186 59.489 59.786 60.078 60.365
26.509 26.556 26.71 27.005 27.116 27.185 27.235 27.374 27.629 27.742 27.987 28.39 29.624 28.43 28.634 28.734 29.072 29.25 29.558 29.904 30.313 30.788 31.398 32.112 32.926 33.768 34.716 35.77 36.533 37.424 38.848 39.268 39.9 40.67 41.57 42.383 43.197 43.813 44.554 45.443 46.066 46.708 47.492 48.528 48.953 49.898 49.753 50.273 50.767 51.311 51.972 52.373 53.154 53.358 53.823 54.272 54.704 55.122 55.527 55.918 56.299 56.668 57.028 57.378 57.721 58.055 58.382 58.703 59.017 59.326 59.629 59.927
26.653 26.565 26.64 26.908 27.127 27.095 27.241 27.358 27.53 27.711 27.839 28.18 28.783 28.795 28.441 28.607 28.946 29.303 29.403 29.759 30.105 30.643 31.197 31.857 32.593 33.418 34.352 35.324 36.354 37.089 38.827 39.856 39.817 40.224 40.958 41.675 42.418 43.206 43.951 44.798 45.613 46.284 47.098 47.697 48.482 49.224 50.567 50.305 50.261 50.772 51.861 52.941 52.244 52.733 53.206 53.662 54.104 54.532 54.946 55.349 55.74 56.12 56.491 56.853 57.207 57.553 57.892 58.224 58.549 58.869 59.183 59.492
26.575 26.64 26.657 26.783 27.044 27.03 27.185 27.37 27.5 27.694 27.79 28.208 28.465 28.774 28.282 28.529 28.698 28.898 29.177 29.652 30.099 30.435 30.971 31.629 32.35 33.127 33.995 34.961 35.914 36.908 37.833 39.477 39.338 40.252 40.43 41.2 42.044 42.826 43.376 44.152 45.066 46.076 46.191 46.904 47.919 48.353 49.099 49.345 49.772 50.395 50.769 51.403 51.653 52.129 52.604 53.067 53.517 53.953 54.377 54.789 55.19 55.581 55.962 56.335 56.7 57.056 57.406 57.749 58.086 58.416 58.741 59.06
26.516 26.816 26.748 26.748 26.959 27.318 27.125 27.371 27.434 27.73 27.711 27.929 28.246 28.185 28.272 28.338 28.992 29.18 29.058 29.528 30.187 30.681 30.911 31.445 32.142 32.883 33.732 34.614 35.471 36.412 37.364 38.593 38.96 39.332 40.166 41.008 41.596 42.279 42.848 43.539 44.305 45.258 45.561 46.223 46.973 47.616 48.317 49.059 49.481 49.797 50.105 50.595 51.209 51.574 52.018 52.525 52.961 53.386 53.818 54.239 54.649 55.05 55.441 55.824 56.199 56.566 56.926 57.28 57.627 57.968 58.303 58.633
26.435 26.696 26.829 26.909 27.048 27.031 27.118 27.381 27.467 27.778 28.064 28.117 28.038 28.136 28.245 28.377 28.803 28.87 29.033 29.548 30.448 30.156 30.73 31.338 31.971 32.692 33.469 34.284 35.127 36.048 37.225 37.997 38.466 38.963 39.528 40.41 41.312 41.742 42.336 43.194 43.716 44.381 45.182 45.724 46.637 47.395 48.26 48.582 48.597 49.063 49.589 50.167 51.12 51.01 51.537 51.952 52.437 52.856 53.271 53.7 54.118 54.527 54.928 55.32 55.705 56.082 56.452 56.816 57.173 57.524 57.87 58.21
26.464 26.767 26.781 27.168 27.066 27.102 27.152 27.303 27.683 27.898 28.136 27.971 28.06 28.126 28.131 28.374 28.522 28.679 28.98 29.324 29.937 31.117 31.703 31.539 31.875 32.557 33.271 34.054 34.85 35.747 36.963 37.676 37.826 38.607 39.317 39.825 40.652 41.508 41.886 42.565 43.507 43.93 44.694 45.331 45.893 46.594 47.234 48.248 49.495 48.802 49.643 50.151 50.141 51.011 52.251 51.541 52.432 52.387 52.951 53.171 53.597 54.014 54.424 54.825 55.218 55.605 55.985 56.358 56.725 57.086 57.442 57.792
26.503 26.662 26.9 27.044 27.297 27.307 27.289 27.516 27.484 27.762 27.753 27.82 27.907 27.969 28.139 28.25 28.705 28.909 29.665 29.354 29.678 30.153 30.84 31.253 31.827 32.593 33.118 33.88 34.62 35.485 36.612 37.128 37.483 38.127 38.824 39.436 40.164 40.887 41.449 42.095 42.804 43.599 44.311 44.779 45.324 46.017 47.334 47.502 48.419 49.018 49.284 49.295 49.521 49.983 51.319 51.035 51.553 52.74 52.256 52.684 53.086 53.511 53.928 54.337 54.74 55.135 55.524 55.907 56.284 56.654 57.019 57.379
26.481 26.74 26.944 27.07 27.1 27.454 27.563 27.467 27.76 27.637 27.703 27.965 27.81 27.972 28.168 28.529 28.84 28.873 29.659 29.447 29.786 30.59 31.641 31.188 31.792 32.375 32.989 33.7 34.513 35.262 36.054 36.844 37.258 37.851 38.454 39.11 39.783 40.373 41.002 41.654 42.334 42.996 43.787 44.646 44.931 45.468 46.096 46.764 47.707 48.898 49.796 48.853 49.149 49.549 50.665 50.576 51.013 51.909 51.767 52.177 52.585 53.016 53.441 53.858 54.269 54.673 55.071 55.462 55.848 56.228 56.603 56.972
26.536 26.545 26.801 27.332 27 27.164 27.493 27.514 27.478 27.483 27.64 27.707 27.878 28.029 28.211 28.59 29.028 29.061 29.333 29.595 30.359 30.512 32.178 31.481 31.752 32.333 32.9 33.624 34.294 35.059 35.776 36.905 36.979 37.486 38.203 38.755 39.353 39.973 40.599 41.242 41.922 42.565 43.309 44.383 44.553 45.352 45.616 46.923 47.399 48.013 49.196 49.867 49.518 50.46 49.587 50.626 50.438 50.838 51.316 51.658 52.105 52.531 52.962 53.387 53.806 54.218 54.624 55.025 55.42 55.809 56.193 56.571
26.389 26.563 26.67 27.096 27.161 27.308 27.609 27.795 28.05 27.88 27.682 27.869 27.972 28.102 28.344 28.639 29.009 30.167 30.581 31.61 31.48 31.328 30.825 31.4 31.888 32.252 32.934 33.443 34.116 34.931 35.924 36.292 36.683 37.179 37.785 38.478 39.062 39.632 40.715 40.848 41.481 42.418 43.056 43.972 44.583 44.996 45.42 46.232 46.914 47.666 47.645 48.261 49.139 48.802 49.385 50.923 50.162 50.518 50.763 51.236 51.684 52.066 52.493 52.925 53.351 53.771 54.186 54.595 54.999 55.397 55.79 56.177
26.467 26.583 26.783 26.958 27.169 27.479 27.534 27.831 27.968 28.494 28.11 27.953 28.12 28.806 28.629 28.8 29.62 30.821 30.793 32.366 31.514 30.715 32.095 31.476 31.711 32.255 33.107 33.376 34.025 34.796 35.931 36.03 36.32 36.909 37.584 38.217 38.842 39.393 39.929 40.616 41.14 41.777 42.426 43.264 44.47 44.449 45.212 45.721 46.367 47.443 47.373 47.731 48.302 48.939 49.128 50.079 50.816 49.988 50.475 51.048 51.546 51.637 52.049 52.471 52.905 53.332 53.755 54.172 54.584 54.991 55.393 55.789
26.62 26.755 26.83 27.092 27.323 27.406 27.663 27.916 27.949 28.203 28.477 28.444 28.219 28.669 28.947 30.543 29.707 30.497 31.091 32.322 31.391 33.185 31.71 31.534 31.954 32.308 33.041 33.322 33.97 34.907 35.902 35.626 36.115 37.127 37.68 38.146 38.64 39.095 39.65 40.207 40.755 41.545 42.111 42.796 43.404 44.161 44.933 45.218 45.889 46.736 46.985 47.019 47.85 48.3 49.138 49.273 49.39 49.497 50.096 50.454 51.319 51.201 51.638 52.057 52.49 52.902 53.332 53.757 54.178 54.593 55.004 55.409
26.824 26.893 26.907 27.014 27.174 27.458 27.618 27.791 28.016 28.354 28.534 28.452 28.828 29.544 29.584 29.705 30.555 30.805 31.082 32.286 32.401 33.036 33.265 32.334 32.307 32.515 32.796 33.673 33.875 34.883 36.032 35.952 36.019 36.643 37.526 38.247 38.731 38.878 39.437 40.178 40.396 41 41.666 42.787 43.447 43.822 44.671 44.725 45.215 46.22 46.508 46.483 47.152 48.124 48.281 48.892 49.018 49.186 49.744 49.928 50.317 50.79 51.266 51.649 52.097 52.538 52.917 53.35 53.779 54.203 54.622 55.036
