raw_data/humedad_relativa/hora15/rh15apr.txt
ncols         501
nrows         361
xllcorner     109.95
yllcorner     -45.05
cellsize      0.1
NODATA_value  -9999
[rows 288 to 319 of 361, columns 72 to 143 of 501]
63.669 63.646 63.625 63.607 63.591 63.577 63.567 63.559 63.554 63.553 63.555 63.559 63.568 63.58 63.595 63.614 63.636 63.662 63.691 63.724 63.76 63.8 63.843 63.89 63.94 63.993 64.049 64.108 64.17 64.235 64.302 64.372 64.444 64.519 64.596 64.675 64.756 64.838 64.922 65.008 65.095 65.183 65.272 65.362 65.452 65.544 65.636 65.728 65.821 65.914 66.007 66.1 66.193 66.285 66.378 66.47 66.562 66.653 66.744 66.834 66.923 67.012 67.1 67.187 67.273 67.359 67.443 67.526 67.609 67.69 67.77 67.849
63.855 63.835 63.817 63.801 63.788 63.777 63.769 63.763 63.761 63.761 63.764 63.771 63.781 63.794 63.81 63.83 63.853 63.879 63.909 63.942 63.979 64.019 64.062 64.108 64.157 64.21 64.265 64.324 64.385 64.449 64.515 64.584 64.655 64.728 64.804 64.881 64.96 65.041 65.124 65.208 65.293 65.379 65.467 65.555 65.644 65.734 65.824 65.915 66.006 66.097 66.189 66.28 66.372 66.463 66.554 66.645 66.736 66.826 66.915 67.004 67.093 67.18 67.267 67.353 67.439 67.523 67.607 67.689 67.771 67.851 67.931 68.009
64.039 64.021 64.006 63.993 63.982 63.973 63.967 63.964 63.963 63.965 63.97 63.978 63.99 64.004 64.021 64.042 64.066 64.093 64.123 64.157 64.193 64.233 64.276 64.322 64.371 64.423 64.478 64.536 64.596 64.659 64.724 64.792 64.862 64.934 65.008 65.084 65.162 65.241 65.322 65.404 65.488 65.573 65.659 65.745 65.833 65.921 66.01 66.099 66.189 66.279 66.369 66.459 66.549 66.639 66.729 66.818 66.908 66.996 67.085 67.173 67.26 67.347 67.433 67.518 67.602 67.686 67.769 67.851 67.931 68.011 68.09 68.168
64.219 64.204 64.191 64.181 64.172 64.166 64.162 64.16 64.162 64.166 64.172 64.182 64.194 64.21 64.228 64.25 64.274 64.302 64.333 64.367 64.404 64.444 64.487 64.532 64.581 64.633 64.687 64.744 64.803 64.865 64.93 64.996 65.065 65.136 65.209 65.283 65.36 65.438 65.518 65.598 65.681 65.764 65.848 65.933 66.02 66.106 66.194 66.281 66.37 66.458 66.547 66.635 66.724 66.813 66.901 66.99 67.078 67.165 67.253 67.339 67.426 67.511 67.596 67.681 67.764 67.847 67.929 68.01 68.09 68.169 68.248 68.325
64.397 64.384 64.374 64.365 64.359 64.355 64.353 64.353 64.356 64.362 64.37 64.381 64.395 64.412 64.431 64.454 64.479 64.507 64.539 64.573 64.61 64.65 64.693 64.739 64.787 64.838 64.892 64.948 65.007 65.068 65.132 65.197 65.265 65.335 65.406 65.48 65.555 65.632 65.71 65.79 65.87 65.952 66.035 66.119 66.204 66.289 66.375 66.461 66.548 66.635 66.722 66.81 66.897 66.985 67.072 67.159 67.246 67.333 67.419 67.504 67.59 67.674 67.759 67.842 67.925 68.007 68.088 68.168 68.248 68.326 68.404 68.48
64.571 64.561 64.553 64.547 64.543 64.541 64.541 64.543 64.548 64.555 64.565 64.577 64.592 64.61 64.631 64.654 64.68 64.709 64.741 64.775 64.813 64.853 64.895 64.941 64.989 65.04 65.093 65.149 65.207 65.267 65.33 65.395 65.462 65.53 65.601 65.673 65.747 65.823 65.9 65.978 66.057 66.138 66.219 66.302 66.385 66.469 66.554 66.639 66.724 66.81 66.896 66.982 67.068 67.155 67.241 67.327 67.412 67.498 67.583 67.668 67.752 67.836 67.919 68.001 68.083 68.165 68.245 68.325 68.403 68.481 68.558 68.634
64.743 64.736 64.73 64.726 64.723 64.723 64.725 64.729 64.736 64.744 64.756 64.769 64.786 64.805 64.826 64.85 64.877 64.907 64.939 64.974 65.011 65.052 65.094 65.14 65.188 65.238 65.291 65.346 65.404 65.464 65.525 65.589 65.655 65.723 65.793 65.864 65.937 66.011 66.087 66.164 66.242 66.321 66.401 66.482 66.564 66.647 66.73 66.814 66.898 66.983 67.067 67.152 67.237 67.322 67.407 67.492 67.577 67.661 67.745 67.829 67.913 67.995 68.078 68.159 68.24 68.321 68.4 68.479 68.558 68.635 68.711 68.787
64.913 64.907 64.903 64.901 64.901 64.903 64.906 64.912 64.92 64.93 64.943 64.958 64.976 64.995 65.018 65.043 65.07 65.101 65.133 65.169 65.206 65.247 65.29 65.335 65.383 65.433 65.485 65.54 65.597 65.656 65.717 65.781 65.846 65.912 65.981 66.051 66.123 66.196 66.271 66.347 66.424 66.502 66.581 66.66 66.741 66.823 66.905 66.987 67.07 67.153 67.237 67.321 67.405 67.488 67.572 67.656 67.74 67.823 67.906 67.989 68.071 68.153 68.235 68.316 68.396 68.476 68.554 68.633 68.71 68.787 68.863 68.938
65.079 65.076 65.074 65.074 65.075 65.079 65.084 65.092 65.101 65.113 65.127 65.143 65.162 65.183 65.206 65.232 65.26 65.291 65.324 65.36 65.398 65.439 65.481 65.527 65.574 65.624 65.676 65.731 65.787 65.846 65.906 65.969 66.033 66.099 66.166 66.236 66.306 66.379 66.452 66.527 66.603 66.68 66.757 66.836 66.916 66.996 67.077 67.158 67.24 67.322 67.404 67.487 67.57 67.652 67.735 67.818 67.901 67.983 68.065 68.147 68.229 68.31 68.39 68.47 68.55 68.629 68.707 68.784 68.861 68.937 69.013 69.087
65.243 65.242 65.242 65.244 65.247 65.252 65.259 65.268 65.28 65.293 65.308 65.325 65.345 65.367 65.391 65.418 65.447 65.478 65.512 65.548 65.586 65.627 65.67 65.715 65.763 65.812 65.864 65.918 65.974 66.032 66.092 66.154 66.217 66.282 66.349 66.417 66.487 66.558 66.631 66.705 66.779 66.855 66.932 67.009 67.088 67.167 67.247 67.327 67.407 67.488 67.57 67.651 67.733 67.815 67.896 67.978 68.06 68.141 68.222 68.303 68.384 68.464 68.544 68.623 68.702 68.78 68.858 68.935 69.011 69.086 69.161 69.235
65.405 65.405 65.407 65.411 65.416 65.423 65.432 65.442 65.455 65.469 65.486 65.504 65.525 65.548 65.573 65.6 65.63 65.662 65.696 65.732 65.771 65.812 65.855 65.9 65.948 65.997 66.049 66.102 66.158 66.215 66.275 66.336 66.398 66.463 66.529 66.596 66.665 66.736 66.807 66.88 66.953 67.028 67.104 67.18 67.258 67.336 67.414 67.493 67.573 67.653 67.733 67.814 67.894 67.975 68.056 68.137 68.217 68.298 68.378 68.458 68.538 68.617 68.696 68.775 68.853 68.93 69.007 69.083 69.159 69.234 69.308 69.382
65.564 65.566 65.57 65.575 65.582 65.591 65.601 65.613 65.627 65.642 65.66 65.68 65.702 65.726 65.752 65.78 65.81 65.842 65.877 65.914 65.953 65.994 66.037 66.082 66.129 66.179 66.23 66.283 66.338 66.395 66.454 66.515 66.577 66.641 66.706 66.773 66.841 66.91 66.981 67.052 67.125 67.199 67.274 67.349 67.425 67.502 67.58 67.658 67.736 67.815 67.895 67.974 68.054 68.133 68.213 68.293 68.373 68.452 68.532 68.611 68.69 68.769 68.847 68.925 69.002 69.079 69.155 69.231 69.306 69.38 69.454 69.527
65.721 65.725 65.73 65.737 65.746 65.756 65.767 65.781 65.796 65.813 65.832 65.853 65.875 65.9 65.927 65.956 65.987 66.02 66.055 66.092 66.131 66.172 66.216 66.261 66.308 66.357 66.408 66.461 66.516 66.573 66.631 66.691 66.753 66.816 66.88 66.946 67.013 67.082 67.152 67.222 67.294 67.367 67.441 67.515 67.591 67.667 67.743 67.82 67.898 67.976 68.054 68.133 68.211 68.29 68.369 68.448 68.527 68.605 68.684 68.762 68.841 68.918 68.996 69.073 69.15 69.226 69.301 69.376 69.451 69.525 69.598 69.671
65.875 65.881 65.888 65.897 65.907 65.918 65.931 65.946 65.962 65.981 66.001 66.022 66.046 66.072 66.099 66.129 66.161 66.194 66.23 66.267 66.306 66.348 66.391 66.437 66.484 66.533 66.584 66.637 66.691 66.747 66.805 66.865 66.925 66.988 67.052 67.117 67.184 67.251 67.32 67.39 67.461 67.533 67.606 67.68 67.754 67.829 67.905 67.981 68.057 68.134 68.212 68.289 68.367 68.445 68.523 68.601 68.679 68.757 68.835 68.912 68.99 69.067 69.143 69.22 69.296 69.371 69.446 69.521 69.595 69.668 69.741 69.813
66.028 66.035 66.044 66.054 66.065 66.078 66.093 66.109 66.126 66.146 66.167 66.189 66.214 66.241 66.269 66.299 66.331 66.365 66.401 66.439 66.479 66.521 66.564 66.609 66.657 66.706 66.756 66.809 66.863 66.919 66.976 67.035 67.096 67.158 67.221 67.285 67.351 67.418 67.486 67.556 67.626 67.697 67.769 67.842 67.915 67.989 68.064 68.139 68.215 68.291 68.367 68.444 68.521 68.598 68.675 68.752 68.829 68.906 68.983 69.06 69.137 69.213 69.289 69.365 69.44 69.515 69.59 69.664 69.737 69.81 69.882 69.954
66.178 66.187 66.197 66.208 66.221 66.235 66.251 66.268 66.287 66.308 66.33 66.354 66.379 66.407 66.436 66.467 66.499 66.534 66.57 66.608 66.649 66.69 66.734 66.779 66.827 66.876 66.926 66.978 67.032 67.088 67.145 67.203 67.263 67.325 67.387 67.451 67.517 67.583 67.65 67.719 67.788 67.858 67.929 68.001 68.074 68.147 68.221 68.295 68.37 68.446 68.521 68.597 68.673 68.749 68.825 68.902 68.978 69.054 69.131 69.207 69.283 69.358 69.434 69.509 69.583 69.658 69.732 69.805 69.878 69.95 70.022 70.093
66.326 66.336 66.348 66.361 66.375 66.39 66.407 66.426 66.446 66.467 66.49 66.515 66.542 66.57 66.6 66.631 66.665 66.7 66.736 66.775 66.815 66.857 66.901 66.947 66.994 67.043 67.093 67.145 67.199 67.254 67.311 67.369 67.428 67.489 67.551 67.615 67.679 67.745 67.812 67.879 67.948 68.018 68.088 68.159 68.231 68.303 68.376 68.45 68.524 68.598 68.673 68.748 68.823 68.899 68.974 69.05 69.125 69.201 69.276 69.352 69.427 69.502 69.577 69.651 69.725 69.799 69.872 69.945 70.017 70.089 70.16 70.231
66.472 66.483 66.496 66.511 66.526 66.543 66.561 66.581 66.602 66.624 66.649 66.674 66.701 66.73 66.761 66.793 66.827 66.863 66.9 66.939 66.979 67.022 67.066 67.111 67.158 67.207 67.258 67.31 67.363 67.418 67.474 67.532 67.591 67.651 67.713 67.776 67.84 67.905 67.971 68.038 68.106 68.175 68.244 68.315 68.386 68.457 68.53 68.602 68.676 68.749 68.823 68.897 68.972 69.046 69.121 69.196 69.271 69.346 69.42 69.495 69.569 69.644 69.718 69.792 69.865 69.938 70.011 70.083 70.155 70.227 70.298 70.368
66.615 66.629 66.643 66.658 66.675 66.693 66.713 66.733 66.755 66.779 66.804 66.831 66.859 66.888 66.92 66.952 66.987 67.023 67.061 67.1 67.141 67.183 67.227 67.273 67.32 67.369 67.419 67.471 67.524 67.579 67.635 67.692 67.751 67.811 67.872 67.935 67.998 68.062 68.128 68.194 68.261 68.33 68.399 68.468 68.538 68.609 68.681 68.753 68.825 68.898 68.971 69.045 69.118 69.192 69.266 69.34 69.415 69.489 69.563 69.637 69.711 69.784 69.858 69.931 70.004 70.076 70.149 70.22 70.292 70.363 70.433 70.503
66.757 66.772 66.787 66.804 66.822 66.841 66.862 66.884 66.907 66.931 66.957 66.985 67.013 67.044 67.076 67.109 67.144 67.181 67.219 67.258 67.3 67.342 67.387 67.432 67.48 67.528 67.579 67.63 67.683 67.738 67.794 67.851 67.909 67.968 68.029 68.091 68.154 68.218 68.283 68.348 68.415 68.482 68.551 68.62 68.689 68.759 68.83 68.901 68.973 69.045 69.118 69.19 69.263 69.337 69.41 69.483 69.557 69.63 69.704 69.777 69.85 69.923 69.996 70.069 70.141 70.213 70.285 70.356 70.427 70.497 70.568 70.637
66.897 66.913 66.93 66.948 66.967 66.987 67.009 67.031 67.056 67.081 67.108 67.136 67.166 67.197 67.229 67.263 67.299 67.336 67.374 67.414 67.456 67.499 67.543 67.589 67.636 67.685 67.735 67.787 67.84 67.894 67.95 68.006 68.064 68.123 68.184 68.245 68.307 68.371 68.435 68.5 68.566 68.633 68.701 68.769 68.838 68.908 68.978 69.048 69.119 69.191 69.262 69.334 69.407 69.479 69.552 69.624 69.697 69.77 69.843 69.916 69.988 70.061 70.133 70.205 70.277 70.348 70.419 70.49 70.561 70.631 70.7 70.77
67.035 67.052 67.07 67.089 67.109 67.131 67.153 67.177 67.202 67.229 67.256 67.285 67.316 67.347 67.381 67.415 67.451 67.489 67.528 67.568 67.61 67.653 67.697 67.743 67.791 67.84 67.89 67.941 67.994 68.048 68.103 68.16 68.217 68.276 68.336 68.397 68.459 68.522 68.586 68.65 68.716 68.782 68.849 68.917 68.985 69.054 69.123 69.193 69.263 69.334 69.405 69.477 69.548 69.62 69.692 69.764 69.836 69.908 69.981 70.053 70.125 70.197 70.268 70.34 70.411 70.482 70.553 70.623 70.693 70.763 70.832 70.901
67.171 67.189 67.208 67.229 67.25 67.272 67.296 67.321 67.347 67.374 67.402 67.432 67.463 67.496 67.53 67.565 67.601 67.639 67.678 67.719 67.761 67.804 67.849 67.895 67.943 67.992 68.042 68.093 68.146 68.2 68.255 68.311 68.368 68.427 68.486 68.547 68.608 68.671 68.734 68.798 68.863 68.929 68.995 69.062 69.13 69.198 69.267 69.336 69.406 69.476 69.546 69.617 69.688 69.759 69.831 69.902 69.974 70.045 70.117 70.188 70.26 70.331 70.402 70.473 70.544 70.614 70.685 70.755 70.824 70.893 70.962 71.031
67.305 67.324 67.345 67.366 67.388 67.412 67.436 67.462 67.489 67.517 67.546 67.577 67.609 67.642 67.676 67.712 67.749 67.787 67.827 67.868 67.91 67.954 67.999 68.045 68.092 68.141 68.191 68.243 68.295 68.349 68.404 68.46 68.517 68.575 68.634 68.694 68.755 68.817 68.88 68.944 69.008 69.073 69.139 69.206 69.273 69.341 69.409 69.478 69.547 69.616 69.686 69.756 69.826 69.897 69.968 70.038 70.109 70.18 70.251 70.322 70.393 70.464 70.535 70.605 70.675 70.745 70.815 70.885 70.954 71.023 71.091 71.159
67.437 67.458 67.479 67.502 67.525 67.549 67.575 67.602 67.629 67.658 67.688 67.719 67.752 67.786 67.821 67.857 67.894 67.933 67.973 68.014 68.057 68.101 68.146 68.192 68.24 68.289 68.339 68.39 68.443 68.496 68.551 68.607 68.663 68.721 68.78 68.84 68.9 68.962 69.024 69.088 69.152 69.216 69.282 69.348 69.414 69.481 69.549 69.617 69.686 69.754 69.824 69.893 69.963 70.033 70.103 70.173 70.244 70.314 70.384 70.455 70.525 70.595 70.666 70.736 70.805 70.875 70.944 71.013 71.082 71.151 71.219 71.286
67.568 67.589 67.612 67.635 67.66 67.685 67.711 67.739 67.767 67.797 67.828 67.86 67.893 67.927 67.963 67.999 68.037 68.077 68.117 68.159 68.201 68.246 68.291 68.337 68.385 68.434 68.484 68.535 68.588 68.641 68.696 68.751 68.808 68.865 68.924 68.983 69.044 69.105 69.167 69.23 69.293 69.357 69.422 69.488 69.554 69.62 69.687 69.755 69.823 69.891 69.96 70.029 70.098 70.167 70.237 70.307 70.376 70.446 70.516 70.586 70.656 70.726 70.795 70.865 70.934 71.003 71.072 71.141 71.209 71.277 71.345 71.412
67.696 67.719 67.743 67.767 67.792 67.819 67.846 67.874 67.904 67.934 67.966 67.998 68.032 68.067 68.103 68.14 68.178 68.218 68.259 68.301 68.344 68.388 68.434 68.48 68.528 68.577 68.627 68.678 68.731 68.784 68.838 68.894 68.95 69.007 69.066 69.125 69.185 69.246 69.307 69.369 69.433 69.496 69.561 69.626 69.691 69.757 69.824 69.891 69.958 70.026 70.094 70.163 70.231 70.3 70.369 70.438 70.508 70.577 70.646 70.716 70.785 70.854 70.923 70.992 71.061 71.13 71.198 71.267 71.335 71.402 71.47 71.537
67.824 67.847 67.872 67.897 67.923 67.95 67.979 68.008 68.038 68.069 68.101 68.134 68.169 68.204 68.241 68.279 68.317 68.357 68.398 68.441 68.484 68.529 68.574 68.621 68.669 68.718 68.768 68.819 68.872 68.925 68.979 69.034 69.09 69.147 69.205 69.264 69.324 69.384 69.446 69.508 69.57 69.634 69.697 69.762 69.827 69.893 69.959 70.025 70.092 70.159 70.227 70.295 70.363 70.431 70.5 70.569 70.637 70.706 70.775 70.844 70.913 70.981 71.05 71.119 71.187 71.255 71.323 71.391 71.459 71.526 71.593 71.66
67.949 67.974 67.999 68.025 68.052 68.08 68.109 68.139 68.17 68.202 68.235 68.269 68.304 68.34 68.377 68.415 68.454 68.495 68.536 68.579 68.622 68.667 68.713 68.76 68.808 68.857 68.907 68.958 69.01 69.063 69.118 69.173 69.229 69.285 69.343 69.402 69.461 69.521 69.582 69.644 69.706 69.769 69.832 69.897 69.961 70.026 70.092 70.158 70.224 70.291 70.358 70.426 70.493 70.561 70.629 70.697 70.765 70.834 70.902 70.971 71.039 71.107 71.176 71.244 71.312 71.38 71.447 71.515 71.582 71.649 71.715 71.782
68.073 68.098 68.125 68.152 68.18 68.209 68.238 68.269 68.301 68.333 68.367 68.401 68.437 68.473 68.511 68.55 68.589 68.63 68.672 68.715 68.759 68.804 68.85 68.897 68.945 68.994 69.044 69.095 69.147 69.2 69.254 69.309 69.365 69.422 69.479 69.537 69.597 69.656 69.717 69.778 69.84 69.903 69.966 70.029 70.094 70.158 70.223 70.289 70.355 70.421 70.488 70.555 70.622 70.689 70.757 70.824 70.892 70.96 71.028 71.096 71.164 71.232 71.3 71.367 71.435 71.502 71.57 71.637 71.703 71.77 71.836 71.902
68.195 68.221 68.249 68.277 68.305 68.335 68.366 68.397 68.429 68.462 68.497 68.532 68.568 68.605 68.643 68.682 68.722 68.763 68.805 68.849 68.893 68.938 68.984 69.031 69.08 69.129 69.179 69.23 69.282 69.335 69.389 69.444 69.499 69.556 69.613 69.671 69.73 69.79 69.85 69.911 69.972 70.035 70.097 70.161 70.224 70.289 70.353 70.418 70.484 70.55 70.616 70.682 70.749 70.816 70.883 70.95 71.017 71.085 71.152 71.22 71.287 71.355 71.422 71.489 71.557 71.624 71.691 71.757 71.824 71.89 71.956 72.022
68.316 68.343 68.371 68.4 68.429 68.46 68.491 68.523 68.556 68.59 68.625 68.66 68.697 68.735 68.773 68.813 68.853 68.895 68.937 68.981 69.025 69.07 69.117 69.164 69.213 69.262 69.312 69.363 69.415 69.468 69.522 69.577 69.632 69.688 69.745 69.803 69.862 69.921 69.981 70.042 70.103 70.165 70.227 70.29 70.353 70.417 70.482 70.546 70.611 70.677 70.742 70.808 70.875 70.941 71.008 71.074 71.141 71.208 71.275 71.342 71.409 71.476 71.543 71.61 71.677 71.744 71.81 71.877 71.943 72.009 72.074 72.14
