raw_data/humedad_relativa/hora15/rh15jan.txt
ncols         501
nrows         361
xllcorner     109.95
yllcorner     -45.05
cellsize      0.1
NODATA_value  -9999
[rows 128 to 159 of 361, columns 0 to 71 of 501]
52.139 51.94 51.736 51.526 51.31 51.087 50.858 50.622 50.378 50.128 49.869 49.603 49.329 49.046 48.754 48.453 48.143 47.823 47.494 47.154 46.803 46.443 46.071 45.688 45.294 44.888 44.472 44.044 43.605 43.155 42.695 42.226 41.747 41.261 40.77 40.275 39.78 39.29 38.812 38.355 37.93 37.209 37.204 36.906 36.642 36.403 36.183 35.996 35.801 35.561 35.378 35.211 34.926 34.726 34.435 34.228 34.019 33.723 33.391 32.835 32.942 32.387 31.69 32.096 31.709 31.268 30.794 30.736 29.88 29.018 27.753 29.076
52.186 51.988 51.785 51.575 51.359 51.137 50.908 50.672 50.429 50.178 49.919 49.653 49.378 49.094 48.801 48.499 48.188 47.866 47.534 47.191 46.838 46.473 46.096 45.708 45.308 44.896 44.472 44.035 43.586 43.125 42.652 42.168 41.673 41.168 40.655 40.136 39.613 39.092 38.58 38.087 37.541 36.998 36.875 36.579 36.322 36.089 35.872 35.67 35.445 35.228 34.996 34.809 34.656 34.313 34.022 33.778 33.465 33.049 32.763 32.47 32.373 31.734 30.688 30.442 30.655 30.758 30.063 29.691 29.065 29.247 28.896 28.182
52.238 52.042 51.839 51.63 51.415 51.194 50.965 50.73 50.487 50.237 49.978 49.712 49.437 49.153 48.86 48.557 48.244 47.921 47.587 47.243 46.886 46.518 46.138 45.746 45.341 44.922 44.491 44.046 43.589 43.117 42.633 42.135 41.625 41.103 40.57 40.028 39.478 38.925 38.374 37.838 35.986 36.433 36.553 36.27 36.025 35.8 35.585 35.34 35.121 34.886 34.647 34.46 34.074 33.892 33.584 33.229 33.022 32.675 32.243 32.109 31.679 31.462 30.659 29.11 28.159 29.67 28.593 28.666 28.119 28.104 28.188 27.809
52.296 52.101 51.899 51.691 51.478 51.257 51.03 50.795 50.553 50.304 50.046 49.78 49.506 49.222 48.929 48.626 48.313 47.989 47.654 47.308 46.95 46.58 46.197 45.801 45.391 44.968 44.531 44.08 43.614 43.134 42.639 42.13 41.607 41.07 40.519 39.956 39.382 38.799 38.21 37.397 34.566 36.551 36.249 35.994 35.766 35.547 35.315 35.056 34.79 34.538 34.31 34.099 33.855 33.438 33.087 32.634 32.288 32.363 31.556 31.54 31.11 30.411 30.483 29.838 27.544 26.817 26.328 27.553 27.539 26.49 27.271 26.604
52.36 52.165 51.965 51.759 51.546 51.327 51.101 50.868 50.628 50.379 50.123 49.858 49.584 49.301 49.009 48.706 48.393 48.07 47.735 47.388 47.029 46.657 46.272 45.874 45.461 45.034 44.593 44.136 43.664 43.176 42.673 42.154 41.62 41.07 40.505 39.926 39.332 38.726 38.107 36.7 35.388 36.258 36.002 35.783 35.564 35.342 35.078 34.793 34.521 34.24 33.965 33.747 33.435 33.12 32.729 32.23 32.062 31.948 31.647 31.186 30.975 30.605 30.234 29.26 28.21 27.089 26.148 24.482 26.116 24.749 26.392 25.645
52.428 52.235 52.037 51.832 51.622 51.404 51.18 50.948 50.71 50.463 50.208 49.945 49.672 49.391 49.1 48.798 48.486 48.163 47.829 47.482 47.123 46.75 46.365 45.965 45.55 45.121 44.676 44.215 43.738 43.245 42.735 42.209 41.666 41.107 40.531 39.94 39.335 38.715 38.083 36.22 36.111 36.169 35.921 35.675 35.434 35.186 34.886 34.61 34.28 33.966 33.656 33.398 33.174 32.399 32.291 31.519 31.08 31.117 31.261 30.291 30.543 30.25 29.868 29.276 27.684 25.017 27.617 27.116 23.801 24.488 26.455 26.287
52.501 52.311 52.114 51.912 51.703 51.487 51.265 51.036 50.799 50.554 50.301 50.04 49.77 49.49 49.201 48.901 48.591 48.269 47.936 47.59 47.232 46.86 46.474 46.074 45.659 45.228 44.781 44.318 43.838 43.34 42.826 42.294 41.745 41.18 40.598 40 39.389 38.766 37.13 36.378 36.393 36.241 35.987 35.666 35.375 35.093 34.724 34.402 34.079 33.749 33.418 33.1 32.815 32.369 31.405 31.438 30.855 30.907 30.545 30.052 30.299 29.736 29.425 28.55 28.059 26.155 27.515 26.624 26.379 26.361 25.819 25.447
52.58 52.391 52.197 51.997 51.79 51.577 51.357 51.13 50.896 50.654 50.403 50.144 49.877 49.6 49.313 49.015 48.707 48.388 48.057 47.713 47.356 46.986 46.601 46.202 45.787 45.356 44.908 44.444 43.962 43.463 42.945 42.41 41.858 41.288 40.703 40.102 39.49 38.869 37.313 36.819 36.365 36.423 36.098 35.602 35.367 35.002 34.6 34.139 33.846 33.528 33.174 32.774 32.439 32.028 31.66 31.193 30.747 30.15 30.025 30.275 29.994 29.46 29.174 28.739 27.698 27.833 27.68 23.988 24.717 24.083 24.403 25.176
52.663 52.477 52.285 52.087 51.883 51.673 51.455 51.231 51 50.76 50.513 50.257 49.992 49.718 49.434 49.14 48.835 48.519 48.19 47.849 47.495 47.127 46.745 46.347 45.934 45.504 45.057 44.593 44.111 43.611 43.093 42.556 42.002 41.43 40.844 40.243 39.633 38.814 37.676 37.27 36.767 36.67 35.724 35.751 35.349 34.914 34.461 33.891 33.618 33.305 32.887 32.541 31.854 31.747 31.552 30.696 30.808 30.234 30.218 29.956 29.536 27.959 28.044 28.02 26.703 26.175 24.294 26.736 25.656 25.544 25.47 24.888
52.75 52.567 52.378 52.182 51.981 51.774 51.56 51.339 51.11 50.874 50.63 50.378 50.117 49.846 49.566 49.276 48.974 48.662 48.337 47.999 47.649 47.284 46.905 46.51 46.1 45.672 45.228 44.765 44.285 43.785 43.267 42.731 42.176 41.605 41.018 40.418 39.809 39.188 38.181 37.397 37.154 36.555 35.542 35.534 35.301 34.829 34.313 33.85 33.276 33.014 32.549 31.951 31.332 31.379 31.113 28.854 30.078 30.145 29.487 28.808 29.135 29.001 28.591 27.077 27.947 27.472 24.759 24.776 25.19 24.206 22.753 23.416
52.842 52.661 52.475 52.283 52.085 51.881 51.67 51.452 51.227 50.995 50.755 50.507 50.249 49.983 49.707 49.421 49.124 48.816 48.495 48.163 47.816 47.456 47.081 46.691 46.284 45.861 45.419 44.96 44.482 43.984 43.468 42.933 42.379 41.808 41.222 40.622 40.014 39.401 38.395 37.67 37.318 36.344 35.409 35.507 35.253 34.75 34.189 33.534 33.118 32.758 32.263 31.779 31.117 30.769 30.405 30.311 29.594 29.74 28.805 28.258 27.312 27.773 28.387 27.752 27.258 27.096 25.273 26.21 23.947 24.253 23.66 24.393
52.938 52.76 52.577 52.388 52.193 51.993 51.785 51.572 51.351 51.122 50.886 50.642 50.39 50.128 49.857 49.576 49.284 48.981 48.666 48.338 47.998 47.643 47.273 46.888 46.486 46.068 45.631 45.176 44.701 44.207 43.694 43.161 42.609 42.039 41.453 40.853 40.243 39.627 38.839 38.005 37.236 36.079 35.284 35.6 35.22 34.56 33.9 33.522 32.978 32.47 31.827 31.243 30.577 30.424 30.135 29.744 29.123 29.318 28.777 28.565 28.145 26.84 27.751 27.682 27.404 27.071 26.732 26.349 25.996 24.937 25.304 25.256
53.037 52.863 52.683 52.497 52.306 52.109 51.906 51.696 51.48 51.256 51.024 50.785 50.537 50.281 50.015 49.739 49.453 49.156 48.847 48.526 48.191 47.843 47.48 47.101 46.706 46.293 45.862 45.412 44.943 44.454 43.944 43.414 42.864 42.295 41.709 41.108 40.494 39.873 39.249 38.178 37.354 36.287 35.709 35.664 35.166 34.532 33.939 33.358 32.652 32.22 31.717 31.086 30.438 29.153 29.713 28.914 28.639 28.784 28.353 26.122 27.509 26.622 27.235 27.336 26.629 26.568 25.681 25.794 25.327 25.538 25.318 25.015
53.14 52.969 52.793 52.611 52.424 52.23 52.031 51.826 51.614 51.395 51.168 50.934 50.692 50.441 50.181 49.911 49.631 49.341 49.039 48.724 48.397 48.056 47.7 47.329 46.941 46.536 46.112 45.669 45.206 44.722 44.217 43.69 43.143 42.575 41.988 41.385 40.767 40.138 39.493 38.414 37.509 36.49 36.137 35.611 35.216 34.445 33.99 32.909 32.502 31.999 31.391 30.965 30.33 29.628 28.994 28.699 28.41 28.247 27.558 26.043 26.68 26.786 25.9 26.501 26.254 26.192 26.143 25.699 25.42 24.572 24.602 24.794
53.246 53.079 52.906 52.728 52.544 52.356 52.161 51.96 51.752 51.538 51.317 51.088 50.852 50.607 50.353 50.09 49.818 49.534 49.24 48.933 48.614 48.281 47.934 47.571 47.191 46.795 46.379 45.944 45.488 45.011 44.511 43.99 43.445 42.879 42.291 41.683 41.059 40.42 39.526 38.938 37.786 37.184 36.338 35.596 35.305 34.552 33.821 33.061 32.405 31.77 31.105 30.561 30.089 29.392 28.667 27.914 27.731 27.084 26.862 25.249 25.345 24.996 24.966 25.541 25.954 25.725 25.179 25.269 24.764 24.687 24.606 24.432
53.355 53.191 53.022 52.848 52.669 52.484 52.294 52.098 51.895 51.687 51.471 51.248 51.018 50.779 50.532 50.276 50.011 49.735 49.449 49.151 48.841 48.517 48.179 47.825 47.456 47.069 46.663 46.237 45.789 45.32 44.827 44.311 43.77 43.204 42.615 42.004 41.371 40.721 39.904 39.353 38.12 37.463 36.761 36.199 35.42 34.508 33.733 33.058 32.351 31.629 30.924 30.155 29.729 29.117 28.538 27.924 27.269 26.753 26.697 24.857 24.188 24.371 25.006 24.559 24.082 24.965 23.996 23.155 24.761 23.746 24.508 24.005
53.467 53.306 53.141 52.971 52.796 52.616 52.43 52.239 52.042 51.839 51.629 51.412 51.188 50.956 50.716 50.468 50.211 49.943 49.666 49.377 49.076 48.762 48.434 48.092 47.733 47.356 46.961 46.545 46.108 45.648 45.163 44.653 44.116 43.552 42.962 42.345 41.704 41.04 39.863 39.643 38.61 37.971 37.197 36.308 35.455 34.558 33.72 32.95 32.13 31.128 30.69 29.968 29.292 28.678 28.13 27.543 26.905 25.699 25.011 24.529 23.395 23.471 23.694 23.999 24.509 24.652 24.033 21.567 22.317 22.615 23.972 24.011
53.581 53.424 53.263 53.097 52.926 52.751 52.57 52.384 52.192 51.994 51.79 51.579 51.362 51.137 50.905 50.665 50.415 50.157 49.888 49.609 49.319 49.015 48.699 48.368 48.021 47.656 47.273 46.869 46.443 45.994 45.518 45.015 44.484 43.923 43.331 42.709 42.058 41.379 40.574 39.936 38.935 38.331 37.402 36.489 35.579 34.455 33.639 32.422 31.957 31.011 30.329 29.636 28.817 28.181 27.585 26.785 25.965 25.763 25.586 23.821 23.855 23.331 22.323 22.58 22.386 22.774 23.771 22.991 22.165 23.13 22.688 23.238
53.696 53.543 53.386 53.224 53.058 52.887 52.711 52.53 52.344 52.152 51.954 51.75 51.539 51.322 51.097 50.865 50.624 50.375 50.116 49.847 49.567 49.275 48.971 48.652 48.318 47.967 47.597 47.207 46.794 46.356 45.891 45.398 44.873 44.315 43.723 43.096 42.434 41.56 40.601 40.261 39.447 38.575 37.579 36.637 35.593 34.605 33.444 31.251 31.359 30.585 29.818 29.316 28.563 27.831 26.972 26.188 25.916 25.194 25.061 24.245 22.961 22.554 22.851 22.643 21.259 22.195 23.18 21.323 22.722 21.445 22.24 22.71
53.813 53.664 53.511 53.354 53.192 53.026 52.855 52.679 52.498 52.312 52.12 51.922 51.719 51.509 51.292 51.068 50.836 50.596 50.347 50.089 49.82 49.54 49.248 48.943 48.623 48.286 47.931 47.555 47.157 46.733 46.282 45.799 45.282 44.729 44.138 43.506 42.561 41.751 41.027 40.382 39.713 38.786 37.749 36.733 35.66 34.626 33.608 32.483 31.544 30.41 29.466 28.94 28.272 27.507 26.771 26.033 25.043 24.681 24.318 24.081 23.504 23.148 22.911 21.741 21.882 21.907 22.312 22.34 21.655 21.894 21.214 21.046
53.932 53.786 53.637 53.484 53.327 53.165 52.999 52.829 52.653 52.473 52.287 52.096 51.899 51.697 51.488 51.272 51.049 50.819 50.58 50.333 50.076 49.809 49.53 49.238 48.933 48.611 48.272 47.913 47.531 47.124 46.687 46.218 45.712 45.166 44.577 43.942 42.948 42.46 41.683 40.871 39.989 38.973 37.931 36.927 35.831 34.641 33.783 32.667 31.076 30.293 29.491 28.704 27.927 27.236 26.406 25.65 25.093 24.449 23.984 23.782 23.478 23.096 22.787 22.417 21.048 20.525 21.447 20.073 20.872 20.445 20.297 21.127
54.051 53.909 53.764 53.615 53.462 53.306 53.144 52.979 52.809 52.634 52.455 52.27 52.081 51.885 51.684 51.477 51.263 51.042 50.814 50.578 50.332 50.078 49.813 49.536 49.246 48.941 48.619 48.278 47.914 47.525 47.106 46.653 46.161 45.625 45.041 44.288 43.709 42.953 42.11 41.306 40.361 39.321 38.221 37.015 35.928 34.709 33.54 32.663 31.481 30.008 29.375 28.684 27.81 26.941 26.025 25.178 24.874 24.455 24.057 23.619 23.17 22.827 22.285 21.503 21.613 21.077 20.198 20.713 19.573 20.593 20.438 19.507
54.17 54.033 53.892 53.747 53.598 53.446 53.29 53.13 52.965 52.796 52.623 52.444 52.261 52.073 51.88 51.681 51.476 51.265 51.047 50.821 50.588 50.346 50.095 49.833 49.559 49.271 48.968 48.646 48.303 47.934 47.536 47.102 46.628 46.106 45.53 44.664 44.179 43.425 42.598 41.693 40.736 39.599 38.427 37.182 35.768 34.657 33.525 32.342 31.321 30.356 29.348 28.297 27.41 26.46 25.589 24.883 24.62 24.202 23.583 23.111 22.901 22.555 22.113 21.738 21.6 20.83 21.064 20.11 20.662 20.28 19.905 19.078
54.29 54.157 54.019 53.879 53.734 53.587 53.435 53.28 53.12 52.957 52.789 52.617 52.441 52.26 52.074 51.883 51.687 51.485 51.277 51.062 50.841 50.612 50.374 50.127 49.869 49.599 49.315 49.014 48.693 48.347 47.973 47.563 47.11 46.607 46.044 45.226 44.701 43.923 43.057 42.136 40.982 39.889 38.625 37.329 35.975 34.636 33.225 31.997 30.897 29.386 28.846 27.736 26.513 26.009 25.181 24.468 24.309 23.727 23.201 22.761 22.368 22.027 21.786 20.973 21.378 21.107 20.452 20.676 20.415 20.311 19.837 19.544
54.41 54.28 54.147 54.01 53.87 53.726 53.579 53.429 53.275 53.116 52.955 52.789 52.618 52.444 52.265 52.082 51.894 51.701 51.502 51.298 51.088 50.871 50.647 50.415 50.174 49.921 49.657 49.377 49.079 48.759 48.412 48.03 47.604 47.126 46.582 45.809 45.244 44.416 43.556 42.584 41.417 40.173 38.849 37.461 36.1 34.475 33.425 31.889 30.614 29.428 27.937 26.955 26.221 25.594 24.933 24.451 24.01 23.254 22.435 21.817 21.506 21.212 20.941 20.943 20.698 20.644 20.576 20.395 20.031 18.727 19.523 18.948
54.53 54.403 54.273 54.141 54.004 53.865 53.723 53.577 53.427 53.274 53.117 52.957 52.793 52.625 52.453 52.277 52.097 51.912 51.723 51.528 51.329 51.124 50.913 50.694 50.469 50.234 49.989 49.731 49.457 49.164 48.847 48.497 48.105 47.659 47.143 46.375 45.823 45.009 44.076 42.969 41.812 40.524 39.078 37.694 36.242 34.825 33.472 31.885 30.524 28.428 27.048 26.187 25.727 25.184 24.367 24.107 23.53 22.831 22.299 21.488 21.246 20.384 20.566 20.155 20.082 19.432 19.266 18.667 16.417 19.807 19.625 19.524
54.649 54.525 54.399 54.27 54.138 54.002 53.864 53.722 53.577 53.429 53.278 53.123 52.964 52.802 52.636 52.467 52.294 52.117 51.936 51.75 51.561 51.366 51.167 50.962 50.751 50.533 50.306 50.069 49.82 49.555 49.269 48.955 48.602 48.197 47.572 47.085 46.452 45.61 44.612 43.442 42.148 40.785 39.427 37.856 36.363 34.842 33.375 31.932 30.456 28.635 26.848 25.673 25.509 24.873 23.579 23.764 23.077 22.47 21.798 21.532 20.961 20.426 20.647 20.318 19.912 17.971 18.479 19.71 19.348 19.409 18.662 19.279
54.767 54.647 54.524 54.398 54.27 54.138 54.003 53.866 53.725 53.581 53.434 53.284 53.131 52.974 52.814 52.651 52.484 52.314 52.14 51.963 51.782 51.597 51.408 51.215 51.017 50.813 50.604 50.387 50.161 49.922 49.668 49.392 49.084 48.73 48.306 47.776 47.073 46.245 45.174 43.897 42.543 41.105 39.607 38.11 36.544 34.895 33.367 31.645 30.04 28.365 26.588 25.176 25.127 24.491 23.967 23.36 22.376 21.817 21.599 20.676 20.859 20.708 20.432 20.085 19.793 19.795 19.482 19.457 19.197 18.871 18.307 17.52
54.884 54.767 54.647 54.525 54.399 54.271 54.14 54.007 53.87 53.73 53.587 53.442 53.293 53.141 52.986 52.828 52.667 52.502 52.335 52.164 51.991 51.814 51.634 51.45 51.263 51.072 50.877 50.677 50.471 50.257 50.033 49.793 49.532 49.235 48.88 48.425 47.784 46.934 45.77 44.402 42.934 41.391 39.786 38.208 36.626 34.975 33.205 31.497 29.753 28.128 26.449 24.877 24.794 24.154 23.545 22.959 22.059 21.634 21.274 20.762 20.867 20.688 20.39 20.007 19.698 19.654 19.384 18.934 18.767 18.319 18.594 18.462
54.999 54.885 54.769 54.649 54.527 54.402 54.275 54.144 54.011 53.875 53.736 53.594 53.449 53.302 53.151 52.997 52.841 52.681 52.519 52.354 52.186 52.016 51.842 51.666 51.488 51.306 51.122 50.934 50.744 50.549 50.348 50.141 49.921 49.682 49.406 49.054 48.523 47.631 46.389 44.879 43.278 41.614 39.96 38.256 36.581 34.857 33.081 31.418 29.702 28.072 26.274 24.474 24.327 23.802 22.756 22.314 21.885 20.974 20.963 20.835 20.597 20.204 20.145 19.949 19.409 19.228 19.209 18.979 18.573 18.029 18.055 17.901
55.113 55.002 54.888 54.772 54.653 54.531 54.406 54.279 54.149 54.016 53.88 53.742 53.6 53.456 53.309 53.159 53.006 52.85 52.692 52.531 52.367 52.201 52.032 51.861 51.688 51.512 51.334 51.154 50.973 50.789 50.604 50.416 50.225 50.029 49.822 49.588 49.254 48.39 46.909 45.26 43.533 41.829 40.036 38.328 36.623 34.892 33.048 31.29 29.552 27.842 25.875 24.108 23.014 23.267 22.487 21.367 21.737 20.897 20.589 20.798 20.137 19.749 19.798 19.562 19.444 19.089 18.796 18.022 17.06 18.341 18.083 18.195
55.226 55.117 55.006 54.892 54.775 54.656 54.534 54.41 54.283 54.153 54.02 53.884 53.745 53.604 53.459 53.312 53.162 53.009 52.853 52.695 52.533 52.369 52.203 52.034 51.862 51.688 51.513 51.335 51.155 50.974 50.791 50.607 50.422 50.236 50.05 49.863 49.673 49.006 47.221 45.497 43.713 41.944 40.186 38.416 36.629 34.795 33.16 31.356 29.602 27.705 25.381 23.986 23.448 22.77 21.904 21.732 21.414 20.986 20.41 20.618 19.965 19.386 19.198 19.385 18.918 18.927 18.434 18.576 18.326 17.752 18.269 18.187
