raw_data/humedad_relativa/hora15/rh15jan.txt
ncols         501
nrows         361
xllcorner     109.95
yllcorner     -45.05
cellsize      0.1
NODATA_value  -9999
[rows 32 to 63 of 361, columns 144 to 215 of 501]
67.854 67.837 67.818 67.797 67.775 67.751 67.726 67.699 67.672 67.643 67.614 67.584 67.553 67.521 67.489 67.457 67.424 67.392 67.359 67.326 67.294 67.262 67.23 67.199 67.169 67.139 67.11 67.082 67.054 67.028 67.003 66.979 66.956 66.934 66.914 66.895 66.878 66.863 66.849 66.837 66.826 66.818 66.811 66.807 66.804 66.804 66.806 66.81 66.817 66.826 66.837 66.851 66.867 66.885 66.906 66.93 66.955 66.984 67.015 67.048 67.083 67.121 67.16 67.202 67.246 67.292 67.339 67.135 67.439 67.491 67.544 67.598
67.689 67.669 67.647 67.624 67.599 67.572 67.544 67.515 67.484 67.453 67.42 67.387 67.353 67.318 67.283 67.248 67.212 67.176 67.14 67.105 67.069 67.034 67 66.965 66.932 66.899 66.867 66.836 66.805 66.776 66.748 66.721 66.695 66.671 66.648 66.627 66.607 66.589 66.572 66.557 66.545 66.534 66.525 66.518 66.513 66.51 66.51 66.512 66.517 66.523 66.533 66.545 66.559 66.576 66.595 66.617 66.641 66.668 66.698 66.73 66.764 66.801 66.839 66.88 66.923 66.968 67.014 66.822 66.963 67.125 67.129 67.268
67.523 67.5 67.476 67.45 67.422 67.392 67.361 67.329 67.295 67.261 67.225 67.188 67.151 67.113 67.075 67.036 66.997 66.958 66.919 66.881 66.842 66.804 66.766 66.729 66.692 66.656 66.621 66.587 66.553 66.521 66.49 66.46 66.432 66.405 66.379 66.355 66.332 66.311 66.292 66.275 66.259 66.246 66.234 66.225 66.218 66.213 66.21 66.21 66.212 66.217 66.224 66.234 66.246 66.262 66.279 66.3 66.323 66.348 66.377 66.407 66.44 66.476 66.283 66.554 66.596 66.349 66.345 66.467 66.48 66.824 66.784 66.851
67.356 67.331 67.304 67.275 67.244 67.211 67.177 67.142 67.105 67.067 67.028 66.988 66.948 66.906 66.865 66.823 66.781 66.738 66.696 66.654 66.612 66.571 66.529 66.489 66.449 66.41 66.372 66.335 66.298 66.263 66.229 66.196 66.165 66.135 66.106 66.079 66.054 66.03 66.008 65.988 65.97 65.953 65.939 65.927 65.918 65.91 65.905 65.903 65.903 65.906 65.911 65.919 65.929 65.943 65.959 65.978 65.999 66.023 66.05 66.08 66.112 66.146 66.183 66.07 66.264 66.25 65.992 66.247 66.282 66.455 66.531 66.535
67.189 67.161 67.131 67.099 67.065 67.029 66.992 66.953 66.913 66.872 66.829 66.786 66.742 66.698 66.653 66.607 66.561 66.516 66.47 66.425 66.379 66.335 66.29 66.246 66.203 66.161 66.12 66.079 66.04 66.002 65.964 65.929 65.894 65.861 65.83 65.8 65.771 65.745 65.72 65.697 65.676 65.657 65.64 65.626 65.614 65.604 65.596 65.592 65.589 65.59 65.593 65.599 65.607 65.619 65.633 65.651 65.671 65.693 65.719 65.747 65.778 65.688 65.848 65.519 65.885 65.97 65.73 65.74 65.712 66.008 66.187 66.057
67.021 66.99 66.957 66.922 66.885 66.846 66.805 66.763 66.719 66.675 66.629 66.582 66.535 66.487 66.438 66.389 66.34 66.291 66.242 66.193 66.144 66.096 66.048 66.001 65.955 65.909 65.864 65.821 65.778 65.737 65.696 65.658 65.62 65.584 65.549 65.516 65.485 65.456 65.428 65.402 65.378 65.357 65.337 65.32 65.305 65.293 65.283 65.276 65.271 65.269 65.27 65.274 65.281 65.29 65.303 65.318 65.337 65.358 65.383 65.41 65.44 65.473 65.508 65.473 65.198 65.503 65.555 65.286 65.64 65.786 65.708 65.733
66.852 66.818 66.782 66.744 66.703 66.661 66.617 66.571 66.524 66.476 66.427 66.376 66.325 66.273 66.221 66.169 66.116 66.063 66.01 65.958 65.906 65.854 65.803 65.752 65.703 65.654 65.606 65.559 65.513 65.468 65.425 65.383 65.342 65.303 65.265 65.229 65.195 65.163 65.132 65.103 65.077 65.052 65.03 65.01 64.992 64.977 64.965 64.955 64.948 64.943 64.942 64.944 64.948 64.956 64.967 64.981 64.998 65.018 65.041 65.067 64.885 64.965 65.023 64.845 64.48 64.504 65.047 64.944 64.641 65.252 65.294 65.059
66.683 66.646 66.606 66.564 66.521 66.475 66.427 66.378 66.327 66.276 66.222 66.168 66.114 66.058 66.002 65.946 65.889 65.833 65.777 65.72 65.665 65.609 65.555 65.501 65.447 65.395 65.344 65.293 65.244 65.196 65.15 65.105 65.061 65.018 64.978 64.939 64.901 64.866 64.832 64.8 64.77 64.743 64.718 64.695 64.674 64.657 64.641 64.629 64.619 64.613 64.609 64.609 64.611 64.617 64.626 64.638 64.653 64.672 64.684 64.719 64.747 64.726 64.709 64.847 64.26 63.979 64.516 64.564 65.016 64.602 64.772 64.476
66.513 66.472 66.429 66.384 66.337 66.288 66.236 66.183 66.129 66.073 66.016 65.958 65.9 65.84 65.781 65.721 65.66 65.6 65.54 65.48 65.42 65.361 65.303 65.246 65.189 65.133 65.078 65.025 64.972 64.921 64.871 64.822 64.775 64.73 64.686 64.644 64.603 64.564 64.528 64.493 64.46 64.43 64.401 64.375 64.352 64.331 64.313 64.298 64.286 64.277 64.271 64.268 64.268 64.272 64.279 64.29 64.303 64.321 64.021 64.354 64.229 64.378 64.291 63.672 64.252 63.902 64.062 64.137 63.816 64.646 64.499 64.5
66.342 66.298 66.252 66.203 66.152 66.099 66.044 65.987 65.929 65.869 65.808 65.746 65.684 65.62 65.557 65.493 65.428 65.364 65.3 65.236 65.173 65.11 65.048 64.987 64.927 64.868 64.809 64.752 64.696 64.642 64.588 64.537 64.486 64.437 64.39 64.345 64.301 64.259 64.219 64.181 64.145 64.112 64.08 64.051 64.025 64.001 63.98 63.963 63.948 63.936 63.927 63.922 63.92 63.922 63.927 63.935 63.947 63.963 63.526 63.838 63.14 63.766 63.882 62.91 63.616 62.895 63.173 63.706 64.122 63.993 64.141 63.869
66.17 66.123 66.073 66.021 65.966 65.909 65.85 65.789 65.727 65.663 65.598 65.532 65.465 65.398 65.33 65.262 65.194 65.125 65.057 64.99 64.923 64.856 64.79 64.725 64.661 64.598 64.537 64.476 64.417 64.359 64.302 64.247 64.193 64.141 64.091 64.042 63.995 63.95 63.906 63.865 63.826 63.789 63.754 63.722 63.693 63.666 63.642 63.621 63.604 63.589 63.578 63.57 63.566 63.565 63.568 63.575 63.585 63.566 63.617 63.626 63.547 63.631 63.614 62.791 61.84 63.056 63.039 63.462 63.671 63.743 63.438 63.397
65.998 65.947 65.894 65.837 65.779 65.718 65.655 65.59 65.523 65.455 65.386 65.316 65.245 65.173 65.101 65.028 64.956 64.884 64.812 64.74 64.669 64.598 64.529 64.46 64.392 64.326 64.26 64.196 64.133 64.072 64.012 63.953 63.896 63.841 63.787 63.735 63.684 63.636 63.589 63.544 63.502 63.462 63.424 63.389 63.356 63.326 63.299 63.275 63.254 63.237 63.223 63.213 63.206 63.203 63.204 63.209 63.217 63.23 63.246 63.245 63.254 63.053 62.762 63.081 62.176 62.3 62.043 61.825 62.473 63.253 62.65 62.754
65.825 65.77 65.713 65.653 65.59 65.525 65.458 65.388 65.318 65.245 65.172 65.097 65.021 64.945 64.869 64.792 64.715 64.639 64.562 64.487 64.411 64.337 64.263 64.191 64.119 64.049 63.98 63.912 63.846 63.781 63.717 63.655 63.595 63.536 63.479 63.423 63.369 63.317 63.267 63.219 63.173 63.13 63.089 63.05 63.014 62.98 62.95 62.923 62.899 62.879 62.862 62.849 62.84 62.835 62.833 62.836 62.843 62.853 62.557 62.853 62.833 62.642 62.738 62.771 61.048 61.029 61.902 61.943 61.92 62.717 62.462 61.563
65.651 65.593 65.531 65.467 65.4 65.331 65.259 65.185 65.11 65.033 64.955 64.876 64.796 64.715 64.634 64.553 64.471 64.39 64.31 64.23 64.15 64.072 63.994 63.918 63.842 63.768 63.696 63.624 63.554 63.486 63.419 63.353 63.289 63.227 63.167 63.108 63.05 62.995 62.941 62.89 62.84 62.793 62.748 62.706 62.666 62.63 62.596 62.566 62.539 62.515 62.495 62.48 62.468 62.46 62.456 62.456 62.461 62.433 62.236 62.398 62.489 62.465 60.82 62.403 62.159 61.275 61.175 61.497 60.985 61.764 61.911 61.608
65.477 65.414 65.349 65.28 65.209 65.135 65.059 64.98 64.9 64.819 64.736 64.652 64.567 64.482 64.396 64.31 64.224 64.139 64.054 63.969 63.886 63.803 63.721 63.641 63.561 63.484 63.407 63.332 63.259 63.186 63.116 63.047 62.98 62.914 62.85 62.787 62.727 62.668 62.611 62.555 62.502 62.451 62.403 62.357 62.314 62.273 62.236 62.202 62.172 62.145 62.122 62.104 62.089 62.078 62.072 61.666 61.982 62.022 61.777 61.933 62.083 62.077 62.113 61.987 60.138 61.347 61.327 61.508 61.614 61.486 61.619 61.332
65.302 65.235 65.165 65.092 65.016 64.938 64.857 64.774 64.689 64.602 64.514 64.425 64.336 64.245 64.155 64.064 63.974 63.884 63.794 63.705 63.617 63.53 63.444 63.36 63.276 63.195 63.114 63.036 62.958 62.883 62.809 62.737 62.666 62.597 62.529 62.463 62.399 62.336 62.275 62.216 62.159 62.105 62.052 62.003 61.956 61.912 61.871 61.833 61.799 61.769 61.743 61.721 61.703 61.69 61.473 61.459 61.404 61.171 60.999 61.435 61.664 61.475 61.632 61.294 61.52 61.068 61.165 61.446 61.331 61.48 61.478 60.853
65.126 65.055 64.98 64.903 64.822 64.739 64.653 64.565 64.475 64.383 64.29 64.196 64.101 64.006 63.911 63.815 63.72 63.625 63.53 63.437 63.344 63.253 63.163 63.074 62.987 62.717 62.598 62.735 62.654 62.575 62.497 62.421 62.347 62.275 62.203 62.134 62.066 62 61.935 61.872 61.812 61.753 61.697 61.643 61.592 61.544 61.499 61.458 61.421 61.387 61.357 61.332 61.311 61.295 61.152 60.842 61.076 59.939 60.911 60.996 61.193 61.12 61.177 61.33 61.237 60.058 61.094 61.274 61.244 61.244 61.126 60.966
64.949 64.874 64.795 64.712 64.627 64.538 64.447 64.354 64.258 64.162 64.063 63.964 63.864 63.763 63.663 63.562 63.462 63.07 63.263 63.045 63.067 62.857 62.382 62.784 62.693 62.045 62.38 61.99 62.345 62.262 62.181 62.102 62.024 61.948 61.873 61.8 61.729 61.659 61.59 61.524 61.459 61.396 61.336 61.278 61.223 61.171 61.122 61.077 61.035 60.998 60.965 60.936 60.912 60.893 60.484 60.79 60.43 60.047 60.003 59.554 60.787 60.675 60.321 58.888 60.873 60.227 60.882 60.657 60.903 60.794 60.469 60.416
64.772 64.692 64.608 64.52 64.43 64.336 64.239 64.141 64.04 63.937 63.834 63.729 63.623 63.518 63.411 63.305 63.2 62.927 62.202 62.888 62.778 62.685 62.587 62.489 62.348 62.072 61.411 60.993 61.527 61.173 60.929 61.777 61.696 61.617 61.539 61.462 61.387 61.313 61.241 61.17 61.101 61.035 60.97 60.908 60.848 60.792 60.739 60.689 60.644 60.602 60.565 60.533 60.506 60.483 60.366 60.198 59.956 59.941 59.889 60.21 60.258 60.224 59.114 59.658 60.137 60.401 60.364 59.98 60.505 59.935 59.445 60.143
64.594 64.509 64.42 64.327 64.231 64.132 64.03 63.925 63.819 63.711 63.601 63.491 63.38 62.437 63.156 63.045 62.934 62.824 62.714 62.589 62.06 62.395 62.291 62.19 61.798 61.682 61.163 61.193 60.478 60.713 60.219 60.645 61.364 61.281 61.199 61.119 61.04 60.963 60.887 60.812 60.739 60.667 60.598 60.531 60.467 60.406 60.349 60.295 60.245 60.2 60.159 60.071 60.092 59.455 59.954 59.956 59.843 59.236 57.723 59.679 59.696 59.824 59.279 59.629 59.275 59.776 59.796 59.515 59.882 60.059 59.783 59.786
64.415 64.325 64.231 64.133 64.031 63.926 63.818 63.708 63.595 63.481 63.366 63.249 63.132 63.015 62.897 62.78 62.664 62.548 62.39 62.32 62.016 62.011 61.991 61.635 61.006 61.405 61.253 60.579 59.892 59.916 60.063 59.393 60.45 60.94 60.855 60.772 60.689 60.608 60.528 60.449 60.371 60.295 60.221 60.15 60.081 60.015 59.953 59.894 59.84 59.791 59.746 59.682 59.409 59.122 59.45 59.556 59.49 59.261 58.79 54.824 54.281 57.91 57.389 57.936 57.701 58.939 58.742 58.968 59.192 59.529 59.682 59.218
64.236 64.14 64.041 63.937 63.829 63.718 63.604 63.487 62.986 63.249 63.127 63.004 61.556 62.758 62.634 62.511 60.727 61.703 61.762 61.608 60.145 60.463 61.344 60.696 60.692 60.915 60.484 59.816 59.292 59.6 58.886 59.652 59.487 60.001 60.506 60.419 60.333 60.248 60.164 60.08 59.998 59.917 59.838 59.762 59.688 59.617 59.55 59.487 59.428 59.374 59.325 58.64 58.713 58.24 58.51 59.129 57.756 58.658 57.882 56.042 55.377 56.256 57.317 57.868 58.131 58.388 58.103 57.87 57.578 58.26 58.94 59.123
64.056 63.955 63.849 63.739 63.625 63.508 63.388 63.265 63.14 63.013 62.885 62.756 62.626 62.496 62.367 62.238 61.887 61.262 60.994 60.735 59.423 60.714 61 60.751 60.43 60.433 59.318 59.113 59.234 59.01 58.934 58.662 58.977 59.96 60.152 60.062 59.972 59.883 59.795 59.707 59.62 59.534 59.45 59.368 59.289 59.213 59.141 59.072 59.009 58.95 58.667 58.07 58.286 58.158 58.559 58.672 56.183 57.208 56.902 56.276 53.348 55.696 56.455 56.561 56.457 57.426 56.537 57.044 57.434 57.411 58.21 58.643
63.875 63.768 63.656 63.54 63.42 63.296 62.479 63.039 62.907 62.774 62.639 61.891 62.367 62.231 62.049 61.96 61.825 60.379 59.857 59.901 60.224 59.679 59.77 60.455 59.927 59.961 59.008 58.861 58.258 58.567 58.321 58.236 58.703 59.129 58.624 59.7 59.607 59.514 59.421 59.328 59.236 59.145 59.055 58.968 58.883 58.802 58.724 58.651 58.582 58.518 58.46 58.407 58.143 58.274 57.775 56.44 57.478 55.242 56.326 56.278 55.931 55.8 56.308 56.607 56.558 56.126 56.231 56.139 56.487 56.542 57.685 57.563
63.693 63.58 63.462 63.339 63.212 63.081 62.948 62.811 62.672 62.363 62.143 61.348 61.553 60.608 61.351 61.676 60.048 60.129 60.025 59.549 59.668 59.605 58.633 59.31 58.424 59.588 58.367 57.921 58.034 57.912 57.563 57.692 59.162 58.783 58.287 57.561 59.11 59.139 59.042 58.945 58.847 58.751 58.655 58.561 58.471 58.383 58.3 58.221 58.147 58.079 58.015 57.958 57.907 57.862 57.743 54.625 53.067 57.452 55.563 56.053 56.208 56.33 56.117 55.679 55.454 55.654 55.659 55.912 56.413 56.942 56.317 56.745
63.511 63.391 63.266 63.137 63.003 62.865 62.724 62.58 62.285 61.843 61.21 61.222 61.29 61.138 59.191 58.36 60.659 59.882 59.442 58.771 58.615 58.582 58.254 58.536 58.081 58.038 58.615 57.051 57.453 57.629 56.794 57.584 58.048 58.453 58.111 57.549 57.542 58.746 58.659 58.556 58.453 58.35 58.248 58.148 58.051 57.958 57.868 57.784 57.705 57.631 57.563 57.501 57.445 56.298 56.953 56.722 56.868 56.857 52.175 56.892 55.687 55.041 56.057 55.435 54.978 55.226 55.739 55.758 56.11 55.594 56.263 55.236
63.327 63.201 63.069 62.932 62.791 62.645 62.497 62.345 62.191 61.048 59.564 60.531 59.944 60.225 58.408 59.317 59.058 58.663 58.553 57.615 57.896 58.357 58.577 58.949 58.469 57.769 57.666 57.153 56.195 56.699 57.195 57.658 57.63 56.857 57.389 57.24 57.051 56.648 58.27 58.162 57.977 57.909 57.835 57.728 57.624 57.524 57.429 57.339 57.254 57.175 57.102 56.931 56.959 56.922 56.874 55.75 56.775 54.182 54.952 55.939 54.205 55.873 55.616 55.392 55.656 55.722 55.217 55.174 55.212 55.76 56.063 56.271
63.143 63.01 62.87 62.726 62.577 62.424 62.267 62.107 61.946 61.782 59.592 59.194 59.488 59.549 58.605 57.58 57.414 57.43 57.881 57.617 57.528 57.193 57.778 57.906 58.283 57.74 56.064 55.94 55.786 56.472 56.491 56.404 56.632 56.622 56.071 56.396 57.161 57.546 57.877 57.763 57.647 57.471 57.379 57.28 57.164 57.049 56.927 56.882 56.795 56.699 56.633 56.562 56.497 54.73 56.351 53.934 53.16 55.669 55.713 55.971 55.666 54.827 54.629 54.83 53.597 54.646 54.597 54.826 54.62 55.13 54.15 55.34
62.958 62.817 62.67 62.518 62.36 61.624 62.034 61.866 61.696 60.653 61.351 59.971 58.922 58.8 57.749 57.439 57.156 57.111 57.028 57.273 56.501 56.605 56.653 56.636 57.761 56.446 56.057 55.348 55.71 56.095 55.446 56.111 55.468 55.346 55.321 55.264 55.982 57.594 57.479 57.358 57.098 57.098 56.601 55.94 56.537 56.581 56.463 56.414 56.326 56.184 56.121 56.07 56.01 55.349 54.528 54.474 54.769 54.115 54.101 54.898 54.358 53.371 54.396 54.973 55.327 54.909 53.805 53.705 53.738 54.445 54.594 54.66
62.772 62.623 62.468 62.307 62.141 61.971 61.797 61.01 61.442 61.212 61.08 59.034 58.251 58.241 57.616 57.482 56.6 56.85 56.602 56.679 56.269 55.767 56.207 56.913 56.327 55.981 55.646 55.104 55.381 55.63 54.999 55.242 56.024 55.336 56.416 57.282 54.152 57.196 57.075 56.707 56.777 56.504 56.282 55.694 55.873 56.078 55.964 55.903 55.849 55.7 55.614 55.359 55.51 54.181 54.771 53.857 54.313 53.967 54.266 53.428 52.998 52.709 54.226 54.904 54.764 53.413 52.95 52.446 53.089 53.306 54.077 54.258
62.584 62.427 62.263 62.094 61.919 61.728 61.228 60.277 60.619 59.54 59.353 59.536 57.778 57.097 57.017 56.81 56.452 55.866 55.872 55.983 55.487 55.577 55.939 55.867 55.222 55.792 54.622 54.003 54.985 54.912 54.953 55.907 56.217 56.484 56.706 57.005 54.455 56.792 56.667 56.19 56.007 55.82 55.746 55.522 55.047 55.251 55.368 55.256 55.297 55.207 55.115 54.675 54.806 54.721 54.877 54.681 52.629 54.143 52.945 52.689 52.027 54.098 54.236 54.215 52.013 53.296 52.908 52.737 52.431 52.753 53.27 53.42
62.011 62.007 62.057 61.878 61.694 61.505 61.313 61.118 59.184 58.865 58.073 58.138 59.014 58.42 57.154 56.773 56.047 55.566 55.392 55.095 55.081 54.126 54.964 54.889 54.816 55.291 55.05 54.598 53.994 54.787 54.975 55.064 55.589 55.893 53.807 54.786 56.493 56.384 55.807 56.025 54.701 54.937 54.681 55.038 52.855 54.662 54.764 54.812 54.802 54.536 54.601 53.739 52.949 52.661 53.56 52.919 53.115 53.763 52.116 52.619 53.47 52.923 53.937 53.676 53.131 52.648 51.921 52.395 52.343 51.935 52.219 52.811
