raw_data/humedad_relativa/hora15/rh15mar.txt
ncols         501
nrows         361
xllcorner     109.95
yllcorner     -45.05
cellsize      0.1
NODATA_value  -9999
[rows 128 to 159 of 361, columns 360 to 431 of 501]
37.657 37.638 38.19 38.738 39.066 39.436 39.764 40.037 40.335 40.563 40.72 40.621 41.319 41.683 41.954 42.101 42.584 42.94 43.075 43.757 44.639 45.238 46.027 47.325 49.184 50.853 51.641 53.571 54.507 56.288 55.534 54.991 58.717 58.982 62.439 63.348 64.109 64.812 65.468 66.085 66.667 67.222 67.752 68.259 68.746 69.214 69.664 70.098 70.515 70.918 71.308 71.685 72.05 72.406 72.753 73.091 73.423 73.749 74.07 74.386 74.699 75.008 75.315 75.62 75.923 76.225 76.525 76.824 77.123 77.42 77.718 78.014
37.325 37.444 37.79 38.345 38.686 38.98 39.297 39.574 39.792 40.068 40.113 40.341 40.754 41.112 41.396 41.693 41.954 42.07 42.021 42.995 43.801 44.372 45.704 46.111 48.452 49.502 51.369 52.658 54.075 55.379 55.146 54.415 58.126 58.817 61.293 62.382 63.183 63.931 64.632 65.293 65.919 66.514 67.081 67.623 68.141 68.637 69.112 69.567 70.004 70.424 70.828 71.217 71.594 71.96 72.315 72.662 73.001 73.334 73.662 73.984 74.303 74.619 74.932 75.243 75.552 75.859 76.165 76.47 76.775 77.078 77.381 77.683
37.045 37.284 37.583 37.834 38.243 38.531 38.836 39.03 39.292 39.557 39.672 39.883 40.041 40.517 40.785 41.111 41.428 41.671 41.958 42.393 42.906 44.055 44.851 46.431 47.59 48.869 50.174 51.82 53.275 54.481 55.282 55.886 56.955 58.102 59.184 61.439 62.274 63.06 63.801 64.503 65.17 65.804 66.408 66.983 67.533 68.056 68.556 69.033 69.489 69.925 70.343 70.745 71.133 71.508 71.872 72.227 72.573 72.913 73.247 73.576 73.901 74.223 74.542 74.859 75.174 75.488 75.8 76.111 76.422 76.731 77.04 77.349
36.509 36.833 37.269 37.558 37.84 38.105 38.349 38.379 38.722 39.065 39.293 39.39 39.479 39.972 40.241 40.509 40.766 41.071 41.389 41.373 42.375 43.432 44.759 45.797 47.112 48.41 49.755 51.005 52.291 53.638 54.571 54.997 55.523 56.235 58.135 59.751 61.383 62.202 62.98 62.622 64.308 65.096 65.736 66.345 66.924 67.476 68 68.498 68.972 69.424 69.856 70.27 70.668 71.052 71.424 71.786 72.139 72.486 72.826 73.162 73.493 73.821 74.146 74.469 74.791 75.111 75.429 75.747 76.063 76.379 76.695 77.009
36.185 36.398 36.774 36.711 37.201 37.682 37.876 37.888 38.254 38.603 38.779 38.873 39.067 39.391 39.683 39.944 40.234 40.553 40.877 41.031 41.943 42.936 44.114 45.384 46.628 47.429 49.054 50.076 51.485 52.79 53.882 53.596 55.245 56.097 56.721 59.476 60.512 61.36 62.171 62.87 62.976 64.394 65.069 65.71 66.32 66.552 67.446 67.964 68.456 68.923 69.367 69.791 70.198 70.591 70.97 71.339 71.699 72.052 72.398 72.74 73.078 73.412 73.744 74.074 74.401 74.728 75.053 75.377 75.7 76.023 76.345 76.666
35.819 35.971 36.342 36.483 36.835 37.268 37.483 37.691 37.935 38.147 38.275 38.511 38.812 38.956 39.182 39.349 39.743 39.975 40.484 40.604 41.309 42.371 43.252 44.819 46.029 47.159 48.275 49.583 50.695 51.899 52.864 53.879 54.408 53.995 57.526 58.593 59.659 60.534 61.375 62.184 62.574 62.924 64.409 65.083 65.722 65.97 66.897 67.435 67.943 68.422 68.878 69.311 69.726 70.125 70.511 70.887 71.253 71.611 71.964 72.312 72.656 72.997 73.335 73.671 74.006 74.339 74.671 75.002 75.333 75.662 75.991 76.319
35.436 35.637 35.872 35.907 36.299 36.83 37.078 37.304 37.473 37.671 37.833 38.067 38.313 38.533 38.595 38.916 39.132 39.592 40.008 40.436 40.87 41.691 43.1 44.161 45.446 46.576 47.62 48.828 49.997 51.088 52.294 53.117 53.453 54.567 55.193 57.755 58.809 59.723 60.393 61.433 62.152 62.829 63.488 64.465 65.134 65.764 65.972 66.911 67.433 67.924 68.389 68.83 69.251 69.656 70.048 70.428 70.8 71.164 71.523 71.877 72.228 72.575 72.92 73.263 73.605 73.945 74.284 74.622 74.96 75.297 75.632 75.968
35.09 35.288 35.614 35.889 36.182 36.488 36.722 36.772 37.003 37.156 37.428 37.7 37.854 37.773 38.322 38.569 38.742 39.034 39.434 39.425 40.416 41.657 42.639 43.179 44.799 45.89 47.034 48.053 49.176 50.391 51.362 52.221 52.512 53.355 53.254 56.906 57.804 58.926 58.569 60.692 61.534 62.05 62.494 61.783 64.49 65.211 65.791 66.396 66.929 67.429 67.9 68.347 68.773 69.182 69.578 69.963 70.34 70.71 71.074 71.435 71.792 72.146 72.498 72.848 73.197 73.545 73.892 74.237 74.582 74.927 75.27 75.613
34.645 34.886 35.182 35.22 35.772 36.164 36.364 36.445 36.071 36.642 36.965 37.321 37.398 37.23 37.495 38.09 38.357 38.678 39.092 39.305 39.871 41.106 42.119 42.866 44.184 45.251 46.298 47.316 48.374 49.476 50.747 51.667 52.431 52.452 52.24 55.63 57.126 58.063 58.816 56.91 60.837 61.472 62.071 60.653 63.563 64.669 65.304 65.889 66.432 66.937 67.412 67.861 68.29 68.702 69.101 69.491 69.872 70.248 70.618 70.985 71.349 71.71 72.069 72.427 72.784 73.139 73.494 73.848 74.2 74.553 74.904 75.254
34.293 34.567 34.681 34.677 35.394 35.825 36.037 35.967 35.574 35.589 36.241 36.941 36.845 37.222 36.982 37.625 38.179 38.783 39.03 39.345 39.129 39.538 41.496 42.5 43.546 44.551 45.62 46.691 47.692 48.083 49.351 50.746 51.901 52.76 53.053 54.651 56.213 57.169 57.843 58.088 59.564 60.994 61.365 61.862 63.174 64.013 64.278 65.134 65.932 66.448 66.923 67.372 67.801 68.215 68.617 69.01 69.396 69.777 70.153 70.527 70.898 71.266 71.634 72 72.364 72.728 73.091 73.453 73.814 74.174 74.534 74.893
33.964 34.014 34.147 34.428 35.098 35.542 35.667 35.833 35.471 35.945 36.302 36.547 36.457 36.659 36.696 37.476 38.054 38.544 38.837 39.207 39.51 39.73 40.314 41.731 42.814 43.91 44.88 45.94 46.836 47.572 48.232 49.474 50.927 52.14 52.255 53.871 54.73 56.16 56.853 58.034 58.216 60.046 60.995 61.435 61.879 63.105 62.365 64.519 65.453 65.958 66.429 66.876 67.304 67.718 68.122 68.519 68.91 69.296 69.679 70.06 70.439 70.816 71.191 71.566 71.939 72.311 72.683 73.054 73.424 73.792 74.16 74.528
33.692 33.793 33.893 34.029 34.793 35.198 35.448 35.453 35.649 35.195 35.883 36.234 36.263 36.126 36.437 37.102 37.775 38.275 38.473 38.917 39.19 40.001 39.992 40.709 42.082 42.958 44.235 45.37 46.299 47.114 48.128 49.133 49.745 51.333 52.252 51.631 53.71 55.192 56.21 55.437 58.501 58.61 60.591 60.627 62.138 62.896 60.114 63.377 64.962 65.464 65.928 66.369 66.795 67.209 67.615 68.016 68.412 68.805 69.196 69.584 69.971 70.357 70.741 71.125 71.508 71.889 72.27 72.65 73.029 73.407 73.784 74.16
33.522 33.522 33.68 33.902 34.526 34.954 35.132 35.359 35.451 35.465 35.553 35.772 36.026 36.003 36.254 36.799 37.477 37.488 38.327 38.645 39.112 39.694 40.305 40.664 41.808 42.594 43.731 44.665 45.69 46.491 47.5 48.532 49.543 50.485 51.502 51.947 53.325 54.065 55.156 56.806 57.629 58.435 59.525 60.621 61.817 62.392 63.259 63.337 64.479 64.96 65.412 65.847 66.27 66.684 67.094 67.499 67.902 68.302 68.701 69.099 69.495 69.89 70.285 70.678 71.07 71.462 71.853 72.242 72.631 73.018 73.404 73.789
33.411 33.228 33.368 33.952 34.388 34.712 34.86 35.112 35.294 35.445 35.385 34.959 35.785 35.283 36.206 36.699 37.222 37.594 38.062 38.474 38.843 39.247 39.986 40.51 41.15 42.207 43.082 43.981 44.938 45.97 46.897 47.763 48.703 49.336 50.61 51.744 51.694 52.832 54.671 56.107 57.181 58.268 59.248 60.339 60.37 62.143 62.228 61.325 63.973 64.434 64.874 65.302 65.723 66.141 66.555 66.967 67.378 67.788 68.196 68.604 69.01 69.416 69.821 70.225 70.628 71.03 71.431 71.83 72.229 72.626 73.022 73.416
33.293 33.214 33.223 33.917 34.195 34.49 34.571 34.888 35.069 35.232 35.338 34.971 35.406 34.991 35.955 36.058 36.403 36.948 37.644 38.095 38.463 38.866 39.587 40.123 40.844 41.532 42.458 43.228 44.226 45.18 46.117 47.02 47.758 48.451 49.55 50.945 51.544 52.011 53.593 55.243 56.19 57.138 58.197 59.82 60.886 61.27 62.187 62.322 63.088 63.871 63.72 64.727 65.151 65.574 65.997 66.418 66.84 67.26 67.68 68.099 68.517 68.934 69.351 69.766 70.18 70.593 71.005 71.415 71.824 72.231 72.637 73.042
33.263 33.431 33.195 33.763 33.967 34.303 34.393 34.684 34.841 34.98 34.976 34.769 35.108 35.255 35.858 36.158 36.257 36.817 37.152 37.398 37.982 38.443 39.374 39.779 40.254 40.949 41.692 42.813 43.699 44.537 45.325 46.204 47.049 48.006 48.525 50.167 50.966 51.024 52.533 54.453 54.988 54.693 57.582 59.01 59.89 61.299 57.988 62.314 62.824 63.253 63.683 64.115 64.549 64.983 65.417 65.852 66.286 66.72 67.153 67.585 68.016 68.446 68.874 69.302 69.728 70.152 70.575 70.997 71.417 71.835 72.251 72.665
33.13 33.176 33.053 33.494 33.845 34.083 34.234 34.466 34.642 34.751 34.781 34.757 33.72 34.121 35.067 35.265 36.13 36.542 36.899 37.225 37.452 38.131 38.579 39.247 39.938 40.298 41.195 42.268 43.002 43.879 44.572 45.387 46.234 47.202 48.231 49.335 50.294 50.632 51.847 53.292 54.604 55.285 55.382 57.046 59.623 60.7 60.972 58.986 62.123 62.567 63.014 63.464 63.915 64.366 64.818 65.268 65.719 66.168 66.615 67.062 67.507 67.951 68.393 68.833 69.271 69.708 70.143 70.576 71.007 71.436 71.863 72.288
33.075 33.244 33.137 33.392 33.678 33.876 34.052 34.292 34.433 34.563 34.582 34.502 33.754 33.593 34.747 34.22 35.9 36.236 36.496 36.988 37.193 37.599 38.089 38.702 39.389 40.206 40.917 41.621 42.352 43.063 43.796 44.724 45.703 46.374 47.634 48.595 49.517 50.297 50.766 51.977 53.728 53.515 55.168 57.255 58.377 59.401 60.247 60.823 60.886 61.812 62.062 62.468 63.251 63.725 64.198 64.669 65.138 65.604 66.069 66.531 66.992 67.45 67.906 68.36 68.812 69.261 69.708 70.154 70.596 71.037 71.475 71.911
32.917 33.118 33.167 33.185 33.487 33.653 33.878 34.16 34.232 34.421 34.393 34.262 33.044 33.656 34.683 35.705 35.289 36.055 35.983 36.513 36.904 37.271 37.558 38.221 38.961 39.712 40.263 40.743 41.669 42.44 42.767 43.915 44.806 45.701 46.614 47.408 48.099 49.393 50.531 51.593 52.567 52.158 54.633 54.235 55.929 55.605 59.154 59.816 60.453 61.002 61.533 61.957 62.452 63.064 63.562 64.056 64.546 65.032 65.515 65.994 66.471 66.945 67.416 67.884 68.349 68.812 69.272 69.73 70.185 70.637 71.086 71.533
32.639 32.991 33.143 33.049 33.27 33.559 33.883 34.055 34.033 34.262 34.285 34.104 33.135 34.964 35.157 35.592 35.617 36.027 36.247 36.478 36.694 36.968 37.334 37.948 38.6 39.304 39.786 40.101 41.042 41.718 41.453 42.912 44.14 45.056 45.612 46.377 47.138 48.389 49.347 49.969 51.236 52.448 53.285 53.456 54.96 55.102 57.763 58.667 59.511 60.16 60.496 61.305 61.287 62.388 62.914 63.433 63.946 64.453 64.955 65.453 65.947 66.437 66.923 67.406 67.886 68.362 68.835 69.306 69.773 70.237 70.698 71.156
32.273 32.842 33.124 33.064 33.092 33.529 33.669 33.857 33.958 34.052 34.245 34.123 33.732 34.108 35.079 35.348 35.348 35.389 35.931 36.117 36.478 36.669 37.132 37.709 38.383 38.972 39.365 39.752 40.086 40.952 40.392 40.854 42.588 44.091 44.956 45.856 46.687 47.411 48.285 48.969 49.788 50.918 51.711 52.896 53.585 54.263 53.544 56.21 58.325 59.102 58.585 58.024 61.134 61.703 62.259 62.804 63.34 63.869 64.392 64.909 65.42 65.927 66.429 66.927 67.421 67.912 68.399 68.882 69.362 69.838 70.311 70.78
32.332 32.628 33 33.173 33.117 33.507 33.614 33.672 33.824 33.879 34.099 33.859 33.89 33.889 35.018 35.109 35.387 35.676 35.887 35.813 35.973 36.525 37.007 37.503 38.073 38.654 39.084 39.371 39.748 40.089 40.553 40.273 41.978 42.438 44.212 44.853 45.321 45.974 47.215 48.024 48.652 49.194 51.342 52.298 52.544 53.898 54.504 56.081 57.175 57.767 58.8 59.234 60.376 61.01 61.602 62.173 62.734 63.285 63.828 64.364 64.893 65.417 65.935 66.449 66.958 67.462 67.963 68.459 68.952 69.44 69.925 70.406
32.399 32.306 32.801 33.178 33.191 32.974 33.616 33.56 33.797 33.68 34.054 34.079 33.989 34.465 34.766 35.159 34.648 34.897 35.721 35.626 35.495 35.76 36.563 37.275 37.81 38.361 38.725 39.086 39.537 39.857 40.189 40.226 41.318 42.588 43.018 43.439 44.294 45.012 46.092 47.077 48.009 48.651 50.482 51.553 52.358 53.298 54.028 54.587 55.708 56.966 58.161 58.916 59.374 60.261 60.948 61.475 62.096 62.702 63.266 63.82 64.368 64.909 65.443 65.972 66.496 67.015 67.529 68.039 68.544 69.045 69.541 70.034
32.545 32.507 32.671 32.905 33.031 33.391 33.577 33.48 33.661 33.515 33.436 33.684 34.137 34.37 34.617 34.867 34.698 35.119 35.477 35.321 35.027 36.024 36.456 36.979 37.579 38.069 38.496 38.888 39.261 39.52 39.478 40.008 40.935 41.894 42.778 42.968 43.217 44.147 44.999 45.687 47.175 48.378 49.246 50.555 51.064 51.794 52.253 53.612 55.534 56.505 57.285 57.901 57.752 59.573 60.135 60.868 61.432 62.082 62.708 63.281 63.846 64.403 64.954 65.498 66.037 66.57 67.098 67.621 68.139 68.652 69.161 69.665
32.542 32.437 32.792 32.533 33.027 33.287 33.515 33.577 33.302 33.292 33.271 33.797 34.003 34.267 34.67 34.727 34.988 35.3 35.406 35.511 35.333 34.976 35.25 36.316 37.3 37.768 38.234 38.594 38.965 39.181 39.031 39.569 40.931 41.324 41.826 42.684 42.88 43.166 43.991 45.119 45.925 47.477 48.411 49.508 50.671 51.498 52.363 52.49 52.213 55.186 55.406 56.187 57.877 57.884 57.224 59.998 59.866 61.381 61.772 62.747 63.329 63.903 64.469 65.029 65.582 66.129 66.67 67.207 67.738 68.263 68.784 69.3
32.558 32.695 32.682 32.802 32.731 33.019 33.332 33.266 33.587 33.458 33.757 33.964 34.165 34.438 34.573 34.852 34.608 34.82 34.406 35.398 35.684 35.868 35.913 36.54 37.033 37.24 37.977 38.286 38.678 38.872 38.77 39.498 40.539 41.124 41.587 42.201 42.561 42.962 43.773 44.729 45.722 46.593 47.573 48.908 50.071 50.891 50.629 52.175 52.444 53.183 54.429 56.107 57.368 58.148 57.332 59.347 59.912 59.293 61.535 62.167 62.819 63.409 63.99 64.564 65.132 65.693 66.248 66.797 67.341 67.879 68.412 68.94
32.708 32.684 32.73 32.873 33.141 32.873 32.978 33.38 33.206 33.644 33.823 33.733 34.289 34.398 34.488 34.364 34.376 34.843 34.356 35.24 35.505 35.235 34.979 36.497 36.83 37.291 37.76 38.081 38.258 38.588 38.874 39.185 40.054 40.669 41.268 41.765 42.24 42.922 43.643 44.474 45.372 46.352 47.109 47.758 49.265 50.337 51.189 51.918 52.136 51.97 52.226 55.325 56.459 57.365 56.985 58.655 59.385 59.299 60.961 61.649 62.318 62.922 63.518 64.107 64.688 65.262 65.83 66.393 66.949 67.499 68.044 68.584
32.753 33.163 33.125 32.584 33.443 33.441 33.168 33.374 33.667 33.909 33.935 34.126 34.183 34.303 34.414 34.266 34.116 34.563 34.748 35.027 34.736 35.299 34.435 35.9 36.694 37.067 37.537 37.755 38.118 38.351 38.691 38.539 39.769 40.496 40.85 41.52 42.139 42.767 43.471 44.243 45.032 45.941 46.692 46.985 48.557 49.156 50.579 50.299 51.259 51.976 51.837 52.393 54.401 54.469 57.39 57.154 58.954 59.734 60.354 61.181 61.806 62.444 63.054 63.656 64.251 64.838 65.419 65.994 66.563 67.126 67.682 68.233
33.152 33.312 33.54 33.162 33.343 33.343 33.085 33.026 32.885 33.36 33.903 33.901 34.058 34.209 34.226 34.211 34.148 33.324 33.404 33.082 33.677 34.381 35.756 35.917 36.294 36.97 37.147 37.691 37.975 38.065 38.001 38.778 39.601 40.31 40.838 41.225 41.85 42.555 42.527 44.033 44.824 45.166 46.021 46.503 47.371 48.491 49.591 50.077 50.726 51.24 52.859 53.491 53.697 55.761 56.339 55.432 58.05 58.92 59.952 60.578 61.223 61.959 62.599 63.214 63.821 64.422 65.015 65.603 66.184 66.758 67.327 67.889
33.175 33.466 33.578 33.628 33.512 33.195 33.307 33.045 33.055 32.557 33.317 33.812 33.868 33.264 33.844 34.012 33.43 32.723 33.181 32.487 33.578 34.997 34.281 35.722 36.456 36.756 36.623 37.468 37.736 37.852 37.598 38.658 39.629 40.132 40.5 40.976 41.504 42.207 42.995 43.573 44.489 45.247 46.006 46.489 46.553 48.18 48.749 49.655 50.338 50.415 52.026 53.044 53.716 54.262 55.457 55.479 55.816 58.498 59.142 59.625 60.215 61.438 62.127 62.78 63.4 64.013 64.619 65.218 65.811 66.398 66.978 67.551
33.053 33.359 33.744 33.628 33.405 33.439 33.187 32.979 33.133 32.986 32.852 33.157 33.764 33.464 33.454 32.148 33.341 32.97 32.89 32.427 33.626 32.842 34.559 35.571 35.946 36.492 36.507 37.271 37.49 37.352 37.289 38.825 39.438 39.244 39.787 40.485 41.189 42.013 42.721 43.474 44.287 44.726 45.558 46.221 46.999 47.56 48.099 49.277 49.904 50.276 51.433 52.922 53.196 54.021 54.263 55.494 56.758 58.042 58.521 59.367 59.405 60.958 61.626 62.307 62.95 63.613 64.231 64.842 65.446 66.044 66.636 67.221
32.789 33.217 33.758 33.941 33.775 33.422 33.317 33.218 33.074 32.807 32.804 33.177 32.97 32.435 32.725 32.955 32.489 32.669 32.863 32.376 32.77 32.836 33.215 34.572 35.379 36.037 36.693 36.515 37.351 37.089 36.874 37.963 39.111 39.482 39.525 39.866 40.531 41.72 42.377 42.798 44.078 44.764 45.371 45.378 46.049 47.076 47.497 48.937 49.796 49.93 51.015 52.569 53.08 53.156 54.365 54.916 56.153 57.333 57.897 59.026 59.819 60.465 61.091 61.849 62.491 63.13 63.851 64.474 65.09 65.699 66.302 66.898
