raw_data/humedad_relativa/hora15/rh15jul.txt
ncols         501
nrows         361
xllcorner     109.95
yllcorner     -45.05
cellsize      0.1
NODATA_value  -9999
[rows 64 to 95 of 361, columns 0 to 71 of 501]
40.447 40.353 40.258 40.163 40.068 39.972 39.876 39.78 39.683 39.585 39.487 39.389 39.291 39.192 39.093 38.994 38.894 38.794 38.694 38.594 38.493 38.393 38.292 38.191 38.09 37.989 37.887 37.786 37.685 37.583 37.482 37.381 37.28 37.179 37.078 36.977 36.876 36.775 36.675 36.575 36.475 36.376 36.276 36.178 36.079 35.981 35.883 35.786 35.689 35.593 35.497 35.402 35.307 35.213 35.12 35.027 34.936 34.844 34.754 34.664 34.576 34.488 34.401 34.315 34.23 34.146 34.063 33.981 33.901 33.821 33.743 33.666
40.492 40.397 40.302 40.206 40.11 40.013 39.916 39.818 39.72 39.622 39.523 39.423 39.324 39.224 39.124 39.023 38.922 38.821 38.72 38.618 38.516 38.415 38.312 38.21 38.108 38.005 37.903 37.8 37.697 37.594 37.492 37.389 37.286 37.184 37.081 36.979 36.877 36.775 36.673 36.572 36.47 36.369 36.269 36.168 36.068 35.968 35.869 35.77 35.672 35.574 35.477 35.38 35.284 35.189 35.094 35 34.906 34.813 34.722 34.63 34.54 34.451 34.362 34.275 34.188 34.103 34.019 33.935 33.853 33.772 33.692 33.614
40.539 40.443 40.347 40.25 40.152 40.055 39.956 39.858 39.758 39.659 39.559 39.458 39.358 39.257 39.155 39.053 38.951 38.849 38.746 38.643 38.54 38.437 38.334 38.23 38.126 38.022 37.918 37.814 37.71 37.606 37.502 37.398 37.294 37.19 37.086 36.982 36.879 36.775 36.672 36.569 36.466 36.363 36.261 36.159 36.058 35.957 35.856 35.755 35.656 35.556 35.457 35.359 35.261 35.164 35.068 34.972 34.877 34.783 34.689 34.596 34.505 34.414 34.324 34.235 34.147 34.06 33.974 33.889 33.805 33.723 33.642 33.562
40.587 40.49 40.392 40.294 40.196 40.097 39.998 39.898 39.798 39.697 39.596 39.494 39.392 39.29 39.187 39.084 38.981 38.878 38.774 38.67 38.565 38.461 38.356 38.251 38.146 38.041 37.935 37.83 37.724 37.619 37.513 37.408 37.302 37.197 37.091 36.986 36.881 36.776 36.671 36.567 36.462 36.358 36.254 36.151 36.048 35.945 35.843 35.741 35.639 35.538 35.438 35.338 35.239 35.14 35.042 34.945 34.848 34.752 34.657 34.563 34.469 34.377 34.285 34.194 34.105 34.016 33.929 33.842 33.757 33.673 33.59 33.509
40.635 40.537 40.439 40.34 40.241 40.141 40.04 39.939 39.838 39.736 39.634 39.531 39.428 39.325 39.221 39.116 39.012 38.907 38.802 38.696 38.591 38.485 38.379 38.272 38.166 38.059 37.953 37.846 37.739 37.632 37.525 37.418 37.311 37.204 37.097 36.991 36.884 36.777 36.671 36.565 36.459 36.353 36.248 36.143 36.038 35.934 35.83 35.726 35.623 35.521 35.419 35.317 35.216 35.116 35.016 34.917 34.819 34.721 34.625 34.529 34.434 34.34 34.246 34.154 34.063 33.973 33.884 33.796 33.709 33.623 33.539 33.456
40.685 40.586 40.487 40.387 40.286 40.185 40.084 39.982 39.879 39.776 39.673 39.569 39.465 39.36 39.255 39.149 39.044 38.938 38.831 38.724 38.617 38.51 38.403 38.295 38.187 38.079 37.971 37.863 37.754 37.646 37.538 37.429 37.321 37.212 37.104 36.996 36.887 36.779 36.672 36.564 36.456 36.349 36.242 36.136 36.029 35.923 35.818 35.713 35.608 35.504 35.4 35.297 35.194 35.092 34.991 34.89 34.79 34.691 34.593 34.495 34.398 34.303 34.208 34.114 34.021 33.929 33.838 33.749 33.66 33.573 33.487 33.403
40.736 40.636 40.536 40.435 40.333 40.231 40.128 40.025 39.922 39.818 39.713 39.608 39.502 39.396 39.29 39.183 39.076 38.969 38.861 38.753 38.645 38.536 38.427 38.318 38.209 38.1 37.99 37.88 37.771 37.661 37.551 37.441 37.331 37.221 37.111 37.001 36.892 36.782 36.673 36.563 36.454 36.346 36.237 36.129 36.021 35.913 35.806 35.699 35.593 35.487 35.382 35.277 35.173 35.069 34.966 34.864 34.762 34.661 34.561 34.462 34.363 34.266 34.169 34.073 33.979 33.885 33.793 33.702 33.612 33.523 33.435 33.349
40.788 40.687 40.586 40.484 40.381 40.278 40.174 40.07 39.965 39.86 39.754 39.648 39.541 39.434 39.326 39.218 39.11 39.001 38.892 38.783 38.673 38.563 38.453 38.343 38.232 38.121 38.01 37.899 37.788 37.676 37.565 37.454 37.342 37.231 37.119 37.008 36.897 36.786 36.675 36.564 36.453 36.343 36.233 36.123 36.013 35.904 35.795 35.686 35.578 35.471 35.364 35.257 35.151 35.046 34.941 34.837 34.734 34.631 34.529 34.428 34.328 34.229 34.13 34.033 33.937 33.842 33.747 33.655 33.563 33.472 33.383 33.295
40.841 40.739 40.637 40.533 40.43 40.326 40.221 40.115 40.01 39.903 39.796 39.689 39.581 39.472 39.364 39.254 39.145 39.035 38.924 38.814 38.703 38.591 38.48 38.368 38.256 38.144 38.031 37.919 37.806 37.693 37.58 37.467 37.354 37.241 37.128 37.015 36.902 36.79 36.677 36.565 36.452 36.34 36.229 36.117 36.006 35.895 35.784 35.674 35.564 35.455 35.346 35.238 35.13 35.023 34.917 34.811 34.706 34.601 34.498 34.395 34.293 34.192 34.092 33.993 33.895 33.798 33.702 33.607 33.514 33.421 33.331 33.241
40.895 40.792 40.689 40.585 40.48 40.375 40.269 40.162 40.055 39.947 39.839 39.731 39.622 39.512 39.402 39.291 39.18 39.069 38.957 38.845 38.733 38.62 38.507 38.394 38.281 38.167 38.053 37.939 37.825 37.71 37.596 37.481 37.367 37.252 37.138 37.023 36.909 36.795 36.68 36.566 36.452 36.339 36.225 36.112 35.999 35.886 35.774 35.662 35.551 35.44 35.329 35.219 35.11 35.001 34.893 34.785 34.678 34.572 34.466 34.362 34.258 34.155 34.053 33.952 33.852 33.754 33.656 33.56 33.464 33.37 33.278 33.186
40.95 40.846 40.742 40.637 40.531 40.425 40.318 40.21 40.102 39.993 39.884 39.774 39.663 39.553 39.441 39.329 39.217 39.105 38.992 38.878 38.764 38.65 38.536 38.421 38.306 38.191 38.076 37.96 37.844 37.729 37.613 37.497 37.38 37.264 37.148 37.032 36.916 36.8 36.684 36.569 36.453 36.338 36.222 36.108 35.993 35.879 35.765 35.651 35.538 35.425 35.313 35.201 35.09 34.979 34.869 34.759 34.651 34.542 34.435 34.329 34.223 34.118 34.015 33.912 33.81 33.71 33.61 33.512 33.415 33.319 33.225 33.131
41.007 40.902 40.796 40.69 40.583 40.476 40.368 40.259 40.15 40.04 39.929 39.818 39.707 39.594 39.482 39.369 39.255 39.141 39.027 38.912 38.797 38.681 38.565 38.449 38.333 38.216 38.099 37.982 37.865 37.748 37.63 37.513 37.395 37.277 37.159 37.042 36.924 36.806 36.689 36.572 36.454 36.337 36.22 36.104 35.987 35.871 35.756 35.64 35.525 35.411 35.297 35.183 35.07 34.957 34.845 34.734 34.623 34.513 34.404 34.296 34.188 34.082 33.976 33.872 33.768 33.665 33.564 33.464 33.365 33.267 33.171 33.076
41.065 40.959 40.852 40.745 40.637 40.528 40.419 40.309 40.199 40.088 39.976 39.864 39.751 39.637 39.523 39.409 39.294 39.179 39.063 38.947 38.83 38.713 38.596 38.478 38.361 38.242 38.124 38.005 37.887 37.768 37.649 37.529 37.41 37.291 37.172 37.052 36.933 36.814 36.694 36.575 36.456 36.338 36.219 36.101 35.983 35.865 35.747 35.63 35.513 35.397 35.281 35.166 35.051 34.936 34.822 34.709 34.597 34.485 34.374 34.263 34.154 34.046 33.938 33.831 33.726 33.621 33.518 33.416 33.315 33.215 33.117 33.021
41.123 41.017 40.909 40.801 40.692 40.582 40.472 40.361 40.249 40.137 40.024 39.91 39.796 39.681 39.566 39.45 39.334 39.217 39.1 38.983 38.865 38.746 38.628 38.509 38.389 38.27 38.15 38.03 37.909 37.789 37.668 37.547 37.426 37.305 37.184 37.063 36.943 36.822 36.701 36.58 36.459 36.339 36.218 36.098 35.978 35.859 35.74 35.621 35.502 35.384 35.266 35.149 35.032 34.916 34.8 34.685 34.57 34.456 34.343 34.231 34.12 34.009 33.9 33.791 33.684 33.577 33.472 33.368 33.265 33.163 33.063 32.965
41.184 41.076 40.967 40.858 40.748 40.637 40.525 40.413 40.3 40.187 40.073 39.958 39.843 39.727 39.61 39.493 39.375 39.257 39.139 39.02 38.9 38.781 38.66 38.54 38.419 38.298 38.176 38.055 37.933 37.811 37.688 37.566 37.444 37.321 37.198 37.076 36.953 36.83 36.708 36.585 36.463 36.341 36.219 36.097 35.975 35.854 35.732 35.612 35.491 35.371 35.251 35.132 35.014 34.895 34.778 34.661 34.544 34.428 34.313 34.199 34.086 33.973 33.862 33.751 33.641 33.533 33.426 33.32 33.215 33.111 33.009 32.908
41.245 41.136 41.027 40.916 40.805 40.693 40.58 40.467 40.353 40.238 40.123 40.007 39.89 39.773 39.655 39.537 39.418 39.298 39.179 39.058 38.937 38.816 38.694 38.572 38.45 38.327 38.204 38.081 37.957 37.834 37.71 37.586 37.462 37.337 37.213 37.089 36.964 36.84 36.716 36.591 36.467 36.343 36.219 36.096 35.972 35.849 35.726 35.603 35.481 35.359 35.238 35.117 34.996 34.876 34.756 34.637 34.519 34.401 34.284 34.168 34.052 33.938 33.824 33.711 33.599 33.489 33.379 33.271 33.164 33.059 32.954 32.852
41.308 41.198 41.087 40.976 40.864 40.751 40.637 40.522 40.407 40.291 40.174 40.057 39.939 39.821 39.702 39.582 39.462 39.341 39.219 39.097 38.975 38.852 38.729 38.606 38.482 38.358 38.233 38.108 37.983 37.858 37.732 37.607 37.481 37.355 37.229 37.103 36.977 36.851 36.725 36.599 36.473 36.347 36.221 36.096 35.97 35.845 35.721 35.596 35.472 35.348 35.224 35.101 34.979 34.857 34.735 34.614 34.493 34.374 34.255 34.136 34.019 33.902 33.786 33.671 33.558 33.445 33.333 33.223 33.114 33.006 32.9 32.795
41.372 41.261 41.149 41.037 40.923 40.809 40.694 40.579 40.462 40.345 40.227 40.109 39.99 39.87 39.749 39.628 39.506 39.384 39.261 39.138 39.014 38.89 38.765 38.64 38.515 38.389 38.263 38.136 38.01 37.883 37.756 37.628 37.501 37.373 37.245 37.118 36.99 36.862 36.734 36.606 36.479 36.351 36.224 36.096 35.969 35.842 35.716 35.589 35.463 35.337 35.212 35.087 34.962 34.838 34.714 34.591 34.469 34.347 34.226 34.105 33.986 33.867 33.749 33.632 33.516 33.401 33.287 33.175 33.063 32.953 32.845 32.738
41.437 41.325 41.213 41.099 40.985 40.869 40.753 40.637 40.519 40.401 40.281 40.162 40.041 39.92 39.798 39.676 39.553 39.429 39.305 39.18 39.055 38.929 38.803 38.676 38.549 38.422 38.294 38.166 38.038 37.909 37.78 37.651 37.522 37.393 37.263 37.134 37.004 36.874 36.745 36.615 36.486 36.356 36.227 36.098 35.969 35.84 35.712 35.583 35.455 35.327 35.2 35.073 34.946 34.82 34.694 34.569 34.445 34.321 34.197 34.075 33.953 33.832 33.712 33.592 33.474 33.357 33.241 33.126 33.013 32.9 32.79 32.68
41.504 41.391 41.277 41.163 41.047 40.931 40.814 40.696 40.577 40.457 40.337 40.216 40.094 39.972 39.848 39.724 39.6 39.475 39.349 39.223 39.096 38.969 38.841 38.713 38.584 38.455 38.326 38.196 38.066 37.936 37.806 37.675 37.544 37.413 37.282 37.151 37.019 36.888 36.756 36.625 36.494 36.362 36.231 36.1 35.969 35.839 35.708 35.578 35.448 35.318 35.189 35.06 34.931 34.803 34.675 34.548 34.421 34.295 34.169 34.045 33.92 33.797 33.675 33.553 33.433 33.313 33.195 33.078 32.962 32.847 32.734 32.623
41.572 41.458 41.344 41.228 41.111 40.994 40.875 40.756 40.636 40.515 40.394 40.271 40.148 40.024 39.9 39.775 39.649 39.522 39.395 39.267 39.139 39.01 38.881 38.751 38.621 38.49 38.359 38.228 38.096 37.964 37.832 37.7 37.567 37.434 37.301 37.168 37.035 36.902 36.769 36.636 36.503 36.37 36.236 36.104 35.971 35.838 35.706 35.574 35.442 35.31 35.178 35.047 34.917 34.786 34.656 34.527 34.398 34.27 34.142 34.015 33.889 33.763 33.638 33.514 33.392 33.27 33.149 33.029 32.911 32.794 32.679 32.565
41.642 41.527 41.411 41.294 41.177 41.058 40.939 40.818 40.697 40.575 40.452 40.328 40.204 40.079 39.953 39.826 39.699 39.571 39.442 39.313 39.183 39.053 38.922 38.791 38.659 38.527 38.394 38.261 38.128 37.994 37.86 37.726 37.592 37.457 37.322 37.187 37.053 36.918 36.782 36.647 36.512 36.377 36.243 36.108 35.973 35.839 35.704 35.57 35.436 35.302 35.169 35.036 34.903 34.77 34.638 34.507 34.376 34.245 34.115 33.986 33.857 33.729 33.602 33.476 33.351 33.226 33.103 32.981 32.861 32.741 32.623 32.507
41.713 41.597 41.48 41.362 41.244 41.124 41.003 40.882 40.759 40.636 40.512 40.387 40.261 40.135 40.007 39.879 39.75 39.621 39.491 39.36 39.229 39.097 38.964 38.831 38.698 38.564 38.43 38.295 38.16 38.025 37.889 37.753 37.617 37.481 37.344 37.207 37.071 36.934 36.797 36.66 36.523 36.386 36.25 36.113 35.976 35.84 35.703 35.567 35.431 35.296 35.16 35.025 34.89 34.755 34.621 34.487 34.354 34.221 34.089 33.957 33.826 33.696 33.566 33.438 33.31 33.183 33.058 32.933 32.81 32.688 32.568 32.449
41.786 41.669 41.551 41.432 41.312 41.191 41.069 40.947 40.823 40.698 40.573 40.447 40.32 40.192 40.063 39.934 39.803 39.672 39.541 39.409 39.276 39.142 39.008 38.874 38.738 38.603 38.467 38.33 38.194 38.057 37.919 37.781 37.644 37.505 37.367 37.229 37.09 36.951 36.813 36.674 36.535 36.396 36.258 36.119 35.98 35.842 35.704 35.565 35.427 35.29 35.152 35.015 34.878 34.741 34.605 34.469 34.333 34.198 34.063 33.929 33.796 33.663 33.531 33.4 33.27 33.14 33.012 32.885 32.759 32.635 32.512 32.39
41.86 41.742 41.623 41.503 41.382 41.26 41.137 41.013 40.888 40.762 40.636 40.508 40.38 40.25 40.12 39.989 39.858 39.725 39.592 39.458 39.324 39.189 39.053 38.917 38.78 38.643 38.505 38.367 38.229 38.09 37.95 37.811 37.671 37.531 37.391 37.251 37.11 36.97 36.829 36.689 36.548 36.407 36.267 36.126 35.986 35.845 35.705 35.565 35.425 35.285 35.145 35.006 34.866 34.728 34.589 34.451 34.313 34.175 34.038 33.902 33.766 33.631 33.496 33.363 33.23 33.098 32.967 32.837 32.709 32.582 32.456 32.332
41.936 41.817 41.697 41.575 41.453 41.33 41.206 41.081 40.955 40.828 40.7 40.571 40.441 40.311 40.179 40.047 39.914 39.78 39.645 39.51 39.374 39.237 39.1 38.962 38.823 38.684 38.545 38.405 38.265 38.124 37.983 37.842 37.7 37.558 37.416 37.274 37.132 36.989 36.847 36.704 36.562 36.419 36.277 36.134 35.992 35.849 35.707 35.565 35.423 35.281 35.139 34.997 34.856 34.715 34.574 34.434 34.293 34.154 34.014 33.875 33.737 33.599 33.462 33.326 33.19 33.056 32.922 32.79 32.658 32.529 32.4 32.273
42.013 41.893 41.772 41.65 41.526 41.402 41.277 41.151 41.023 40.895 40.766 40.636 40.504 40.372 40.239 40.106 39.971 39.836 39.699 39.562 39.425 39.286 39.147 39.008 38.868 38.727 38.586 38.444 38.302 38.16 38.017 37.874 37.73 37.587 37.443 37.299 37.155 37.01 36.866 36.721 36.577 36.432 36.288 36.143 35.999 35.855 35.71 35.566 35.422 35.278 35.134 34.99 34.847 34.703 34.56 34.417 34.275 34.133 33.991 33.849 33.708 33.568 33.428 33.289 33.151 33.014 32.878 32.742 32.608 32.476 32.344 32.214
42.092 41.971 41.849 41.725 41.601 41.476 41.349 41.222 41.093 40.964 40.833 40.702 40.569 40.436 40.301 40.166 40.03 39.893 39.755 39.617 39.477 39.337 39.197 39.055 38.914 38.771 38.628 38.485 38.341 38.197 38.052 37.907 37.762 37.616 37.47 37.324 37.178 37.032 36.886 36.739 36.593 36.447 36.3 36.154 36.007 35.861 35.714 35.568 35.422 35.276 35.13 34.984 34.838 34.693 34.547 34.402 34.257 34.113 33.968 33.824 33.681 33.538 33.395 33.254 33.113 32.973 32.833 32.695 32.558 32.423 32.288 32.156
42.172 42.05 41.927 41.803 41.678 41.551 41.423 41.295 41.165 41.034 40.902 40.769 40.636 40.501 40.365 40.228 40.09 39.952 39.813 39.672 39.532 39.39 39.248 39.105 38.961 38.817 38.672 38.527 38.381 38.235 38.088 37.941 37.794 37.647 37.499 37.351 37.203 37.055 36.907 36.759 36.61 36.462 36.313 36.165 36.016 35.868 35.72 35.571 35.423 35.275 35.127 34.979 34.831 34.683 34.536 34.388 34.241 34.094 33.947 33.8 33.654 33.508 33.363 33.219 33.075 32.932 32.79 32.649 32.509 32.37 32.233 32.097
42.254 42.131 42.007 41.882 41.756 41.628 41.499 41.369 41.238 41.106 40.973 40.839 40.704 40.567 40.43 40.292 40.153 40.013 39.872 39.73 39.587 39.444 39.3 39.155 39.01 38.864 38.717 38.57 38.422 38.274 38.126 37.977 37.828 37.679 37.529 37.379 37.23 37.079 36.929 36.779 36.629 36.478 36.328 36.177 36.027 35.877 35.726 35.576 35.426 35.275 35.125 34.975 34.825 34.675 34.525 34.375 34.225 34.075 33.926 33.777 33.628 33.48 33.332 33.184 33.038 32.892 32.746 32.602 32.459 32.317 32.177 32.038
42.338 42.214 42.089 41.963 41.835 41.707 41.577 41.446 41.313 41.18 41.046 40.91 40.773 40.636 40.497 40.357 40.216 40.075 39.932 39.789 39.645 39.5 39.354 39.207 39.06 38.912 38.764 38.615 38.465 38.315 38.165 38.014 37.863 37.712 37.561 37.409 37.257 37.105 36.953 36.8 36.648 36.496 36.343 36.191 36.038 35.886 35.734 35.581 35.429 35.277 35.124 34.972 34.82 34.667 34.515 34.363 34.211 34.058 33.907 33.755 33.603 33.452 33.301 33.151 33.001 32.852 32.704 32.556 32.41 32.265 32.122 31.98
42.424 42.299 42.173 42.046 41.917 41.787 41.656 41.524 41.39 41.256 41.12 40.983 40.845 40.706 40.565 40.424 40.282 40.139 39.995 39.85 39.704 39.557 39.409 39.261 39.112 38.962 38.812 38.661 38.51 38.358 38.206 38.053 37.9 37.747 37.593 37.439 37.286 37.131 36.977 36.823 36.669 36.514 36.36 36.206 36.051 35.897 35.742 35.588 35.434 35.279 35.125 34.97 34.816 34.661 34.507 34.352 34.197 34.043 33.888 33.734 33.579 33.425 33.271 33.118 32.965 32.813 32.662 32.511 32.362 32.213 32.066 31.921
