raw_data/humedad_relativa/hora15/rh15sep.txt
ncols         501
nrows         361
xllcorner     109.95
yllcorner     -45.05
cellsize      0.1
NODATA_value  -9999
[rows 256 to 287 of 361, columns 0 to 71 of 501]
69.359 69.345 69.331 69.316 69.3 69.283 69.265 69.246 69.226 69.205 69.183 69.16 69.136 69.111 69.085 69.057 69.029 68.999 68.969 68.937 68.904 68.87 68.834 68.798 68.76 68.721 68.68 68.639 68.596 68.551 68.506 68.459 68.41 68.36 68.309 68.256 68.201 68.145 68.087 68.027 67.966 67.902 67.836 67.767 67.697 67.623 67.546 67.465 67.381 67.292 67.198 67.098 66.991 66.875 66.751 66.617 66.472 66.317 66.15 65.894 65.636 65.321 64.88 64.683 64.564 64.087 63.999 63.72 63.728 63.107 63.141 62.914
69.505 69.492 69.478 69.464 69.449 69.432 69.415 69.397 69.378 69.358 69.336 69.314 69.291 69.267 69.242 69.215 69.188 69.159 69.13 69.099 69.067 69.034 68.999 68.964 68.927 68.889 68.85 68.809 68.767 68.724 68.68 68.634 68.586 68.537 68.487 68.435 68.382 68.326 68.269 68.211 68.15 68.087 68.021 67.954 67.883 67.81 67.733 67.653 67.568 67.479 67.385 67.285 67.178 67.063 66.941 66.809 66.667 66.516 66.356 66.186 65.771 65.545 65.375 65.112 64.941 64.719 64.451 63.673 63.24 63.718 63.534 63.386
69.65 69.638 69.625 69.611 69.596 69.581 69.564 69.547 69.528 69.509 69.489 69.467 69.445 69.422 69.397 69.372 69.345 69.318 69.289 69.259 69.228 69.196 69.163 69.128 69.092 69.055 69.017 68.978 68.937 68.895 68.851 68.806 68.76 68.712 68.663 68.612 68.559 68.505 68.449 68.391 68.331 68.268 68.204 68.136 68.066 67.993 67.917 67.837 67.752 67.664 67.57 67.47 67.363 67.25 67.129 67 66.862 66.716 66.561 66.398 66.058 65.915 65.776 65.44 65.368 65.054 64.882 64.562 64.46 63.906 63.965 63.706
69.794 69.783 69.771 69.757 69.743 69.728 69.713 69.696 69.678 69.66 69.64 69.619 69.598 69.575 69.552 69.527 69.502 69.475 69.447 69.418 69.388 69.357 69.324 69.291 69.256 69.22 69.183 69.144 69.105 69.063 69.021 68.977 68.932 68.885 68.836 68.786 68.735 68.681 68.626 68.568 68.509 68.447 68.383 68.316 68.247 68.174 68.098 68.018 67.934 67.846 67.752 67.653 67.548 67.436 67.317 67.191 67.057 66.915 66.765 66.609 66.445 66.276 66.101 65.922 65.626 65.272 65.259 64.742 64.689 64.438 64.421 64.226
69.938 69.927 69.915 69.903 69.889 69.875 69.86 69.844 69.827 69.809 69.79 69.77 69.75 69.728 69.705 69.681 69.656 69.631 69.604 69.575 69.546 69.516 69.485 69.452 69.418 69.383 69.347 69.309 69.27 69.23 69.189 69.146 69.101 69.055 69.008 68.958 68.907 68.855 68.8 68.743 68.685 68.624 68.56 68.494 68.425 68.353 68.277 68.198 68.114 68.026 67.933 67.835 67.731 67.621 67.505 67.381 67.251 67.113 66.969 66.818 66.662 66.499 66.333 66.162 65.987 65.601 65.567 65.453 65.259 64.88 64.894 64.689
70.08 70.07 70.059 70.047 70.034 70.021 70.006 69.991 69.974 69.957 69.939 69.92 69.9 69.879 69.857 69.834 69.81 69.785 69.759 69.732 69.703 69.674 69.643 69.611 69.578 69.544 69.509 69.472 69.434 69.395 69.354 69.312 69.268 69.223 69.177 69.128 69.078 69.026 68.972 68.916 68.858 68.798 68.735 68.669 68.6 68.529 68.454 68.375 68.292 68.205 68.113 68.016 67.914 67.806 67.692 67.571 67.444 67.311 67.172 67.027 66.877 66.721 66.561 66.398 66.231 66.062 65.892 65.72 65.548 65.377 65.206 65.036
70.222 70.212 70.202 70.19 70.178 70.165 70.151 70.137 70.121 70.104 70.087 70.069 70.049 70.029 70.008 69.986 69.962 69.938 69.913 69.886 69.859 69.83 69.8 69.769 69.737 69.704 69.669 69.634 69.596 69.558 69.518 69.477 69.434 69.39 69.344 69.296 69.247 69.195 69.142 69.087 69.029 68.969 68.907 68.842 68.774 68.703 68.629 68.551 68.469 68.382 68.292 68.196 68.096 67.99 67.878 67.761 67.638 67.509 67.375 67.235 67.09 66.941 66.788 66.631 66.472 66.31 66.147 65.983 65.818 65.654 65.49 65.328
70.363 70.353 70.344 70.333 70.321 70.309 70.296 70.281 70.267 70.251 70.234 70.216 70.198 70.178 70.158 70.136 70.113 70.09 70.065 70.04 70.013 69.985 69.956 69.926 69.895 69.862 69.828 69.793 69.757 69.719 69.68 69.64 69.598 69.554 69.509 69.462 69.413 69.363 69.31 69.255 69.199 69.139 69.078 69.013 68.946 68.876 68.802 68.725 68.644 68.559 68.469 68.375 68.277 68.173 68.064 67.95 67.83 67.706 67.576 67.442 67.303 67.159 67.013 66.863 66.71 66.555 66.399 66.242 66.084 65.927 65.77 65.614
70.503 70.494 70.484 70.474 70.463 70.451 70.439 70.425 70.411 70.396 70.38 70.363 70.345 70.326 70.306 70.285 70.263 70.241 70.217 70.192 70.166 70.139 70.11 70.081 70.05 70.019 69.986 69.951 69.916 69.879 69.841 69.801 69.759 69.717 69.672 69.626 69.578 69.528 69.476 69.422 69.366 69.307 69.246 69.183 69.116 69.047 68.974 68.898 68.818 68.734 68.646 68.554 68.457 68.356 68.25 68.139 68.023 67.902 67.777 67.647 67.513 67.376 67.235 67.091 66.945 66.797 66.647 66.497 66.346 66.195 66.044 65.895
70.642 70.633 70.625 70.615 70.604 70.593 70.581 70.568 70.555 70.54 70.524 70.508 70.491 70.472 70.453 70.433 70.412 70.39 70.367 70.342 70.317 70.291 70.263 70.235 70.205 70.174 70.142 70.108 70.073 70.037 69.999 69.96 69.92 69.878 69.834 69.788 69.741 69.692 69.641 69.587 69.532 69.474 69.414 69.351 69.285 69.216 69.145 69.069 68.991 68.908 68.822 68.731 68.637 68.538 68.434 68.327 68.214 68.098 67.977 67.852 67.723 67.591 67.456 67.318 67.177 67.035 66.892 66.748 66.603 66.459 66.315 66.171
70.78 70.772 70.764 70.755 70.745 70.734 70.722 70.71 70.697 70.683 70.668 70.652 70.636 70.618 70.6 70.58 70.56 70.538 70.516 70.492 70.467 70.442 70.415 70.387 70.358 70.328 70.296 70.263 70.229 70.194 70.157 70.118 70.078 70.037 69.994 69.949 69.902 69.854 69.803 69.751 69.696 69.639 69.58 69.517 69.453 69.385 69.314 69.24 69.163 69.082 68.997 68.908 68.816 68.719 68.619 68.514 68.405 68.292 68.175 68.055 67.931 67.804 67.674 67.542 67.407 67.271 67.134 66.996 66.857 66.718 66.58 66.443
70.917 70.91 70.902 70.893 70.884 70.874 70.863 70.851 70.839 70.825 70.811 70.796 70.78 70.763 70.745 70.726 70.706 70.685 70.663 70.64 70.616 70.591 70.565 70.538 70.51 70.48 70.449 70.417 70.383 70.349 70.312 70.275 70.236 70.195 70.152 70.108 70.062 70.015 69.965 69.913 69.859 69.803 69.744 69.683 69.619 69.552 69.482 69.41 69.334 69.254 69.171 69.085 68.994 68.9 68.802 68.701 68.595 68.486 68.373 68.257 68.138 68.016 67.891 67.764 67.635 67.504 67.372 67.24 67.107 66.974 66.842 66.71
71.053 71.047 71.039 71.031 71.022 71.013 71.002 70.991 70.979 70.966 70.952 70.938 70.922 70.906 70.889 70.87 70.851 70.831 70.81 70.788 70.764 70.74 70.714 70.688 70.66 70.631 70.601 70.569 70.537 70.502 70.467 70.43 70.391 70.351 70.31 70.266 70.221 70.174 70.125 70.074 70.021 69.965 69.907 69.847 69.784 69.718 69.65 69.578 69.504 69.426 69.345 69.26 69.172 69.081 68.985 68.887 68.785 68.679 68.57 68.458 68.343 68.226 68.106 67.984 67.86 67.734 67.608 67.481 67.354 67.226 67.099 66.973
71.189 71.183 71.176 71.168 71.16 71.151 71.141 71.13 71.119 71.106 71.093 71.079 71.064 71.048 71.032 71.014 70.995 70.976 70.955 70.934 70.911 70.887 70.862 70.836 70.809 70.781 70.751 70.72 70.688 70.655 70.62 70.584 70.546 70.506 70.465 70.423 70.378 70.332 70.284 70.233 70.181 70.126 70.069 70.01 69.948 69.884 69.816 69.746 69.673 69.597 69.518 69.435 69.349 69.26 69.168 69.072 68.973 68.871 68.766 68.658 68.547 68.434 68.319 68.201 68.082 67.962 67.841 67.719 67.597 67.475 67.353 67.231
71.324 71.318 71.312 71.305 71.297 71.288 71.279 71.268 71.257 71.246 71.233 71.219 71.205 71.19 71.174 71.157 71.138 71.119 71.099 71.078 71.056 71.033 71.009 70.984 70.957 70.929 70.9 70.87 70.839 70.806 70.772 70.736 70.699 70.66 70.62 70.578 70.534 70.489 70.441 70.392 70.34 70.286 70.23 70.172 70.111 70.048 69.982 69.913 69.842 69.767 69.69 69.609 69.526 69.439 69.349 69.256 69.161 69.062 68.96 68.856 68.75 68.641 68.53 68.417 68.303 68.187 68.071 67.954 67.837 67.72 67.603 67.486
71.458 71.453 71.447 71.44 71.432 71.424 71.415 71.406 71.395 71.384 71.372 71.359 71.345 71.33 71.315 71.298 71.281 71.262 71.243 71.222 71.201 71.178 71.155 71.13 71.104 71.077 71.049 71.019 70.988 70.956 70.922 70.887 70.851 70.813 70.773 70.732 70.689 70.644 70.598 70.549 70.498 70.445 70.391 70.333 70.274 70.211 70.147 70.08 70.01 69.937 69.861 69.783 69.701 69.617 69.53 69.44 69.347 69.252 69.154 69.053 68.951 68.846 68.739 68.631 68.521 68.41 68.298 68.186 68.074 67.961 67.849 67.737
71.591 71.586 71.581 71.574 71.567 71.56 71.551 71.542 71.532 71.521 71.51 71.497 71.484 71.47 71.455 71.439 71.422 71.404 71.385 71.365 71.344 71.322 71.299 71.275 71.25 71.223 71.195 71.167 71.136 71.105 71.072 71.038 71.002 70.964 70.926 70.885 70.843 70.799 70.753 70.705 70.655 70.604 70.55 70.493 70.435 70.374 70.311 70.245 70.177 70.106 70.032 69.956 69.876 69.795 69.71 69.623 69.533 69.441 69.346 69.249 69.15 69.049 68.947 68.842 68.737 68.63 68.523 68.415 68.307 68.199 68.092 67.985
71.723 71.719 71.714 71.708 71.702 71.694 71.686 71.678 71.668 71.658 71.647 71.635 71.622 71.608 71.594 71.578 71.562 71.544 71.526 71.507 71.486 71.465 71.443 71.419 71.394 71.368 71.341 71.313 71.283 71.253 71.22 71.187 71.152 71.115 71.077 71.037 70.995 70.952 70.907 70.86 70.811 70.761 70.708 70.653 70.595 70.536 70.474 70.41 70.343 70.274 70.202 70.127 70.051 69.971 69.889 69.805 69.718 69.629 69.537 69.444 69.348 69.251 69.152 69.052 68.951 68.848 68.745 68.642 68.538 68.435 68.331 68.228
71.855 71.851 71.846 71.841 71.835 71.828 71.821 71.812 71.803 71.793 71.783 71.771 71.759 71.746 71.732 71.717 71.701 71.684 71.666 71.647 71.628 71.607 71.585 71.562 71.538 71.513 71.486 71.458 71.43 71.399 71.368 71.335 71.3 71.264 71.227 71.188 71.147 71.105 71.061 71.015 70.967 70.917 70.865 70.811 70.755 70.697 70.636 70.574 70.508 70.441 70.371 70.299 70.224 70.147 70.067 69.986 69.902 69.815 69.727 69.637 69.545 69.451 69.356 69.26 69.162 69.064 68.965 68.866 68.766 68.667 68.567 68.469
71.986 71.982 71.978 71.973 71.967 71.961 71.954 71.946 71.938 71.928 71.918 71.907 71.895 71.882 71.869 71.854 71.839 71.823 71.805 71.787 71.768 71.748 71.726 71.704 71.68 71.656 71.63 71.603 71.575 71.545 71.514 71.482 71.448 71.413 71.376 71.338 71.298 71.256 71.213 71.168 71.121 71.072 71.021 70.969 70.914 70.857 70.798 70.737 70.673 70.607 70.539 70.469 70.397 70.322 70.245 70.166 70.084 70.001 69.916 69.829 69.74 69.65 69.559 69.466 69.372 69.278 69.183 69.087 68.991 68.896 68.8 68.706
72.116 72.113 72.109 72.104 72.099 72.093 72.087 72.079 72.071 72.062 72.052 72.042 72.03 72.018 72.005 71.991 71.976 71.961 71.944 71.926 71.907 71.888 71.867 71.845 71.822 71.798 71.773 71.746 71.719 71.69 71.659 71.628 71.595 71.56 71.524 71.487 71.448 71.407 71.365 71.32 71.274 71.227 71.177 71.126 71.072 71.016 70.959 70.899 70.837 70.773 70.707 70.639 70.568 70.496 70.421 70.345 70.266 70.186 70.103 70.019 69.934 69.847 69.759 69.67 69.58 69.489 69.397 69.306 69.214 69.122 69.03 68.939
72.245 72.242 72.239 72.235 72.23 72.225 72.218 72.211 72.204 72.195 72.186 72.176 72.165 72.153 72.141 72.127 72.113 72.097 72.081 72.064 72.046 72.027 72.006 71.985 71.963 71.939 71.915 71.889 71.862 71.833 71.804 71.773 71.74 71.707 71.672 71.635 71.597 71.557 71.515 71.472 71.427 71.38 71.332 71.282 71.229 71.175 71.119 71.061 71 70.938 70.874 70.808 70.739 70.669 70.597 70.523 70.447 70.369 70.29 70.209 70.126 70.043 69.958 69.872 69.785 69.698 69.61 69.522 69.434 69.345 69.258 69.17
72.374 72.371 72.368 72.365 72.36 72.355 72.349 72.343 72.336 72.327 72.319 72.309 72.299 72.287 72.275 72.262 72.248 72.234 72.218 72.201 72.183 72.165 72.145 72.124 72.103 72.08 72.056 72.03 72.004 71.976 71.947 71.917 71.885 71.852 71.818 71.782 71.745 71.706 71.665 71.623 71.579 71.533 71.486 71.437 71.386 71.333 71.278 71.221 71.163 71.102 71.04 70.976 70.909 70.841 70.771 70.7 70.626 70.551 70.475 70.396 70.317 70.236 70.155 70.072 69.989 69.905 69.82 69.736 69.651 69.566 69.482 69.398
72.502 72.5 72.497 72.494 72.49 72.485 72.48 72.473 72.467 72.459 72.451 72.441 72.431 72.421 72.409 72.396 72.383 72.369 72.353 72.337 72.32 72.302 72.283 72.263 72.242 72.219 72.196 72.171 72.145 72.118 72.09 72.06 72.029 71.997 71.964 71.928 71.892 71.854 71.814 71.773 71.73 71.685 71.639 71.591 71.542 71.49 71.437 71.382 71.325 71.266 71.205 71.143 71.079 71.013 70.945 70.876 70.805 70.732 70.658 70.583 70.506 70.429 70.35 70.271 70.19 70.11 70.029 69.947 69.866 69.784 69.703 69.622
72.629 72.627 72.625 72.622 72.618 72.614 72.609 72.603 72.597 72.59 72.582 72.573 72.563 72.553 72.542 72.53 72.517 72.503 72.488 72.473 72.456 72.439 72.42 72.4 72.38 72.358 72.335 72.311 72.286 72.259 72.232 72.203 72.173 72.141 72.108 72.074 72.038 72.001 71.962 71.922 71.88 71.837 71.792 71.745 71.697 71.646 71.595 71.541 71.486 71.428 71.37 71.309 71.247 71.183 71.118 71.05 70.982 70.912 70.841 70.768 70.694 70.619 70.544 70.467 70.39 70.312 70.234 70.156 70.078 70 69.922 69.844
72.755 72.754 72.752 72.75 72.746 72.742 72.738 72.732 72.726 72.72 72.712 72.704 72.695 72.685 72.674 72.662 72.65 72.637 72.622 72.607 72.591 72.574 72.556 72.537 72.517 72.496 72.473 72.45 72.425 72.4 72.373 72.345 72.315 72.284 72.252 72.219 72.184 72.148 72.11 72.071 72.03 71.987 71.943 71.898 71.851 71.802 71.752 71.699 71.646 71.59 71.533 71.475 71.414 71.352 71.289 71.224 71.158 71.091 71.022 70.952 70.881 70.809 70.736 70.662 70.588 70.513 70.438 70.363 70.288 70.212 70.137 70.063
72.881 72.88 72.879 72.877 72.874 72.87 72.866 72.861 72.855 72.849 72.842 72.834 72.825 72.816 72.805 72.794 72.782 72.769 72.756 72.741 72.725 72.709 72.691 72.673 72.653 72.633 72.611 72.588 72.564 72.539 72.513 72.485 72.457 72.427 72.395 72.363 72.329 72.293 72.257 72.218 72.178 72.137 72.094 72.05 72.004 71.957 71.908 71.857 71.805 71.751 71.696 71.639 71.581 71.521 71.46 71.397 71.333 71.268 71.202 71.134 71.066 70.996 70.926 70.855 70.784 70.712 70.64 70.567 70.495 70.423 70.351 70.279
73.006 73.006 73.005 73.003 73 72.997 72.993 72.989 72.983 72.977 72.971 72.963 72.955 72.946 72.936 72.925 72.914 72.901 72.888 72.874 72.859 72.843 72.826 72.808 72.789 72.769 72.748 72.726 72.702 72.678 72.652 72.626 72.598 72.568 72.538 72.506 72.473 72.438 72.403 72.365 72.326 72.286 72.245 72.202 72.157 72.111 72.063 72.014 71.964 71.911 71.858 71.803 71.746 71.688 71.629 71.569 71.507 71.444 71.38 71.315 71.249 71.182 71.115 71.046 70.978 70.909 70.839 70.77 70.7 70.631 70.561 70.493
73.131 73.131 73.13 73.128 73.126 73.123 73.12 73.116 73.111 73.105 73.099 73.092 73.084 73.075 73.066 73.056 73.045 73.033 73.02 73.006 72.992 72.976 72.96 72.942 72.924 72.904 72.884 72.862 72.84 72.816 72.791 72.765 72.738 72.709 72.68 72.649 72.616 72.583 72.548 72.511 72.474 72.435 72.394 72.352 72.309 72.264 72.218 72.17 72.121 72.071 72.019 71.966 71.911 71.855 71.798 71.739 71.68 71.619 71.557 71.495 71.431 71.367 71.302 71.236 71.17 71.103 71.037 70.97 70.903 70.836 70.77 70.704
73.255 73.255 73.254 73.253 73.251 73.249 73.246 73.242 73.237 73.232 73.226 73.22 73.212 73.204 73.195 73.185 73.175 73.163 73.151 73.138 73.124 73.109 73.093 73.076 73.058 73.039 73.019 72.998 72.976 72.953 72.929 72.904 72.877 72.849 72.821 72.79 72.759 72.726 72.692 72.657 72.62 72.582 72.543 72.502 72.46 72.417 72.372 72.326 72.278 72.229 72.179 72.128 72.075 72.021 71.965 71.909 71.851 71.793 71.733 71.673 71.612 71.55 71.487 71.424 71.36 71.296 71.232 71.168 71.104 71.039 70.975 70.912
73.378 73.378 73.378 73.377 73.376 73.374 73.371 73.368 73.363 73.359 73.353 73.347 73.34 73.332 73.324 73.314 73.304 73.293 73.281 73.269 73.255 73.241 73.225 73.209 73.192 73.173 73.154 73.134 73.112 73.09 73.066 73.042 73.016 72.989 72.961 72.931 72.901 72.869 72.836 72.802 72.766 72.729 72.691 72.652 72.611 72.569 72.525 72.48 72.434 72.387 72.338 72.288 72.237 72.185 72.132 72.077 72.022 71.965 71.908 71.85 71.791 71.731 71.671 71.61 71.549 71.487 71.426 71.364 71.302 71.24 71.179 71.118
73.5 73.501 73.501 73.501 73.5 73.498 73.496 73.493 73.489 73.484 73.479 73.473 73.467 73.459 73.451 73.442 73.433 73.422 73.411 73.399 73.386 73.372 73.357 73.341 73.324 73.307 73.288 73.268 73.247 73.226 73.203 73.179 73.154 73.128 73.1 73.072 73.042 73.011 72.979 72.946 72.911 72.876 72.838 72.8 72.761 72.72 72.678 72.634 72.59 72.544 72.497 72.449 72.399 72.349 72.297 72.245 72.191 72.137 72.081 72.025 71.968 71.911 71.853 71.794 71.736 71.676 71.617 71.558 71.498 71.439 71.38 71.321
