raw_data/humedad_relativa/hora15/rh15jul.txt
ncols         501
nrows         361
xllcorner     109.95
yllcorner     -45.05
cellsize      0.1
NODATA_value  -9999
[rows 256 to 287 of 361, columns 0 to 71 of 501]
70.497 70.507 70.517 70.526 70.535 70.543 70.552 70.56 70.567 70.574 70.581 70.587 70.594 70.599 70.605 70.61 70.614 70.619 70.623 70.627 70.63 70.633 70.636 70.639 70.641 70.643 70.645 70.647 70.648 70.65 70.651 70.652 70.653 70.653 70.654 70.654 70.655 70.655 70.655 70.655 70.654 70.653 70.651 70.649 70.646 70.641 70.634 70.625 70.614 70.598 70.578 70.551 70.516 70.472 70.417 70.349 70.267 70.169 70.056 70.077 70.067 70.131 70.382 70.195 69.859 70.126 69.726 69.646 69.075 69.575 68.969 68.809
70.64 70.651 70.661 70.671 70.68 70.69 70.698 70.707 70.715 70.723 70.731 70.738 70.744 70.751 70.757 70.763 70.768 70.773 70.778 70.783 70.787 70.791 70.795 70.798 70.801 70.804 70.807 70.809 70.811 70.813 70.815 70.817 70.818 70.819 70.82 70.821 70.821 70.821 70.821 70.821 70.82 70.818 70.815 70.812 70.807 70.8 70.791 70.779 70.764 70.745 70.721 70.69 70.652 70.604 70.547 70.477 70.395 70.299 70.19 70.068 70.368 70.294 70.1 70.055 69.833 69.691 69.624 70.409 70.597 69.277 69.059 68.782
70.782 70.793 70.804 70.815 70.825 70.834 70.844 70.853 70.862 70.87 70.878 70.886 70.894 70.901 70.908 70.914 70.92 70.926 70.932 70.937 70.942 70.946 70.951 70.955 70.959 70.962 70.965 70.968 70.971 70.974 70.976 70.978 70.98 70.981 70.982 70.983 70.984 70.984 70.983 70.982 70.981 70.978 70.974 70.969 70.962 70.954 70.942 70.928 70.91 70.888 70.86 70.826 70.785 70.735 70.675 70.604 70.522 70.429 70.323 70.206 70.389 70.189 69.96 70.074 69.699 69.748 69.536 69.579 69.237 69.681 69.065 69.002
70.923 70.935 70.946 70.957 70.968 70.978 70.988 70.998 71.007 71.016 71.025 71.033 71.042 71.049 71.057 71.064 71.071 71.077 71.083 71.089 71.095 71.1 71.105 71.11 71.114 71.118 71.122 71.125 71.129 71.131 71.134 71.136 71.138 71.14 71.141 71.142 71.142 71.142 71.141 71.14 71.137 71.133 71.128 71.122 71.113 71.103 71.089 71.073 71.052 71.027 70.996 70.96 70.916 70.864 70.802 70.732 70.65 70.558 70.456 70.343 70.22 70.088 69.948 69.801 69.856 70 69.525 69.942 69.536 69.476 69.006 68.851
71.063 71.075 71.087 71.098 71.11 71.12 71.131 71.141 71.151 71.161 71.17 71.179 71.188 71.196 71.204 71.212 71.219 71.226 71.233 71.239 71.245 71.251 71.257 71.262 71.267 71.271 71.276 71.279 71.283 71.286 71.289 71.292 71.294 71.296 71.297 71.297 71.297 71.297 71.295 71.293 71.289 71.285 71.278 71.27 71.26 71.248 71.232 71.213 71.19 71.163 71.13 71.091 71.045 70.992 70.93 70.859 70.778 70.689 70.589 70.48 70.362 70.236 70.102 69.961 69.815 70.043 69.625 69.348 69.211 69.407 68.896 68.78
71.202 71.214 71.227 71.238 71.25 71.262 71.273 71.283 71.294 71.304 71.314 71.323 71.332 71.341 71.35 71.358 71.366 71.373 71.381 71.388 71.394 71.4 71.406 71.412 71.417 71.422 71.427 71.431 71.435 71.438 71.442 71.444 71.446 71.448 71.449 71.449 71.449 71.448 71.446 71.443 71.438 71.432 71.425 71.415 71.404 71.389 71.372 71.351 71.326 71.296 71.262 71.221 71.173 71.119 71.057 70.986 70.907 70.819 70.722 70.617 70.503 70.382 70.254 70.119 69.979 69.834 69.685 69.532 69.376 69.218 69.059 68.898
71.339 71.352 71.365 71.377 71.39 71.401 71.413 71.424 71.435 71.446 71.456 71.466 71.476 71.485 71.494 71.503 71.511 71.519 71.527 71.534 71.541 71.548 71.554 71.56 71.566 71.571 71.576 71.58 71.584 71.588 71.591 71.594 71.596 71.597 71.598 71.598 71.597 71.596 71.593 71.589 71.584 71.577 71.568 71.557 71.544 71.528 71.509 71.486 71.459 71.428 71.392 71.349 71.301 71.246 71.183 71.113 71.035 70.949 70.855 70.754 70.644 70.528 70.405 70.276 70.141 70.002 69.859 69.712 69.563 69.411 69.258 69.103
71.476 71.489 71.502 71.515 71.528 71.54 71.552 71.564 71.575 71.586 71.597 71.607 71.617 71.627 71.636 71.645 71.654 71.663 71.671 71.678 71.686 71.693 71.7 71.706 71.712 71.717 71.722 71.727 71.731 71.735 71.738 71.741 71.743 71.744 71.744 71.744 71.743 71.741 71.737 71.732 71.726 71.718 71.708 71.696 71.681 71.664 71.643 71.619 71.591 71.558 71.52 71.477 71.428 71.372 71.31 71.241 71.164 71.08 70.989 70.89 70.785 70.672 70.554 70.43 70.301 70.168 70.031 69.89 69.746 69.6 69.453 69.304
71.611 71.625 71.638 71.652 71.665 71.677 71.69 71.702 71.713 71.725 71.736 71.747 71.757 71.767 71.777 71.787 71.796 71.805 71.813 71.821 71.829 71.836 71.843 71.85 71.856 71.862 71.867 71.872 71.876 71.879 71.883 71.885 71.887 71.888 71.888 71.887 71.886 71.883 71.879 71.873 71.866 71.857 71.846 71.832 71.816 71.798 71.776 71.75 71.72 71.686 71.648 71.604 71.554 71.498 71.436 71.368 71.293 71.211 71.122 71.026 70.925 70.817 70.703 70.584 70.46 70.332 70.2 70.065 69.927 69.787 69.645 69.501
71.745 71.759 71.773 71.787 71.8 71.813 71.826 71.839 71.851 71.862 71.874 71.885 71.896 71.906 71.917 71.926 71.936 71.945 71.954 71.962 71.97 71.978 71.985 71.992 71.998 72.004 72.009 72.014 72.018 72.022 72.025 72.027 72.029 72.029 72.029 72.028 72.026 72.022 72.017 72.011 72.003 71.993 71.981 71.966 71.949 71.929 71.906 71.879 71.849 71.814 71.774 71.73 71.68 71.624 71.563 71.495 71.422 71.342 71.255 71.163 71.064 70.96 70.851 70.736 70.617 70.494 70.368 70.238 70.105 69.97 69.834 69.696
71.878 71.893 71.907 71.921 71.935 71.948 71.961 71.974 71.987 71.999 72.011 72.022 72.033 72.044 72.054 72.065 72.074 72.084 72.093 72.101 72.11 72.117 72.125 72.132 72.138 72.144 72.149 72.154 72.158 72.162 72.165 72.167 72.168 72.168 72.168 72.166 72.163 72.159 72.154 72.147 72.138 72.127 72.114 72.098 72.08 72.059 72.035 72.007 71.976 71.94 71.9 71.855 71.805 71.75 71.689 71.623 71.551 71.472 71.388 71.299 71.204 71.103 70.998 70.888 70.773 70.655 70.533 70.408 70.281 70.151 70.02 69.887
72.011 72.025 72.04 72.054 72.068 72.082 72.095 72.108 72.121 72.134 72.146 72.158 72.169 72.18 72.191 72.201 72.211 72.221 72.23 72.239 72.247 72.255 72.263 72.27 72.276 72.282 72.287 72.292 72.296 72.3 72.302 72.304 72.305 72.305 72.304 72.302 72.299 72.294 72.288 72.28 72.27 72.259 72.245 72.229 72.21 72.188 72.163 72.134 72.102 72.066 72.025 71.98 71.931 71.876 71.816 71.75 71.68 71.603 71.522 71.435 71.343 71.246 71.144 71.038 70.928 70.814 70.697 70.577 70.454 70.329 70.203 70.075
72.142 72.157 72.172 72.186 72.2 72.214 72.228 72.241 72.254 72.267 72.28 72.292 72.303 72.315 72.326 72.336 72.347 72.356 72.366 72.375 72.383 72.391 72.399 72.406 72.412 72.418 72.424 72.428 72.432 72.436 72.438 72.44 72.441 72.44 72.439 72.436 72.432 72.427 72.42 72.412 72.401 72.389 72.374 72.357 72.337 72.315 72.289 72.26 72.227 72.191 72.15 72.105 72.055 72.001 71.942 71.878 71.809 71.734 71.655 71.571 71.482 71.388 71.29 71.188 71.082 70.972 70.859 70.744 70.626 70.506 70.384 70.261
72.271 72.287 72.302 72.317 72.331 72.346 72.36 72.373 72.387 72.4 72.412 72.424 72.436 72.448 72.459 72.47 72.48 72.49 72.5 72.509 72.518 72.526 72.533 72.541 72.547 72.553 72.558 72.563 72.567 72.57 72.572 72.573 72.574 72.573 72.571 72.568 72.564 72.558 72.551 72.542 72.53 72.517 72.502 72.484 72.464 72.441 72.414 72.385 72.352 72.315 72.274 72.229 72.18 72.126 72.068 72.005 71.938 71.865 71.788 71.706 71.62 71.53 71.435 71.336 71.234 71.129 71.02 70.909 70.795 70.68 70.562 70.444
72.4 72.416 72.431 72.447 72.461 72.476 72.49 72.504 72.517 72.531 72.543 72.556 72.568 72.58 72.591 72.602 72.613 72.623 72.633 72.642 72.65 72.659 72.666 72.673 72.68 72.686 72.691 72.696 72.699 72.702 72.704 72.705 72.705 72.704 72.702 72.699 72.694 72.687 72.679 72.67 72.658 72.644 72.628 72.61 72.589 72.565 72.539 72.509 72.475 72.439 72.398 72.353 72.305 72.252 72.194 72.133 72.067 71.996 71.921 71.842 71.758 71.671 71.579 71.484 71.386 71.284 71.18 71.072 70.963 70.852 70.739 70.624
72.528 72.544 72.56 72.575 72.59 72.605 72.619 72.633 72.647 72.66 72.674 72.686 72.699 72.71 72.722 72.733 72.744 72.754 72.764 72.773 72.782 72.79 72.798 72.805 72.811 72.817 72.822 72.826 72.83 72.833 72.835 72.835 72.835 72.834 72.831 72.827 72.822 72.815 72.807 72.797 72.784 72.77 72.754 72.735 72.713 72.689 72.662 72.632 72.599 72.562 72.521 72.477 72.429 72.377 72.321 72.26 72.196 72.127 72.054 71.977 71.896 71.811 71.723 71.631 71.536 71.438 71.338 71.234 71.129 71.022 70.913 70.803
72.655 72.671 72.687 72.703 72.718 72.733 72.747 72.762 72.776 72.789 72.802 72.815 72.828 72.84 72.851 72.863 72.873 72.884 72.894 72.903 72.912 72.92 72.928 72.935 72.941 72.947 72.952 72.956 72.959 72.962 72.963 72.964 72.963 72.962 72.959 72.954 72.949 72.942 72.933 72.922 72.909 72.895 72.878 72.858 72.837 72.812 72.785 72.755 72.721 72.684 72.644 72.6 72.553 72.502 72.447 72.387 72.324 72.257 72.187 72.112 72.034 71.952 71.866 71.778 71.686 71.592 71.494 71.395 71.294 71.19 71.085 70.979
72.781 72.797 72.813 72.829 72.844 72.859 72.874 72.889 72.903 72.917 72.93 72.943 72.956 72.968 72.979 72.991 73.002 73.012 73.022 73.031 73.04 73.048 73.056 73.063 73.069 73.075 73.08 73.084 73.087 73.089 73.091 73.091 73.09 73.088 73.085 73.08 73.074 73.066 73.057 73.046 73.033 73.018 73.001 72.981 72.959 72.934 72.907 72.877 72.843 72.807 72.767 72.724 72.677 72.626 72.572 72.515 72.453 72.388 72.319 72.247 72.171 72.092 72.009 71.923 71.835 71.744 71.65 71.554 71.456 71.357 71.256 71.153
72.906 72.922 72.938 72.954 72.97 72.985 73 73.015 73.029 73.043 73.056 73.069 73.082 73.094 73.106 73.118 73.129 73.139 73.149 73.158 73.167 73.175 73.183 73.19 73.196 73.202 73.206 73.21 73.213 73.215 73.217 73.217 73.215 73.213 73.21 73.205 73.198 73.19 73.181 73.169 73.156 73.14 73.123 73.103 73.081 73.056 73.029 72.998 72.965 72.929 72.889 72.847 72.801 72.751 72.698 72.642 72.582 72.518 72.451 72.381 72.308 72.231 72.151 72.068 71.983 71.895 71.805 71.712 71.618 71.522 71.424 71.326
73.029 73.046 73.063 73.079 73.094 73.11 73.125 73.14 73.154 73.168 73.182 73.195 73.208 73.22 73.232 73.243 73.254 73.265 73.275 73.284 73.293 73.301 73.309 73.316 73.322 73.327 73.332 73.335 73.338 73.34 73.341 73.341 73.339 73.337 73.333 73.328 73.321 73.313 73.303 73.291 73.277 73.262 73.244 73.224 73.202 73.177 73.149 73.119 73.086 73.05 73.011 72.969 72.924 72.876 72.824 72.769 72.71 72.648 72.583 72.515 72.444 72.37 72.293 72.213 72.13 72.045 71.958 71.869 71.778 71.685 71.591 71.496
73.152 73.169 73.186 73.202 73.218 73.233 73.249 73.263 73.278 73.292 73.306 73.319 73.332 73.344 73.356 73.368 73.379 73.389 73.399 73.409 73.417 73.426 73.433 73.44 73.446 73.451 73.456 73.459 73.462 73.464 73.464 73.464 73.462 73.459 73.455 73.45 73.443 73.434 73.424 73.412 73.398 73.382 73.364 73.344 73.322 73.297 73.27 73.24 73.207 73.172 73.133 73.092 73.047 73 72.949 72.895 72.838 72.778 72.715 72.649 72.58 72.508 72.433 72.356 72.276 72.195 72.11 72.024 71.937 71.847 71.756 71.665
73.274 73.291 73.308 73.324 73.34 73.356 73.371 73.386 73.401 73.415 73.429 73.442 73.455 73.468 73.48 73.491 73.502 73.513 73.523 73.532 73.541 73.549 73.556 73.563 73.569 73.574 73.578 73.582 73.584 73.586 73.586 73.586 73.584 73.581 73.577 73.571 73.564 73.555 73.544 73.532 73.518 73.502 73.484 73.464 73.442 73.417 73.39 73.36 73.328 73.292 73.255 73.214 73.17 73.124 73.074 73.022 72.966 72.908 72.847 72.783 72.716 72.646 72.574 72.499 72.422 72.343 72.262 72.179 72.094 72.008 71.92 71.831
73.395 73.412 73.429 73.446 73.462 73.478 73.493 73.508 73.523 73.537 73.551 73.564 73.577 73.59 73.602 73.613 73.625 73.635 73.645 73.654 73.663 73.671 73.678 73.685 73.691 73.696 73.7 73.703 73.706 73.707 73.707 73.706 73.704 73.701 73.697 73.691 73.683 73.674 73.664 73.651 73.637 73.621 73.603 73.583 73.561 73.536 73.509 73.48 73.448 73.413 73.376 73.336 73.293 73.248 73.199 73.148 73.094 73.037 72.978 72.916 72.851 72.783 72.713 72.641 72.567 72.49 72.412 72.332 72.25 72.167 72.082 71.997
73.515 73.533 73.549 73.566 73.582 73.598 73.614 73.629 73.644 73.658 73.672 73.685 73.698 73.711 73.723 73.735 73.746 73.756 73.766 73.775 73.784 73.792 73.799 73.806 73.811 73.816 73.82 73.824 73.826 73.827 73.827 73.826 73.824 73.821 73.816 73.81 73.802 73.793 73.782 73.77 73.756 73.739 73.721 73.701 73.679 73.655 73.628 73.599 73.567 73.533 73.497 73.458 73.416 73.371 73.324 73.274 73.222 73.166 73.109 73.048 72.985 72.92 72.852 72.783 72.711 72.637 72.561 72.484 72.405 72.324 72.243 72.16
73.635 73.652 73.669 73.686 73.702 73.718 73.733 73.749 73.763 73.778 73.792 73.805 73.818 73.831 73.843 73.855 73.866 73.876 73.886 73.895 73.904 73.912 73.919 73.925 73.931 73.936 73.94 73.943 73.945 73.946 73.946 73.945 73.942 73.939 73.934 73.928 73.92 73.911 73.9 73.887 73.873 73.857 73.839 73.819 73.797 73.773 73.746 73.718 73.687 73.653 73.617 73.579 73.538 73.495 73.449 73.4 73.349 73.295 73.239 73.181 73.12 73.056 72.991 72.923 72.854 72.782 72.709 72.635 72.558 72.481 72.402 72.322
73.753 73.77 73.787 73.804 73.82 73.837 73.852 73.867 73.882 73.897 73.911 73.924 73.937 73.95 73.962 73.974 73.985 73.995 74.005 74.014 74.023 74.031 74.038 74.044 74.05 74.054 74.058 74.061 74.063 74.064 74.064 74.063 74.06 74.056 74.051 74.045 74.037 74.028 74.017 74.005 73.99 73.974 73.956 73.936 73.915 73.891 73.865 73.836 73.806 73.773 73.738 73.7 73.66 73.618 73.573 73.526 73.476 73.424 73.369 73.312 73.253 73.192 73.129 73.063 72.996 72.927 72.857 72.784 72.711 72.636 72.56 72.483
73.87 73.888 73.905 73.922 73.938 73.954 73.97 73.985 74 74.015 74.029 74.042 74.056 74.068 74.08 74.092 74.103 74.113 74.123 74.132 74.141 74.148 74.155 74.162 74.167 74.172 74.176 74.178 74.18 74.181 74.181 74.179 74.177 74.173 74.168 74.162 74.154 74.144 74.133 74.121 74.107 74.091 74.073 74.053 74.032 74.008 73.982 73.954 73.924 73.892 73.858 73.821 73.782 73.741 73.697 73.651 73.602 73.552 73.499 73.444 73.387 73.327 73.266 73.203 73.138 73.071 73.003 72.933 72.862 72.79 72.716 72.642
73.987 74.004 74.022 74.039 74.055 74.071 74.087 74.102 74.117 74.132 74.146 74.16 74.173 74.185 74.197 74.209 74.22 74.23 74.24 74.249 74.258 74.265 74.272 74.278 74.284 74.288 74.292 74.295 74.297 74.297 74.297 74.295 74.293 74.289 74.284 74.277 74.269 74.26 74.249 74.237 74.222 74.207 74.189 74.17 74.148 74.125 74.1 74.072 74.043 74.011 73.978 73.942 73.903 73.863 73.821 73.776 73.729 73.68 73.628 73.575 73.519 73.462 73.403 73.341 73.279 73.214 73.148 73.081 73.012 72.942 72.871 72.799
74.103 74.12 74.138 74.155 74.171 74.187 74.203 74.219 74.234 74.248 74.262 74.276 74.289 74.301 74.314 74.325 74.336 74.346 74.356 74.365 74.374 74.381 74.388 74.394 74.4 74.404 74.408 74.41 74.412 74.413 74.412 74.411 74.408 74.404 74.399 74.392 74.384 74.375 74.364 74.352 74.338 74.322 74.305 74.285 74.264 74.241 74.217 74.19 74.161 74.13 74.097 74.062 74.025 73.985 73.944 73.9 73.855 73.807 73.757 73.705 73.652 73.596 73.539 73.479 73.419 73.356 73.293 73.227 73.161 73.094 73.025 72.956
74.218 74.235 74.253 74.27 74.286 74.303 74.318 74.334 74.349 74.363 74.377 74.391 74.404 74.417 74.429 74.44 74.451 74.462 74.471 74.48 74.489 74.496 74.503 74.509 74.514 74.519 74.522 74.525 74.527 74.527 74.527 74.525 74.522 74.518 74.513 74.507 74.499 74.489 74.479 74.466 74.452 74.437 74.42 74.401 74.38 74.358 74.333 74.307 74.279 74.248 74.216 74.182 74.146 74.107 74.067 74.025 73.98 73.934 73.886 73.835 73.783 73.729 73.674 73.617 73.558 73.498 73.436 73.373 73.309 73.244 73.178 73.111
74.332 74.349 74.367 74.384 74.401 74.417 74.433 74.448 74.463 74.478 74.492 74.506 74.519 74.531 74.543 74.555 74.566 74.576 74.586 74.595 74.603 74.61 74.617 74.623 74.629 74.633 74.636 74.639 74.64 74.641 74.64 74.639 74.636 74.632 74.627 74.62 74.612 74.603 74.593 74.58 74.567 74.551 74.534 74.516 74.495 74.473 74.449 74.424 74.396 74.366 74.335 74.302 74.266 74.229 74.19 74.149 74.105 74.06 74.014 73.965 73.915 73.862 73.809 73.753 73.696 73.638 73.579 73.518 73.456 73.393 73.329 73.264
74.445 74.463 74.48 74.497 74.514 74.53 74.546 74.562 74.577 74.591 74.606 74.619 74.632 74.645 74.657 74.668 74.679 74.69 74.699 74.708 74.716 74.724 74.731 74.737 74.742 74.746 74.749 74.752 74.753 74.754 74.753 74.752 74.749 74.745 74.74 74.733 74.726 74.717 74.706 74.694 74.68 74.665 74.649 74.63 74.61 74.589 74.565 74.54 74.513 74.484 74.454 74.421 74.387 74.35 74.312 74.272 74.23 74.187 74.141 74.094 74.045 73.995 73.943 73.889 73.834 73.778 73.72 73.661 73.602 73.541 73.479 73.416
