raw_data/humedad_relativa/hora15/rh15oct.txt
ncols         501
nrows         361
xllcorner     109.95
yllcorner     -45.05
cellsize      0.1
NODATA_value  -9999
[rows 288 to 319 of 361, columns 288 to 359 of 501]
66.669 66.38 66.094 65.811 65.532 65.257 64.987 64.722 64.463 64.21 63.964 63.725 63.493 63.269 63.053 62.845 62.443 62.364 62.143 61.856 61.742 61.552 61.411 61.285 61.255 61.139 60.875 60.635 60.514 60.466 60.475 60.352 60.307 60.269 60.287 60.272 60.215 60.32 60.511 60.673 60.631 60.805 60.819 61.129 61.171 61.376 61.504 61.664 61.779 61.736 61.612 61.444 60.968 60.653 60.273 59.942 59.682 59.328 59.099 58.869 58.667 58.508 58.371 58.258 58.201 58.165 58.04 58.292 58.343 57.642 56.7 56.894
67.063 66.786 66.511 66.239 65.971 65.707 65.447 65.193 64.944 64.701 64.465 64.235 64.013 63.799 63.592 63.394 63.205 62.915 62.783 62.594 62.35 62.253 62.099 61.936 61.86 61.802 61.577 61.45 61.356 61.286 61.34 61.219 60.948 60.96 60.962 60.879 61.05 61.147 61.339 61.473 61.531 61.599 61.716 61.854 61.935 62.106 62.192 62.323 62.391 62.368 62.23 62.03 61.66 61.378 60.976 60.755 60.464 60.224 59.994 59.745 59.557 59.359 59.209 59.026 58.975 58.824 58.36 58.816 58.455 57.783 58.013 58.812
67.45 67.183 66.919 66.658 66.4 66.146 65.897 65.653 65.414 65.181 64.955 64.735 64.522 64.317 64.12 63.931 63.751 63.579 63.372 63.209 63.05 62.864 62.763 62.672 62.51 62.423 62.046 62.19 61.993 61.884 62.018 61.947 61.885 61.702 61.72 61.783 61.887 62.015 62.143 62.226 62.272 62.339 62.483 62.569 62.669 62.819 62.889 62.944 62.981 62.926 62.81 62.618 62.392 62.105 61.831 61.572 61.362 61.067 60.825 60.571 60.344 60.154 60.014 59.915 59.851 59.74 59.403 59.217 59.432 59.571 59.861 59.644
67.827 67.571 67.318 67.067 66.819 66.576 66.337 66.102 65.873 65.65 65.433 65.223 65.019 64.823 64.635 64.455 64.283 64.121 63.967 63.823 63.689 63.565 63.451 63.323 63.093 62.997 62.731 62.767 62.741 62.754 62.764 62.676 62.698 62.548 62.545 62.656 62.584 62.735 62.784 62.887 62.936 63.02 63.13 63.209 63.312 63.425 63.496 63.529 63.529 63.469 63.368 63.218 63.039 62.82 62.537 62.298 62.09 61.818 61.557 61.314 61.096 60.91 60.762 60.655 60.483 60.427 60.479 60.482 60.433 60.457 60.321 60.171
68.196 67.951 67.707 67.467 67.229 66.996 66.766 66.542 66.322 66.108 65.901 65.699 65.505 65.318 65.138 64.966 64.803 64.649 64.503 64.367 64.24 64.123 64.017 63.92 63.834 63.306 63.297 63.335 63.504 63.132 63.478 63.414 63.4 63.373 63.351 63.407 63.378 63.451 63.482 63.531 63.497 63.633 63.73 63.756 63.863 63.957 64.034 64.007 64.037 63.98 63.859 63.756 63.599 63.283 63.025 62.95 62.754 62.477 62.067 62.02 61.81 61.626 61.472 61.13 61.13 61.182 61.136 61.103 61.059 60.856 60.869 60.836
68.557 68.322 68.088 67.858 67.63 67.406 67.186 66.971 66.76 66.556 66.357 66.164 65.979 65.8 65.629 65.465 65.31 65.163 65.025 64.896 64.777 64.667 64.567 64.477 64.397 64.328 64.126 63.94 64.051 64.157 64.141 64.136 64.141 64.093 64.103 64.114 64.083 64.226 64.159 64.156 64.222 64.225 64.284 64.361 64.456 64.404 64.532 64.523 64.515 64.455 64.377 64.263 64.067 63.818 63.723 63.536 63.383 63.078 62.868 62.678 62.488 62.305 61.973 61.731 61.886 61.815 61.752 61.703 61.604 61.324 61.249 61.034
68.91 68.685 68.461 68.239 68.021 67.807 67.596 67.39 67.188 66.992 66.802 66.618 66.441 66.27 66.107 65.952 65.804 65.665 65.534 65.412 65.299 65.196 65.102 65.018 64.944 64.88 64.324 64.783 64.627 64.726 64.714 64.711 64.718 64.734 64.759 64.793 64.834 64.882 64.901 64.83 64.835 64.797 64.818 64.859 64.898 64.961 64.987 64.927 64.684 64.74 64.815 64.659 63.989 64.309 64.41 64.205 63.985 63.762 63.542 63.331 63.133 62.878 62.307 62.593 62.472 62.419 62.335 62.266 62.021 61.644 61.469 61.7
69.256 69.039 68.825 68.613 68.403 68.198 67.996 67.799 67.606 67.419 67.237 67.061 66.892 66.729 66.573 66.425 66.285 66.153 66.029 65.914 65.807 65.71 65.622 65.543 65.474 65.415 65.366 65.327 65.297 65.277 65.267 65.266 65.274 65.291 65.317 65.35 65.389 65.435 65.484 65.501 65.433 65.585 65.374 65.464 65.448 65.464 65.42 65.622 65.35 65.358 64.926 64.487 65.311 65.146 64.963 64.767 64.561 64.352 64.143 63.94 63.746 63.564 63.397 63.247 63.006 62.98 62.894 62.527 62.29 62.151 62.487 62.477
69.593 69.386 69.18 68.977 68.777 68.58 68.387 68.198 68.013 67.834 67.66 67.492 67.331 67.176 67.028 66.887 66.753 66.628 66.51 66.401 66.301 66.209 66.127 66.053 65.989 65.934 65.889 65.853 65.827 65.81 65.801 65.802 65.812 65.829 65.854 65.886 65.924 65.966 66.012 66.061 66.109 66.144 66.136 66.073 65.715 66.214 65.881 65.132 65.279 65.337 65.463 65.751 65.815 65.662 65.492 65.309 65.116 64.918 64.719 64.523 64.332 64.151 63.98 63.822 63.678 63.547 63.43 63.327 63.123 63.092 62.962 62.757
69.924 69.725 69.528 69.333 69.141 68.953 68.768 68.587 68.411 68.239 68.073 67.913 67.759 67.611 67.47 67.335 67.209 67.09 66.978 66.875 66.78 66.694 66.616 66.548 66.488 66.437 66.396 66.363 66.339 66.324 66.318 66.32 66.33 66.347 66.372 66.402 66.438 66.478 66.521 66.565 66.609 66.651 66.688 66.718 66.712 66.137 65.718 65.606 65.587 66.298 66.523 66.431 66.307 66.164 66.006 65.834 65.653 65.465 65.274 65.082 64.894 64.712 64.538 64.373 64.219 64.076 63.945 63.825 63.717 63.62 63.534 63.438
70.246 70.056 69.867 69.681 69.497 69.317 69.14 68.967 68.798 68.634 68.476 68.322 68.175 68.034 67.9 67.772 67.652 67.538 67.433 67.335 67.246 67.164 67.092 67.027 66.971 66.924 66.886 66.856 66.835 66.822 66.817 66.82 66.83 66.847 66.871 66.9 66.934 66.971 67.011 67.052 67.091 67.129 67.161 67.187 67.204 67.21 67.202 67.177 67.139 67.08 67.002 66.904 66.789 66.656 66.507 66.345 66.173 65.993 65.808 65.621 65.435 65.251 65.073 64.901 64.737 64.582 64.437 64.302 64.177 64.063 63.96 63.822
70.562 70.38 70.199 70.02 69.844 69.672 69.502 69.337 69.176 69.019 68.867 68.721 68.581 68.446 68.318 68.197 68.082 67.975 67.874 67.782 67.697 67.621 67.552 67.492 67.44 67.396 67.36 67.333 67.314 67.302 67.299 67.302 67.313 67.33 67.353 67.38 67.412 67.447 67.484 67.521 67.558 67.591 67.62 67.643 67.657 67.661 67.652 67.629 67.59 67.534 67.461 67.37 67.261 67.137 66.997 66.844 66.679 66.506 66.326 66.142 65.956 65.77 65.587 65.408 65.234 65.068 64.909 64.759 64.618 64.487 64.366 64.199
70.871 70.696 70.523 70.352 70.183 70.018 69.856 69.697 69.543 69.394 69.249 69.109 68.975 68.847 68.725 68.609 68.5 68.398 68.303 68.215 68.135 68.063 67.998 67.942 67.893 67.852 67.819 67.794 67.776 67.766 67.764 67.768 67.778 67.795 67.817 67.843 67.874 67.906 67.941 67.975 68.009 68.04 68.066 68.086 68.098 68.101 68.091 68.069 68.033 67.98 67.912 67.827 67.726 67.608 67.476 67.33 67.173 67.005 66.828 66.646 66.46 66.271 66.082 65.895 65.712 65.533 65.361 65.196 65.039 64.891 64.753 64.625
71.172 71.005 70.839 70.675 70.514 70.356 70.2 70.049 69.901 69.758 69.62 69.487 69.359 69.236 69.12 69.01 68.906 68.809 68.719 68.636 68.56 68.491 68.43 68.377 68.331 68.293 68.262 68.239 68.223 68.215 68.213 68.217 68.228 68.244 68.265 68.29 68.319 68.35 68.382 68.414 68.446 68.474 68.499 68.517 68.528 68.53 68.522 68.501 68.467 68.419 68.356 68.277 68.182 68.072 67.946 67.807 67.655 67.491 67.318 67.136 66.948 66.755 66.56 66.365 66.171 65.98 65.793 65.613 65.44 65.275 65.12 64.975
71.467 71.306 71.148 70.991 70.836 70.685 70.536 70.391 70.25 70.113 69.981 69.854 69.731 69.615 69.504 69.399 69.3 69.208 69.122 69.043 68.971 68.906 68.849 68.798 68.755 68.719 68.691 68.669 68.655 68.647 68.646 68.651 68.661 68.677 68.697 68.721 68.748 68.778 68.808 68.839 68.869 68.896 68.919 68.936 68.947 68.95 68.943 68.924 68.894 68.85 68.792 68.719 68.63 68.527 68.408 68.275 68.128 67.967 67.796 67.613 67.423 67.225 67.023 66.818 66.612 66.408 66.207 66.011 65.821 65.64 65.467 65.304
71.755 71.601 71.449 71.299 71.151 71.006 70.863 70.725 70.59 70.459 70.332 70.211 70.094 69.982 69.876 69.776 69.682 69.594 69.513 69.438 69.369 69.308 69.253 69.206 69.165 69.132 69.105 69.085 69.071 69.064 69.064 69.069 69.079 69.094 69.114 69.137 69.163 69.191 69.22 69.25 69.278 69.304 69.326 69.344 69.355 69.359 69.354 69.339 69.312 69.273 69.22 69.153 69.072 68.975 68.862 68.735 68.592 68.434 68.263 68.08 67.885 67.682 67.471 67.256 67.038 66.819 66.603 66.39 66.183 65.984 65.794 65.614
72.036 71.889 71.743 71.599 71.457 71.318 71.182 71.049 70.92 70.795 70.674 70.557 70.446 70.339 70.238 70.142 70.053 69.969 69.891 69.82 69.755 69.696 69.645 69.6 69.561 69.53 69.504 69.486 69.473 69.467 69.466 69.472 69.482 69.496 69.515 69.538 69.563 69.59 69.618 69.646 69.674 69.699 69.722 69.74 69.752 69.758 69.755 69.744 69.721 69.687 69.641 69.58 69.505 69.415 69.309 69.187 69.048 68.893 68.722 68.536 68.337 68.126 67.906 67.679 67.447 67.214 66.981 66.751 66.526 66.309 66.1 65.902
72.311 72.17 72.03 71.892 71.756 71.623 71.492 71.365 71.241 71.121 71.006 70.894 70.787 70.686 70.589 70.498 70.412 70.332 70.258 70.19 70.128 70.072 70.023 69.98 69.944 69.914 69.89 69.872 69.861 69.855 69.855 69.86 69.87 69.884 69.902 69.924 69.948 69.974 70.002 70.029 70.056 70.082 70.104 70.123 70.137 70.145 70.146 70.138 70.121 70.093 70.053 69.999 69.932 69.848 69.749 69.632 69.497 69.344 69.173 68.984 68.779 68.56 68.329 68.088 67.842 67.591 67.341 67.092 66.849 66.613 66.386 66.169
72.579 72.444 72.31 72.177 72.047 71.919 71.794 71.672 71.554 71.439 71.328 71.221 71.119 71.022 70.929 70.842 70.76 70.683 70.612 70.548 70.489 70.436 70.389 70.348 70.313 70.285 70.262 70.245 70.234 70.229 70.229 70.234 70.243 70.257 70.275 70.296 70.319 70.344 70.371 70.398 70.425 70.451 70.474 70.495 70.511 70.522 70.526 70.523 70.511 70.489 70.455 70.41 70.35 70.274 70.182 70.071 69.94 69.789 69.617 69.425 69.213 68.984 68.741 68.485 68.221 67.953 67.683 67.415 67.152 66.896 66.65 66.415
72.842 72.711 72.583 72.456 72.331 72.208 72.088 71.971 71.858 71.748 71.641 71.539 71.441 71.348 71.259 71.175 71.097 71.024 70.956 70.894 70.837 70.786 70.742 70.703 70.669 70.642 70.62 70.604 70.594 70.589 70.589 70.594 70.603 70.616 70.633 70.653 70.676 70.701 70.727 70.754 70.781 70.807 70.831 70.853 70.872 70.885 70.894 70.895 70.889 70.874 70.848 70.81 70.624 70.683 70.607 70.503 70.377 70.229 70.056 69.86 69.64 69.4 69.142 68.869 68.586 68.297 68.007 67.718 67.434 67.158 66.892 66.637
73.098 72.973 72.849 72.727 72.607 72.489 72.374 72.262 72.153 72.047 71.945 71.847 71.753 71.664 71.579 71.498 71.423 71.353 71.288 71.228 71.174 71.125 71.082 71.045 71.013 70.987 70.966 70.95 70.94 70.935 70.935 70.939 70.948 70.961 70.977 70.997 71.019 71.043 71.069 71.096 71.123 71.149 71.175 71.198 71.219 71.236 71.248 71.255 71.255 71.247 71.229 71.028 70.992 71.074 71.025 70.929 70.81 70.664 70.491 70.29 70.061 69.807 69.532 69.24 68.936 68.625 68.311 68 67.694 67.396 67.11 66.837
73.347 73.227 73.109 72.991 72.876 72.763 72.653 72.545 72.44 72.338 72.24 72.146 72.056 71.97 71.888 71.811 71.739 71.671 71.609 71.552 71.499 71.453 71.411 71.375 71.344 71.319 71.299 71.283 71.273 71.268 71.268 71.272 71.28 71.292 71.308 71.326 71.348 71.371 71.397 71.423 71.45 71.478 71.504 71.529 71.552 71.573 71.589 71.601 71.608 71.607 71.598 71.281 71.256 71.361 71.435 71.348 71.236 71.095 70.922 70.716 70.477 70.208 69.913 69.598 69.269 68.933 68.595 68.259 67.93 67.611 67.305 67.012
73.591 73.476 73.362 73.249 73.138 73.029 72.923 72.82 72.719 72.621 72.527 72.436 72.35 72.267 72.188 72.114 72.044 71.979 71.919 71.864 71.814 71.768 71.728 71.693 71.663 71.638 71.619 71.604 71.594 71.588 71.587 71.591 71.598 71.61 71.624 71.642 71.663 71.686 71.71 71.737 71.764 71.791 71.819 71.846 71.871 71.894 71.915 71.932 71.944 71.951 71.951 71.9 71.39 71.754 71.834 71.759 71.657 71.523 71.351 71.139 70.888 70.601 70.283 69.942 69.586 69.222 68.856 68.495 68.142 67.801 67.473 67.161
73.829 73.718 73.608 73.5 73.393 73.289 73.186 73.087 72.99 72.896 72.805 72.718 72.634 72.554 72.479 72.407 72.34 72.277 72.219 72.165 72.117 72.073 72.034 72 71.97 71.946 71.926 71.911 71.901 71.896 71.894 71.897 71.903 71.914 71.927 71.944 71.964 71.986 72.01 72.036 72.063 72.09 72.118 72.146 72.174 72.2 72.224 72.246 72.264 72.278 72.287 72.288 72.28 72.258 72.22 72.16 72.071 71.946 71.778 71.561 71.296 70.986 70.641 70.269 69.882 69.487 69.093 68.705 68.327 67.963 67.615 67.284
74.062 73.954 73.849 73.744 73.641 73.541 73.442 73.346 73.253 73.162 73.075 72.99 72.91 72.833 72.76 72.69 72.625 72.565 72.508 72.456 72.409 72.366 72.328 72.295 72.266 72.242 72.222 72.207 72.196 72.19 72.188 72.19 72.195 72.205 72.217 72.233 72.251 72.272 72.295 72.32 72.346 72.374 72.402 72.431 72.46 72.488 72.515 72.541 72.565 72.586 72.603 72.614 72.618 72.611 72.59 72.547 72.475 72.364 72.203 71.982 71.7 71.363 70.984 70.577 70.154 69.726 69.301 68.885 68.482 68.096 67.728 67.38
74.288 74.185 74.083 73.982 73.883 73.786 73.691 73.598 73.508 73.421 73.336 73.255 73.177 73.102 73.031 72.964 72.901 72.842 72.788 72.737 72.691 72.649 72.612 72.579 72.55 72.526 72.506 72.491 72.479 72.472 72.469 72.47 72.474 72.482 72.493 72.508 72.525 72.544 72.566 72.59 72.615 72.642 72.67 72.699 72.728 72.758 72.788 72.817 72.845 72.872 72.896 72.917 72.932 72.94 72.936 72.914 72.865 72.775 72.625 72.402 72.1 71.729 71.309 70.86 70.397 69.934 69.477 69.033 68.606 68.199 67.812 67.447
74.509 74.41 74.311 74.214 74.118 74.024 73.932 73.843 73.756 73.671 73.59 73.511 73.435 73.363 73.294 73.229 73.168 73.111 73.057 73.008 72.962 72.921 72.884 72.852 72.823 72.799 72.779 72.763 72.751 72.743 72.738 72.738 72.741 72.747 72.757 72.769 72.784 72.802 72.822 72.844 72.868 72.894 72.921 72.95 72.979 73.009 73.04 73.071 73.102 73.133 73.163 73.191 73.217 73.238 73.252 73.252 73.231 73.17 73.043 72.82 72.489 72.065 71.604 71.108 70.604 70.104 69.616 69.145 68.695 68.269 67.866 67.486
74.725 74.628 74.533 74.439 74.347 74.256 74.167 74.081 73.996 73.914 73.835 73.759 73.686 73.616 73.549 73.485 73.426 73.37 73.317 73.269 73.224 73.183 73.147 73.114 73.085 73.061 73.04 73.023 73.01 73.001 72.995 72.993 72.995 72.999 73.007 73.017 73.03 73.046 73.064 73.084 73.106 73.13 73.156 73.183 73.211 73.24 73.271 73.302 73.334 73.367 73.4 73.434 73.467 73.498 73.526 73.548 73.555 73.533 73.444 73.181 72.849 72.385 71.857 71.312 70.767 70.232 69.715 69.219 68.749 68.305 67.888 67.496
74.935 74.842 74.75 74.659 74.569 74.482 74.396 74.312 74.23 74.15 74.073 73.999 73.928 73.86 73.795 73.733 73.674 73.619 73.568 73.52 73.476 73.436 73.399 73.366 73.337 73.312 73.291 73.273 73.259 73.248 73.241 73.237 73.236 73.239 73.244 73.252 73.263 73.276 73.292 73.309 73.329 73.35 73.373 73.398 73.424 73.451 73.48 73.51 73.541 73.573 73.607 73.641 73.677 73.713 73.749 73.784 73.813 73.828 73.794 73.606 73.178 72.627 72.043 71.455 70.876 70.312 69.77 69.253 68.766 68.309 67.881 67.479
75.14 75.05 74.961 74.873 74.786 74.701 74.617 74.536 74.456 74.379 74.304 74.232 74.163 74.096 74.032 73.972 73.914 73.86 73.81 73.762 73.719 73.678 73.642 73.608 73.579 73.553 73.53 73.511 73.496 73.484 73.475 73.469 73.466 73.466 73.469 73.474 73.482 73.493 73.505 73.52 73.536 73.554 73.574 73.595 73.618 73.642 73.668 73.694 73.722 73.751 73.781 73.812 73.844 73.878 73.912 73.946 73.977 73.999 73.985 73.819 73.34 72.75 72.14 71.529 70.928 70.343 69.781 69.247 68.747 68.281 67.846 67.438
75.34 75.252 75.166 75.08 74.996 74.914 74.832 74.753 74.676 74.601 74.528 74.457 74.39 74.324 74.262 74.203 74.146 74.093 74.043 73.996 73.952 73.912 73.875 73.841 73.811 73.784 73.76 73.74 73.722 73.708 73.697 73.689 73.684 73.682 73.682 73.684 73.689 73.696 73.705 73.716 73.728 73.743 73.758 73.775 73.794 73.813 73.833 73.854 73.876 73.899 73.922 73.946 73.969 73.992 74.013 74.03 74.037 74.023 73.95 73.729 73.27 72.702 72.107 71.527 70.924 70.31 69.752 69.206 68.697 68.226 67.788 67.378
75.535 75.45 75.366 75.283 75.201 75.121 75.042 74.964 74.889 74.816 74.745 74.676 74.609 74.545 74.484 74.425 74.37 74.317 74.267 74.22 74.176 74.136 74.098 74.064 74.033 74.005 73.98 73.958 73.939 73.923 73.909 73.899 73.891 73.885 73.882 73.882 73.883 73.886 73.891 73.898 73.906 73.916 73.926 73.938 73.951 73.964 73.978 73.992 74.006 74.02 74.033 74.045 74.054 74.059 74.058 74.046 74.014 73.945 73.805 73.43 73.081 72.594 71.829 71.445 70.356 70.175 69.432 68.719 68.626 68.153 67.716 67.304
