raw_data/humedad_relativa/hora15/rh15oct.txt
ncols         501
nrows         361
xllcorner     109.95
yllcorner     -45.05
cellsize      0.1
NODATA_value  -9999
[rows 288 to 319 of 361, columns 0 to 71 of 501]
72.266 72.256 72.246 72.235 72.222 72.209 72.194 72.179 72.162 72.144 72.125 72.105 72.084 72.061 72.038 72.013 71.986 71.959 71.93 71.899 71.868 71.834 71.8 71.764 71.727 71.688 71.647 71.605 71.562 71.516 71.47 71.421 71.372 71.32 71.267 71.212 71.155 71.097 71.037 70.976 70.913 70.848 70.781 70.713 70.644 70.573 70.5 70.426 70.351 70.274 70.196 70.117 70.037 69.956 69.874 69.792 69.709 69.625 69.541 69.458 69.374 69.29 69.207 69.124 69.042 68.961 68.881 68.803 68.726 68.65 68.577 68.506
72.378 72.369 72.359 72.348 72.336 72.323 72.309 72.294 72.278 72.261 72.242 72.223 72.202 72.18 72.157 72.133 72.107 72.08 72.052 72.023 71.992 71.96 71.926 71.891 71.855 71.817 71.777 71.736 71.694 71.65 71.605 71.558 71.509 71.459 71.407 71.354 71.299 71.243 71.184 71.125 71.064 71.001 70.936 70.871 70.803 70.735 70.664 70.593 70.52 70.446 70.371 70.295 70.218 70.14 70.062 69.982 69.903 69.822 69.742 69.662 69.581 69.501 69.422 69.343 69.264 69.187 69.111 69.036 68.962 68.89 68.82 68.752
72.489 72.481 72.471 72.461 72.449 72.437 72.424 72.409 72.394 72.377 72.359 72.34 72.32 72.299 72.276 72.253 72.228 72.202 72.174 72.146 72.116 72.084 72.052 72.018 71.982 71.945 71.907 71.867 71.826 71.783 71.739 71.693 71.646 71.598 71.547 71.496 71.442 71.387 71.331 71.273 71.214 71.153 71.091 71.027 70.962 70.896 70.828 70.759 70.689 70.618 70.545 70.472 70.398 70.323 70.248 70.171 70.095 70.018 69.941 69.864 69.787 69.71 69.634 69.558 69.484 69.41 69.337 69.265 69.195 69.126 69.06 68.995
72.6 72.592 72.583 72.573 72.562 72.551 72.538 72.524 72.509 72.493 72.475 72.457 72.438 72.417 72.395 72.372 72.348 72.323 72.296 72.268 72.239 72.209 72.177 72.144 72.109 72.074 72.036 71.998 71.958 71.916 71.873 71.829 71.783 71.736 71.687 71.637 71.585 71.532 71.477 71.421 71.364 71.305 71.245 71.183 71.12 71.056 70.991 70.924 70.857 70.788 70.719 70.648 70.577 70.505 70.432 70.359 70.286 70.212 70.138 70.064 69.99 69.917 69.844 69.772 69.7 69.63 69.56 69.492 69.425 69.359 69.296 69.234
72.711 72.703 72.695 72.685 72.675 72.664 72.651 72.638 72.623 72.608 72.591 72.574 72.555 72.535 72.514 72.492 72.468 72.444 72.418 72.391 72.362 72.333 72.302 72.27 72.236 72.201 72.165 72.128 72.089 72.049 72.007 71.964 71.919 71.873 71.826 71.777 71.727 71.676 71.623 71.569 71.513 71.456 71.398 71.339 71.278 71.216 71.153 71.089 71.024 70.958 70.891 70.823 70.754 70.685 70.615 70.545 70.475 70.404 70.333 70.262 70.192 70.122 70.052 69.983 69.914 69.847 69.781 69.715 69.651 69.589 69.528 69.469
72.821 72.814 72.806 72.797 72.787 72.776 72.764 72.752 72.738 72.723 72.707 72.69 72.671 72.652 72.632 72.61 72.588 72.564 72.539 72.513 72.485 72.456 72.426 72.395 72.363 72.329 72.294 72.257 72.22 72.181 72.14 72.098 72.055 72.011 71.965 71.918 71.869 71.819 71.768 71.716 71.662 71.607 71.551 71.493 71.435 71.375 71.314 71.252 71.19 71.126 71.062 70.996 70.93 70.864 70.797 70.73 70.662 70.594 70.526 70.459 70.391 70.324 70.257 70.191 70.126 70.062 69.998 69.936 69.875 69.816 69.758 69.702
72.931 72.925 72.917 72.908 72.899 72.889 72.877 72.865 72.852 72.837 72.822 72.805 72.788 72.769 72.75 72.729 72.707 72.684 72.659 72.634 72.607 72.58 72.551 72.52 72.489 72.456 72.422 72.387 72.35 72.312 72.273 72.232 72.191 72.148 72.103 72.058 72.011 71.962 71.913 71.862 71.81 71.757 71.703 71.647 71.591 71.533 71.475 71.415 71.355 71.293 71.231 71.169 71.105 71.042 70.977 70.913 70.848 70.783 70.718 70.653 70.589 70.524 70.461 70.398 70.335 70.274 70.213 70.154 70.096 70.039 69.984 69.93
73.041 73.035 73.027 73.019 73.01 73.001 72.99 72.978 72.965 72.951 72.936 72.921 72.904 72.886 72.867 72.847 72.825 72.803 72.78 72.755 72.729 72.702 72.674 72.645 72.614 72.583 72.55 72.515 72.48 72.443 72.405 72.366 72.326 72.284 72.241 72.197 72.151 72.105 72.057 72.008 71.958 71.907 71.854 71.801 71.746 71.691 71.634 71.577 71.519 71.46 71.4 71.34 71.279 71.218 71.156 71.094 71.032 70.97 70.908 70.846 70.784 70.723 70.662 70.601 70.542 70.483 70.425 70.369 70.313 70.259 70.207 70.156
73.15 73.144 73.137 73.13 73.121 73.112 73.102 73.09 73.078 73.065 73.051 73.036 73.019 73.002 72.984 72.964 72.944 72.922 72.9 72.876 72.851 72.825 72.798 72.769 72.74 72.709 72.677 72.644 72.61 72.574 72.537 72.499 72.46 72.42 72.378 72.336 72.292 72.247 72.201 72.153 72.105 72.055 72.005 71.953 71.901 71.847 71.793 71.738 71.682 71.625 71.568 71.51 71.452 71.393 71.334 71.274 71.215 71.155 71.096 71.036 70.977 70.919 70.861 70.803 70.746 70.69 70.635 70.581 70.528 70.477 70.427 70.378
73.259 73.253 73.247 73.24 73.232 73.223 73.213 73.203 73.191 73.178 73.165 73.15 73.134 73.118 73.1 73.082 73.062 73.041 73.019 72.996 72.972 72.947 72.921 72.893 72.865 72.835 72.804 72.772 72.739 72.704 72.669 72.632 72.594 72.555 72.515 72.474 72.432 72.388 72.344 72.298 72.251 72.203 72.155 72.105 72.055 72.003 71.951 71.898 71.844 71.789 71.734 71.679 71.623 71.567 71.51 71.453 71.396 71.339 71.282 71.225 71.169 71.113 71.057 71.002 70.948 70.895 70.842 70.791 70.74 70.691 70.644 70.598
73.367 73.362 73.356 73.35 73.342 73.334 73.325 73.314 73.303 73.291 73.278 73.264 73.249 73.233 73.216 73.198 73.179 73.159 73.138 73.116 73.093 73.069 73.043 73.017 72.989 72.96 72.931 72.9 72.868 72.834 72.8 72.765 72.728 72.69 72.652 72.612 72.571 72.529 72.486 72.442 72.397 72.351 72.304 72.256 72.207 72.158 72.108 72.057 72.005 71.953 71.9 71.847 71.793 71.739 71.685 71.63 71.576 71.521 71.467 71.412 71.358 71.305 71.252 71.199 71.147 71.097 71.047 70.998 70.95 70.903 70.858 70.814
73.475 73.471 73.465 73.459 73.452 73.444 73.436 73.426 73.415 73.404 73.391 73.378 73.364 73.348 73.332 73.315 73.297 73.277 73.257 73.236 73.213 73.19 73.165 73.14 73.113 73.085 73.057 73.027 72.996 72.964 72.931 72.897 72.861 72.825 72.788 72.749 72.71 72.669 72.628 72.585 72.542 72.498 72.453 72.407 72.36 72.312 72.264 72.215 72.165 72.115 72.064 72.013 71.962 71.91 71.858 71.806 71.754 71.701 71.649 71.597 71.546 71.495 71.444 71.394 71.345 71.296 71.249 71.202 71.156 71.112 71.069 71.027
73.583 73.579 73.574 73.568 73.562 73.554 73.546 73.537 73.527 73.516 73.504 73.492 73.478 73.463 73.448 73.431 73.413 73.395 73.375 73.355 73.333 73.311 73.287 73.263 73.237 73.21 73.182 73.154 73.124 73.093 73.061 73.028 72.994 72.959 72.923 72.886 72.848 72.809 72.769 72.728 72.686 72.644 72.6 72.556 72.511 72.465 72.419 72.372 72.324 72.276 72.227 72.178 72.129 72.08 72.03 71.98 71.93 71.88 71.83 71.781 71.732 71.683 71.634 71.587 71.54 71.494 71.448 71.404 71.361 71.318 71.278 71.238
73.69 73.686 73.682 73.677 73.671 73.664 73.656 73.648 73.638 73.628 73.617 73.605 73.592 73.578 73.563 73.547 73.53 73.512 73.493 73.474 73.453 73.431 73.409 73.385 73.36 73.334 73.308 73.28 73.251 73.221 73.191 73.159 73.126 73.092 73.058 73.022 72.985 72.948 72.91 72.87 72.83 72.789 72.747 72.705 72.662 72.618 72.573 72.528 72.482 72.436 72.39 72.343 72.295 72.248 72.2 72.153 72.105 72.057 72.01 71.962 71.915 71.869 71.823 71.777 71.733 71.689 71.645 71.603 71.562 71.522 71.483 71.446
73.797 73.794 73.79 73.785 73.78 73.773 73.766 73.758 73.749 73.739 73.729 73.717 73.705 73.692 73.677 73.662 73.646 73.629 73.611 73.592 73.572 73.551 73.53 73.507 73.483 73.458 73.433 73.406 73.378 73.35 73.32 73.289 73.258 73.225 73.192 73.158 73.122 73.086 73.049 73.012 72.973 72.934 72.894 72.853 72.811 72.769 72.726 72.683 72.639 72.595 72.55 72.506 72.46 72.415 72.369 72.324 72.278 72.233 72.187 72.142 72.097 72.053 72.009 71.966 71.923 71.881 71.84 71.8 71.761 71.723 71.686 71.651
73.903 73.901 73.897 73.893 73.888 73.882 73.876 73.868 73.86 73.851 73.841 73.83 73.818 73.805 73.792 73.777 73.762 73.746 73.728 73.71 73.691 73.671 73.65 73.628 73.605 73.582 73.557 73.531 73.505 73.477 73.449 73.419 73.389 73.358 73.326 73.293 73.259 73.224 73.189 73.152 73.115 73.078 73.039 73 72.96 72.92 72.879 72.837 72.795 72.753 72.71 72.667 72.624 72.581 72.537 72.493 72.45 72.407 72.363 72.32 72.278 72.235 72.194 72.152 72.112 72.072 72.033 71.995 71.958 71.922 71.887 71.853
74.01 74.007 74.004 74.001 73.996 73.991 73.985 73.978 73.97 73.961 73.952 73.942 73.93 73.918 73.906 73.892 73.877 73.862 73.845 73.828 73.81 73.79 73.77 73.749 73.728 73.705 73.681 73.656 73.631 73.604 73.577 73.549 73.52 73.49 73.459 73.427 73.395 73.361 73.327 73.293 73.257 73.221 73.184 73.146 73.108 73.069 73.03 72.99 72.95 72.91 72.869 72.828 72.786 72.745 72.703 72.662 72.62 72.579 72.538 72.497 72.456 72.416 72.376 72.337 72.298 72.26 72.223 72.187 72.152 72.118 72.085 72.053
74.115 74.114 74.111 74.108 74.104 74.099 74.093 74.087 74.08 74.072 74.063 74.053 74.043 74.031 74.019 74.006 73.992 73.977 73.962 73.945 73.928 73.909 73.89 73.87 73.849 73.827 73.805 73.781 73.756 73.731 73.705 73.678 73.65 73.621 73.591 73.561 73.53 73.498 73.465 73.432 73.398 73.363 73.328 73.292 73.255 73.218 73.181 73.143 73.104 73.065 73.026 72.987 72.948 72.908 72.868 72.829 72.789 72.75 72.71 72.671 72.633 72.594 72.556 72.519 72.483 72.447 72.411 72.377 72.344 72.311 72.28 72.25
74.221 74.22 74.218 74.215 74.211 74.207 74.202 74.196 74.189 74.182 74.174 74.164 74.155 74.144 74.132 74.12 74.107 74.093 74.078 74.062 74.045 74.028 74.01 73.99 73.97 73.949 73.928 73.905 73.882 73.857 73.832 73.806 73.779 73.752 73.724 73.694 73.665 73.634 73.603 73.571 73.538 73.505 73.471 73.436 73.401 73.366 73.33 73.294 73.257 73.22 73.183 73.145 73.108 73.07 73.032 72.994 72.956 72.919 72.881 72.844 72.807 72.771 72.735 72.7 72.665 72.631 72.597 72.565 72.533 72.503 72.473 72.445
74.326 74.325 74.324 74.321 74.318 74.314 74.31 74.305 74.298 74.291 74.284 74.275 74.266 74.256 74.245 74.233 74.221 74.208 74.193 74.178 74.163 74.146 74.129 74.11 74.091 74.071 74.05 74.029 74.006 73.983 73.959 73.934 73.908 73.882 73.855 73.827 73.799 73.769 73.739 73.709 73.677 73.646 73.613 73.58 73.547 73.513 73.479 73.444 73.409 73.374 73.338 73.302 73.266 73.23 73.194 73.158 73.122 73.086 73.051 73.015 72.98 72.946 72.912 72.878 72.845 72.813 72.781 72.751 72.721 72.692 72.664 72.637
74.431 74.431 74.429 74.428 74.425 74.422 74.418 74.413 74.407 74.401 74.394 74.386 74.377 74.368 74.358 74.347 74.335 74.322 74.309 74.295 74.28 74.264 74.247 74.23 74.211 74.192 74.172 74.152 74.13 74.108 74.085 74.061 74.037 74.012 73.986 73.959 73.932 73.904 73.875 73.846 73.816 73.786 73.755 73.723 73.691 73.659 73.626 73.593 73.56 73.526 73.492 73.458 73.424 73.389 73.355 73.321 73.287 73.253 73.219 73.185 73.152 73.119 73.087 73.055 73.024 72.993 72.963 72.934 72.906 72.878 72.852 72.827
74.535 74.535 74.535 74.533 74.531 74.528 74.525 74.521 74.516 74.51 74.503 74.496 74.488 74.479 74.47 74.459 74.448 74.436 74.424 74.41 74.396 74.381 74.365 74.349 74.331 74.313 74.294 74.275 74.254 74.233 74.211 74.188 74.165 74.141 74.116 74.091 74.065 74.038 74.01 73.983 73.954 73.925 73.895 73.865 73.835 73.804 73.773 73.741 73.709 73.677 73.645 73.612 73.58 73.547 73.515 73.482 73.45 73.417 73.385 73.353 73.322 73.291 73.26 73.23 73.2 73.171 73.143 73.115 73.089 73.063 73.038 73.014
74.64 74.64 74.64 74.639 74.637 74.635 74.632 74.628 74.624 74.618 74.613 74.606 74.598 74.59 74.581 74.572 74.561 74.55 74.538 74.526 74.512 74.498 74.483 74.467 74.451 74.433 74.415 74.397 74.377 74.357 74.336 74.315 74.292 74.269 74.246 74.222 74.197 74.171 74.145 74.118 74.091 74.064 74.035 74.007 73.978 73.948 73.919 73.888 73.858 73.828 73.797 73.766 73.735 73.704 73.673 73.642 73.611 73.58 73.55 73.52 73.49 73.46 73.431 73.403 73.375 73.347 73.321 73.295 73.27 73.245 73.222 73.2
74.743 74.744 74.745 74.744 74.743 74.741 74.739 74.735 74.731 74.727 74.721 74.715 74.709 74.701 74.693 74.684 74.674 74.664 74.652 74.64 74.628 74.614 74.6 74.585 74.57 74.553 74.536 74.518 74.5 74.481 74.461 74.44 74.419 74.397 74.375 74.352 74.328 74.304 74.279 74.254 74.228 74.201 74.174 74.147 74.12 74.092 74.063 74.035 74.006 73.977 73.947 73.918 73.889 73.859 73.83 73.8 73.771 73.742 73.713 73.685 73.656 73.628 73.601 73.574 73.548 73.522 73.497 73.472 73.449 73.426 73.404 73.383
74.847 74.848 74.849 74.849 74.848 74.847 74.845 74.842 74.839 74.835 74.83 74.824 74.818 74.811 74.804 74.795 74.786 74.777 74.766 74.755 74.743 74.73 74.717 74.703 74.688 74.673 74.657 74.64 74.622 74.604 74.585 74.566 74.545 74.525 74.503 74.481 74.459 74.436 74.412 74.388 74.363 74.338 74.313 74.287 74.261 74.234 74.207 74.18 74.152 74.125 74.097 74.069 74.041 74.013 73.985 73.958 73.93 73.902 73.875 73.848 73.821 73.795 73.769 73.743 73.719 73.694 73.671 73.648 73.625 73.604 73.583 73.564
74.95 74.952 74.953 74.953 74.953 74.952 74.951 74.949 74.946 74.942 74.938 74.933 74.928 74.921 74.914 74.907 74.898 74.889 74.879 74.869 74.858 74.846 74.833 74.82 74.806 74.792 74.776 74.76 74.744 74.727 74.709 74.69 74.671 74.651 74.631 74.61 74.589 74.567 74.545 74.522 74.498 74.474 74.45 74.426 74.401 74.375 74.35 74.324 74.298 74.272 74.245 74.219 74.193 74.166 74.14 74.113 74.087 74.061 74.035 74.01 73.984 73.96 73.935 73.911 73.888 73.865 73.843 73.821 73.8 73.78 73.761 73.742
75.053 75.055 75.057 75.058 75.058 75.057 75.056 75.055 75.052 75.049 75.046 75.042 75.037 75.031 75.025 75.018 75.01 75.001 74.992 74.983 74.972 74.961 74.949 74.937 74.924 74.91 74.896 74.881 74.865 74.849 74.832 74.814 74.796 74.778 74.758 74.739 74.718 74.698 74.676 74.655 74.632 74.61 74.587 74.563 74.54 74.516 74.492 74.467 74.443 74.418 74.393 74.368 74.343 74.318 74.293 74.268 74.243 74.218 74.194 74.17 74.146 74.123 74.1 74.077 74.055 74.034 74.013 73.993 73.973 73.954 73.936 73.919
75.155 75.158 75.16 75.161 75.162 75.162 75.162 75.161 75.159 75.156 75.153 75.15 75.145 75.14 75.134 75.128 75.121 75.113 75.105 75.096 75.086 75.076 75.065 75.053 75.041 75.028 75.015 75.001 74.986 74.97 74.954 74.938 74.921 74.903 74.885 74.866 74.847 74.827 74.807 74.787 74.766 74.744 74.723 74.701 74.678 74.655 74.633 74.609 74.586 74.563 74.539 74.515 74.492 74.468 74.445 74.421 74.398 74.374 74.351 74.329 74.306 74.284 74.263 74.242 74.221 74.201 74.181 74.162 74.144 74.126 74.11 74.094
75.257 75.261 75.263 75.265 75.266 75.267 75.267 75.266 75.265 75.263 75.26 75.257 75.253 75.249 75.244 75.238 75.232 75.225 75.217 75.209 75.2 75.19 75.18 75.169 75.158 75.146 75.133 75.12 75.106 75.091 75.076 75.061 75.045 75.028 75.011 74.993 74.975 74.957 74.938 74.918 74.898 74.878 74.858 74.837 74.816 74.794 74.773 74.751 74.729 74.706 74.684 74.662 74.64 74.617 74.595 74.573 74.551 74.529 74.507 74.486 74.465 74.444 74.424 74.404 74.385 74.366 74.348 74.33 74.313 74.297 74.281 74.266
75.359 75.363 75.366 75.368 75.37 75.371 75.371 75.371 75.37 75.369 75.367 75.364 75.361 75.357 75.353 75.348 75.342 75.336 75.329 75.321 75.313 75.304 75.295 75.285 75.274 75.263 75.251 75.239 75.226 75.212 75.198 75.183 75.168 75.153 75.136 75.12 75.103 75.085 75.067 75.049 75.03 75.011 74.992 74.972 74.952 74.932 74.912 74.891 74.87 74.849 74.828 74.807 74.786 74.765 74.744 74.723 74.703 74.682 74.662 74.642 74.622 74.603 74.584 74.565 74.547 74.53 74.513 74.496 74.48 74.465 74.451 74.437
75.461 75.465 75.468 75.471 75.473 75.474 75.475 75.476 75.476 75.475 75.473 75.471 75.469 75.465 75.462 75.457 75.452 75.446 75.44 75.433 75.426 75.418 75.409 75.4 75.39 75.379 75.368 75.357 75.345 75.332 75.319 75.305 75.291 75.276 75.261 75.246 75.229 75.213 75.196 75.179 75.161 75.143 75.125 75.107 75.088 75.069 75.05 75.03 75.011 74.991 74.971 74.952 74.932 74.912 74.892 74.873 74.853 74.834 74.815 74.796 74.778 74.76 74.742 74.725 74.708 74.692 74.676 74.66 74.646 74.632 74.619 74.606
75.562 75.566 75.57 75.573 75.576 75.578 75.579 75.58 75.581 75.58 75.579 75.578 75.576 75.573 75.57 75.566 75.562 75.557 75.551 75.545 75.538 75.531 75.523 75.514 75.505 75.495 75.485 75.474 75.463 75.451 75.439 75.426 75.413 75.399 75.385 75.371 75.356 75.34 75.324 75.308 75.292 75.275 75.258 75.24 75.223 75.205 75.187 75.168 75.15 75.132 75.113 75.095 75.076 75.058 75.039 75.021 75.003 74.985 74.967 74.949 74.932 74.915 74.899 74.883 74.867 74.852 74.837 74.823 74.81 74.797 74.784 74.773
