raw_data/humedad_relativa/hora15/rh15may.txt
ncols         501
nrows         361
xllcorner     109.95
yllcorner     -45.05
cellsize      0.1
NODATA_value  -9999
[rows 96 to 127 of 361, columns 288 to 359 of 501]
32.403 32.507 32.594 32.577 32.619 32.659 32.705 32.76 32.782 32.819 32.852 32.911 32.963 33.007 33.058 33.125 33.186 33.242 33.275 33.275 33.326 33.375 33.418 33.475 33.534 33.585 33.659 33.736 33.823 33.931 34.04 34.164 34.297 34.447 34.608 34.793 35.092 35.276 35.643 36.325 36.407 36.64 36.775 37.113 37.54 37.885 38.395 39.325 39.766 41.053 42.07 43.041 43.18 43.783 44.66 45.852 46.684 47.643 48.531 49.531 50.332 51.308 52.091 52.981 54.102 54.837 55.792 56.939 57.679 58.582 58.892 59.258
32.301 32.404 32.403 32.298 32.311 32.377 32.419 32.461 32.497 32.531 32.557 32.633 32.722 32.752 32.775 32.813 32.904 32.944 32.946 32.988 33.035 33.088 33.119 33.185 33.241 33.295 33.368 33.445 33.535 33.642 33.757 33.884 34.018 34.173 34.34 34.526 34.739 35.072 35.295 35.692 36.073 36.39 36.573 36.98 37.384 37.712 38.498 38.915 39.872 41.058 41.548 42.655 43.441 43.507 44.38 45.196 46.119 47.038 48.143 48.813 49.675 50.787 51.474 52.424 53.384 54.329 55.261 56.177 56.966 58.107 58.659 59.275
32.192 32.224 32.198 32.025 32.049 32.139 32.158 32.174 32.197 32.234 32.276 32.36 32.442 32.469 32.503 32.549 32.604 32.622 32.663 32.712 32.764 32.802 32.837 32.903 32.96 33.024 33.092 33.174 33.27 33.372 33.488 33.621 33.758 33.919 34.079 34.28 34.487 34.737 34.983 35.333 35.725 36.21 36.403 36.916 37.269 37.594 37.996 38.657 39.312 40.204 41.718 42.353 42.552 43.255 44.128 45.042 45.775 46.858 47.708 48.444 49.216 50.003 50.896 51.95 52.695 53.571 54.406 55.353 56.276 57.134 58.202 58.767
31.922 31.591 31.6 31.751 31.881 31.905 31.93 32.218 31.998 32.017 32.008 32.101 32.165 32.212 32.247 32.306 32.348 32.359 32.395 32.448 32.502 32.531 32.586 32.641 32.694 32.76 32.833 32.92 32.994 33.112 33.232 33.358 33.505 33.659 33.832 34.013 34.236 34.466 34.746 35.03 35.432 36.119 36.214 36.854 37.073 37.438 37.977 38.488 39.391 40.06 41.556 42.101 42.409 43.167 43.814 44.602 45.382 46.298 47.103 48.163 48.798 49.507 50.319 51.429 52.152 53.015 53.789 54.69 55.703 56.3 57.439 58.366
31.751 31.696 31.619 31.9 31.637 31.743 31.925 31.813 31.733 31.754 31.79 31.86 31.916 31.953 31.994 32.075 32.108 32.13 32.14 32.191 32.236 32.281 32.341 32.384 32.443 32.513 32.59 32.667 32.769 32.861 32.979 33.109 33.266 33.417 33.597 33.793 34 34.229 34.492 34.782 35.127 35.584 35.997 36.436 37.016 37.451 37.832 38.726 39.24 40.046 40.806 41.732 43.091 42.78 44.193 44.907 45.058 45.886 46.689 47.642 48.392 49.218 49.858 50.728 51.444 52.285 53.162 53.952 54.764 55.491 56.892 57.627
31.206 31.332 31.293 31.683 31.735 31.877 31.589 31.701 31.599 31.58 31.585 31.585 31.659 31.72 31.774 31.843 31.881 31.871 31.896 31.944 31.988 32.04 32.1 32.156 32.202 32.27 32.352 32.45 32.53 32.622 32.745 32.882 33.027 33.19 33.371 33.563 33.786 34.01 34.272 34.573 34.91 35.254 35.696 36.167 36.83 37.347 37.756 38.203 39.104 39.859 40.791 41.59 42.243 43.143 44.088 44.638 44.74 45.575 46.323 47.216 48.083 48.532 49.558 50.417 51.116 52.217 52.595 53.715 54.229 54.84 55.709 56.926
31.065 31.27 31.176 31.527 31.313 31.554 31.453 31.56 31.388 31.352 31.395 31.388 31.43 31.508 31.548 31.623 31.608 31.664 31.682 31.71 31.771 31.821 31.868 31.926 31.974 32.04 32.122 32.214 32.295 32.394 32.519 32.649 32.8 32.962 33.143 33.323 33.567 33.805 34.038 34.342 34.68 35.035 35.416 35.878 36.541 37.189 37.787 37.945 38.708 39.345 40.318 41.084 42.171 43.076 43.192 44.144 44.477 45.252 45.973 47.131 47.57 48.136 49.035 49.912 50.506 51.448 51.938 52.672 54.036 54.297 54.953 56.131
30.876 31.065 31.041 31.449 31.46 31.621 31.629 31.622 31.428 31.215 31.187 31.172 31.167 31.308 31.367 31.407 31.407 31.517 31.529 31.515 31.54 31.595 31.65 31.707 31.762 31.817 31.913 31.988 32.077 32.175 32.286 32.426 32.569 32.727 32.906 33.09 33.329 33.573 33.828 34.12 34.443 34.811 35.194 35.61 36.098 36.917 37.563 37.986 38.408 39.083 39.986 40.68 41.832 42.407 43.244 43.903 44.233 44.999 46.205 46.574 47.084 47.869 48.701 49.44 49.983 50.61 51.387 52.325 53.1 53.717 54.303 55.19
30.234 30.451 30.966 31.044 31.246 31.198 31.239 31.029 30.954 30.957 30.989 31.023 31.083 31.12 31.184 31.239 31.212 31.309 31.384 31.347 31.343 31.395 31.449 31.503 31.556 31.618 31.694 31.775 31.867 31.966 32.07 32.204 32.346 32.511 32.691 32.861 33.096 33.345 33.606 33.892 34.204 34.607 35.008 35.443 35.962 36.882 37.65 38.071 38.313 39.049 39.644 40.501 41.511 42.405 43.035 43.699 45.047 45.48 45.623 46.005 46.661 47.289 47.968 48.567 49.411 50.111 50.99 52.216 52.704 53.121 53.702 54.41
30.371 30.525 30.78 30.84 31.121 31.154 30.862 30.854 30.902 30.872 30.873 30.882 30.908 30.975 31.01 31.053 31.036 31.144 31.155 31.192 31.181 31.207 31.255 31.308 31.361 31.427 31.491 31.584 31.668 31.765 31.867 31.985 32.133 32.285 32.467 32.656 32.89 33.135 33.393 33.697 34.008 34.389 34.831 35.305 35.853 36.486 37.19 37.941 38.727 39.315 40.034 41.238 41.505 42.42 42.927 43.858 44.013 44.653 44.791 45.385 46.008 46.665 47.365 48.344 48.903 49.7 50.481 51.252 51.747 52.493 53.056 53.721
30.357 30.385 30.638 30.648 30.882 30.83 30.712 31.061 30.871 30.727 30.69 30.785 30.8 30.691 30.891 30.915 30.891 30.981 30.973 30.973 30.985 31.029 31.077 31.115 31.174 31.236 31.297 31.387 31.48 31.577 31.682 31.792 31.921 32.077 32.264 32.456 32.673 32.908 33.185 33.48 33.805 34.111 34.526 35.061 35.494 36.07 36.799 37.771 38.64 39.329 39.991 40.764 41.794 42.101 42.793 43.385 44.248 44.208 44.521 45.081 45.688 46.411 47.209 47.737 48.518 49.24 49.938 50.584 51.182 51.797 52.412 53.07
30.227 30.268 30.5 30.614 30.744 30.737 30.832 30.773 30.678 30.588 30.597 30.714 30.417 30.639 30.735 30.774 30.749 30.826 30.785 30.785 30.838 30.87 30.899 30.943 30.999 31.059 31.124 31.207 31.298 31.395 31.503 31.614 31.73 31.879 32.056 32.246 32.464 32.691 32.96 33.252 33.545 33.892 34.304 34.702 35.286 35.902 36.348 37.27 38.22 39.08 39.881 40.329 40.897 41.417 42.466 42.812 43.012 43.903 44.084 44.839 45.378 46.052 46.974 47.555 48.001 48.612 49.172 49.826 50.514 51.181 51.84 52.439
30.243 30.287 30.486 30.489 30.509 30.416 30.798 30.814 30.744 30.587 30.794 30.692 30.522 30.539 30.598 30.619 30.59 30.651 30.632 30.633 30.696 30.712 30.747 30.779 30.827 30.891 30.952 31.031 31.122 31.209 31.319 31.441 31.556 31.68 31.851 32.041 32.253 32.485 32.722 32.981 33.319 33.667 34.044 34.486 34.894 35.319 36.24 37.234 37.921 38.548 39.287 39.672 40.18 41.174 42.067 42.551 42.809 43.655 44.142 44.822 45.235 45.947 46.679 47.031 47.76 48.34 48.761 49.335 50.035 50.642 51.246 51.876
30.053 30.166 30.045 30.47 30.569 30.338 30.819 30.762 30.621 30.65 30.65 30.492 30.472 30.417 30.509 30.528 30.468 30.487 30.493 30.507 30.544 30.577 30.591 30.62 30.666 30.727 30.799 30.858 30.944 31.04 31.151 31.262 31.385 31.516 31.662 31.828 32.027 32.247 32.474 32.743 33.038 33.353 33.717 34.152 34.554 35.019 35.699 36.271 37.05 38.006 38.715 39.061 39.915 40.71 41.486 42.37 42.771 43.572 44.02 44.414 45.099 45.733 46.138 46.719 47.224 47.828 48.327 48.914 49.459 50.057 50.676 51.302
29.958 29.677 30.209 30.358 30.485 30.357 30.429 30.574 30.541 30.4 30.365 30.55 30.326 30.315 30.438 30.406 30.35 30.374 30.37 30.396 30.437 30.449 30.466 30.494 30.518 30.573 30.638 30.705 30.781 30.88 30.969 31.068 31.182 31.332 31.46 31.618 31.798 32.008 32.229 32.499 32.766 33.072 33.426 33.821 34.216 34.756 35.257 35.827 36.501 36.931 37.793 38.924 39.36 40.438 41.124 41.943 42.639 43.228 44.035 44.051 44.688 45.203 45.892 46.459 46.938 47.367 47.866 48.399 49.007 49.541 50.135 50.7
29.498 30.028 30.148 30.251 30.32 30.525 30.547 30.696 30.782 30.438 30.388 30.269 30.254 30.241 30.287 30.283 30.272 30.269 30.28 30.298 30.32 30.32 30.348 30.389 30.376 30.427 30.49 30.562 30.636 30.71 30.801 30.891 31.005 31.132 31.291 31.414 31.586 31.773 31.974 32.245 32.486 32.824 33.17 33.494 33.967 34.41 34.894 35.425 35.935 36.569 37.216 37.72 39.029 39.607 40.578 41.479 41.993 42.457 43.409 43.398 44.313 44.797 45.338 45.906 46.314 46.868 47.364 47.897 48.478 49.143 49.622 50.192
29.557 29.854 30.009 30.138 30.305 30.499 30.469 30.535 30.36 30.268 30.48 30.329 30.352 30.173 30.364 30.22 30.197 30.17 30.18 30.194 30.213 30.236 30.236 30.221 30.251 30.302 30.347 30.414 30.492 30.585 30.638 30.727 30.85 30.941 31.075 31.221 31.401 31.561 31.746 31.98 32.224 32.497 32.508 33.218 33.625 34.01 34.518 35.039 35.586 36.17 36.826 37.385 38.226 39.046 39.95 40.831 41.622 42.037 42.881 43.205 43.701 44.26 44.818 45.352 46.023 46.844 47.176 48.539 48.198 48.566 49.184 49.607
29.751 29.832 29.963 30.108 30.526 30.498 30.487 30.55 30.44 30.424 30.353 30.29 30.333 30.175 30.253 30.209 30.108 30.095 30.101 30.103 30.127 30.148 30.132 30.106 30.131 30.182 30.253 30.283 30.347 30.445 30.521 30.578 30.666 30.764 30.882 31.024 31.192 31.39 31.561 31.767 31.992 32.071 32.353 32.892 33.307 33.733 34.207 34.801 35.33 35.813 36.376 37.055 37.904 38.798 39.598 40.241 41.013 41.433 42.333 42.492 42.962 44.141 44.349 45.136 45.904 46.582 46.818 47.182 47.371 47.999 48.421 48.987
29.841 29.857 29.951 30.069 30.344 30.362 30.416 30.341 30.548 30.223 30.267 30.469 30.354 30.13 30.151 30.03 30.019 30.041 30.028 30.053 30.058 30.047 30.007 30.025 30.028 30.064 30.132 30.171 30.229 30.294 30.395 30.482 30.517 30.632 30.737 30.853 30.997 31.169 31.358 31.543 31.755 31.8 32.153 32.528 32.898 33.349 33.793 34.326 34.896 35.423 35.965 36.671 37.352 38.104 38.897 39.821 40.114 40.94 41.586 41.763 43.072 43.571 44.165 44.485 44.718 45.245 45.937 46.323 46.773 47.324 47.868 48.38
29.771 29.791 29.909 30.136 30.192 30.33 30.693 30.588 30.543 30.34 30.337 30.572 30.116 30.581 30.382 29.988 29.991 29.997 29.962 29.961 29.947 29.943 29.926 29.935 29.94 29.952 30.019 30.068 30.135 30.19 30.288 30.395 30.421 30.471 30.58 30.713 30.816 30.972 31.141 31.314 31.513 31.533 31.92 32.18 32.551 32.994 33.476 34.035 34.532 35.099 35.786 36.375 36.703 37.798 38.373 38.873 39.374 40.329 40.902 41.609 42.402 43.234 43.317 44.143 44.815 45.466 45.254 45.759 46.295 46.785 47.318 47.866
29.698 29.904 29.898 30.164 30.223 30.23 30.434 30.262 30.463 30.224 30.577 30.635 30.617 30.244 30.324 30.115 29.997 29.926 29.93 29.982 29.886 29.853 29.864 29.865 29.878 29.895 29.894 29.956 30.035 30.084 30.169 30.27 30.347 30.38 30.452 30.521 30.621 30.729 30.915 31.066 31.229 31.296 31.6 31.884 32.296 32.704 33.173 33.719 34.345 34.967 35.335 35.772 36.443 37.343 37.852 38.382 38.864 39.811 40.428 40.984 41.692 42.386 42.799 43.488 43.94 44.347 44.891 45.347 45.779 46.262 46.602 47.231
29.704 29.794 29.874 29.985 30.124 30.328 30.333 30.264 30.25 30.161 30.283 30.822 30.544 30.298 30.01 30.246 30.004 29.884 29.924 29.894 29.829 29.823 29.82 29.817 29.85 29.865 29.874 29.924 29.951 30.019 30.077 30.159 30.255 30.31 30.378 30.475 30.581 30.699 30.799 30.895 31.027 31.187 31.435 31.587 31.972 32.444 32.921 33.49 34.104 34.496 34.947 35.503 36.086 36.727 37.467 38.114 38.593 39.389 39.906 40.566 41.133 41.772 42.347 43.012 43.571 44 44.342 44.964 45.272 45.788 46.297 46.685
29.692 29.803 29.903 30.023 30.141 30.334 30.455 30.248 30.53 30.404 30.389 30.876 30.358 30.059 30.427 30.435 29.952 29.849 30.13 30.025 29.816 29.789 29.774 29.787 29.795 29.798 29.814 29.848 29.879 29.934 30.008 30.077 30.161 30.244 30.294 30.376 30.471 30.584 30.712 30.843 30.981 31.147 31.347 31.524 31.847 32.301 32.759 33.234 33.684 34.226 34.792 35.374 35.9 36.438 37.037 37.626 38.595 39.095 39.598 40.169 40.689 41.305 41.924 42.427 43.119 43.407 44.015 44.531 45.091 45.411 45.694 46.186
29.714 29.86 29.901 30.016 30.13 30.377 30.706 30.417 30.519 30.781 30.465 30.666 30.257 30.221 30.411 29.933 29.926 30.204 29.93 30.261 29.817 29.801 29.795 29.769 29.754 29.754 29.763 29.794 29.831 29.892 29.931 30.03 30.082 30.168 30.235 30.295 30.381 30.512 30.633 30.779 30.901 31.062 31.266 31.5 31.843 32.256 32.729 33.16 33.602 34.132 34.6 35.146 35.709 36.314 36.997 37.42 38.219 38.666 39.262 39.786 40.296 40.882 41.449 41.953 42.455 43.129 43.629 44.16 44.584 44.889 45.28 45.643
29.727 29.789 29.875 29.951 30.069 30.127 30.323 30.456 30.45 30.392 30.77 30.373 30.146 30.137 29.982 29.925 30.016 29.846 30.129 30.22 29.85 29.778 29.749 29.757 29.737 29.705 29.725 29.754 29.792 29.841 29.888 29.961 30.063 30.135 30.198 30.259 30.315 30.437 30.568 30.729 30.873 31.032 31.246 31.531 31.876 32.207 32.624 33.071 33.503 33.973 34.439 34.931 35.437 36.068 36.57 37.317 37.718 38.369 38.898 39.422 39.917 40.464 40.987 41.521 42.023 42.705 43.08 43.5 44.081 44.387 44.776 45.239
29.744 29.803 29.866 29.945 30.021 30.079 30.233 30.669 30.455 30.331 30.337 30.19 29.976 29.948 29.906 29.875 29.828 29.95 29.976 29.968 29.836 29.754 29.741 29.716 29.688 29.684 29.707 29.741 29.782 29.824 29.868 29.908 29.999 30.108 30.177 30.216 30.265 30.369 30.521 30.701 30.879 31.031 31.263 31.542 31.874 32.235 32.592 33.022 33.428 33.872 34.322 34.794 35.301 35.775 36.334 36.956 37.666 38.06 38.555 39.062 39.554 40.042 40.584 41.096 41.628 42.261 42.783 43.093 43.441 43.897 44.366 44.814
29.767 29.825 29.898 29.947 30.002 30.099 30.233 30.426 30.392 30.286 30.274 30.183 30.094 30.005 29.936 29.904 29.998 30.109 30.151 30.121 29.899 29.774 29.72 29.703 29.687 29.674 29.714 29.736 29.776 29.82 29.863 29.927 29.961 30.073 30.155 30.207 30.268 30.354 30.496 30.67 30.865 31.043 31.287 31.563 31.877 32.228 32.57 32.966 33.404 33.788 34.21 34.664 35.134 35.613 36.118 36.625 37.203 37.801 38.232 38.726 39.191 39.683 40.185 40.693 41.162 41.664 42.137 42.626 43.115 43.6 44.069 44.444
29.81 29.868 29.913 29.928 29.993 30.08 30.196 30.383 30.341 30.213 30.225 30.16 30.06 30.033 29.923 29.941 30.036 30.102 30.241 30.411 30.038 29.819 29.708 29.696 29.662 29.68 29.752 29.743 29.781 29.835 29.882 29.941 29.953 30.059 30.138 30.214 30.273 30.353 30.476 30.63 30.826 31.076 31.296 31.564 31.859 32.182 32.545 32.919 33.367 33.737 34.131 34.541 34.978 35.409 35.876 36.333 36.835 37.444 37.935 38.406 38.856 39.332 39.816 40.314 40.75 41.313 41.771 42.346 42.877 43.179 43.659 44.106
29.859 29.892 29.897 29.937 29.971 30.045 30.128 30.274 30.299 30.237 30.156 30.065 30.006 29.981 29.96 29.996 30.041 30.066 30.129 30.158 30.159 29.853 29.736 29.689 29.67 29.723 29.769 29.784 29.831 29.861 29.903 29.972 29.983 30.078 30.151 30.202 30.267 30.378 30.498 30.636 30.813 31.065 31.322 31.579 31.858 32.149 32.478 32.866 33.306 33.644 34.016 34.376 34.804 35.225 35.636 36.1 36.633 37.2 37.635 38.089 38.537 38.972 39.432 39.911 40.365 40.885 41.468 42.006 42.53 42.81 43.141 43.678
29.887 29.885 29.909 29.946 29.987 30.105 30.211 30.31 30.225 30.095 30.075 29.99 29.951 29.921 29.986 30.031 30.103 30.129 30.222 30.406 30.308 29.888 29.749 29.69 29.728 29.769 29.808 29.856 29.892 29.892 29.962 30.002 30.029 30.136 30.187 30.233 30.29 30.412 30.548 30.675 30.864 31.074 31.319 31.537 31.792 32.09 32.414 32.796 33.221 33.53 33.883 34.225 34.609 35.003 35.437 35.906 36.359 36.949 37.336 37.802 38.227 38.677 39.098 39.54 39.981 40.427 40.979 41.674 42.187 42.458 42.732 43.153
29.882 29.886 29.925 29.969 30.022 30.078 30.202 30.23 30.098 30.022 30.077 30.13 29.983 29.879 29.981 29.994 30.069 30.135 30.198 30.317 30.101 29.926 29.751 29.745 29.792 29.868 29.898 29.896 29.99 29.96 29.942 29.974 30.011 30.067 30.152 30.256 30.332 30.456 30.604 30.738 30.895 31.069 31.258 31.498 31.787 32.137 32.427 32.736 33.17 33.472 33.778 34.143 34.484 34.818 35.234 35.661 36.118 36.674 37.062 37.531 37.949 38.355 38.775 39.199 39.631 40.055 40.542 41.107 41.489 41.91 42.311 42.736
29.91 29.91 29.937 29.974 30.042 30.082 30.175 30.141 30.042 29.994 30.051 29.977 29.929 29.85 29.932 29.959 29.973 30.028 30.177 30.067 29.961 30 29.824 29.869 29.83 29.933 29.95 29.924 29.915 29.955 30.034 30.034 30.129 30.146 30.124 30.224 30.353 30.519 30.635 30.754 30.861 31.059 31.313 31.555 31.79 32.087 32.313 32.636 33.013 33.381 33.698 34.033 34.351 34.678 35.039 35.459 35.947 36.408 36.798 37.26 37.679 38.086 38.495 38.893 39.29 39.712 40.155 40.687 41.212 41.808 42.106 42.355
