raw_data/humedad_relativa/hora15/rh15dec.txt
ncols         501
nrows         361
xllcorner     109.95
yllcorner     -45.05
cellsize      0.1
NODATA_value  -9999
[rows 288 to 319 of 361, columns 216 to 287 of 501]
70.578 70.588 70.599 70.61 70.623 70.636 70.651 70.666 70.683 70.701 70.72 70.741 70.762 70.785 70.809 70.834 70.86 70.888 70.916 70.945 70.975 71.005 71.036 71.067 71.099 71.129 71.159 71.188 71.216 71.241 71.265 71.284 71.3 71.312 71.318 71.318 71.31 71.294 71.269 71.234 71.186 71.126 71.052 70.963 70.857 70.734 70.592 70.432 70.251 70.05 69.829 69.588 69.326 69.044 68.744 68.424 68.088 67.735 67.367 66.986 66.592 66.187 65.772 65.35 64.92 64.485 64.045 63.602 63.158 62.712 62.266 61.821
70.807 70.818 70.83 70.843 70.857 70.871 70.887 70.903 70.921 70.94 70.959 70.98 71.002 71.025 71.048 71.073 71.099 71.126 71.153 71.181 71.209 71.238 71.267 71.296 71.324 71.352 71.379 71.404 71.428 71.449 71.468 71.483 71.494 71.5 71.5 71.494 71.481 71.459 71.428 71.387 71.335 71.27 71.191 71.098 70.989 70.864 70.722 70.561 70.383 70.185 69.968 69.733 69.478 69.205 68.914 68.606 68.282 67.942 67.588 67.221 66.843 66.454 66.055 65.649 65.236 64.817 64.394 63.968 63.54 63.111 62.681 62.253
71.03 71.043 71.056 71.07 71.085 71.1 71.117 71.134 71.152 71.171 71.191 71.212 71.234 71.257 71.281 71.305 71.33 71.356 71.382 71.409 71.435 71.462 71.489 71.516 71.541 71.566 71.59 71.612 71.632 71.649 71.663 71.673 71.68 71.681 71.676 71.665 71.646 71.619 71.583 71.537 71.48 71.411 71.329 71.233 71.122 70.995 70.853 70.693 70.516 70.322 70.109 69.879 69.632 69.367 69.086 68.788 68.475 68.148 67.808 67.455 67.091 66.717 66.334 65.944 65.547 65.144 64.738 64.328 63.916 63.503 63.089 62.677
71.248 71.262 71.276 71.291 71.306 71.323 71.34 71.358 71.377 71.396 71.417 71.438 71.46 71.482 71.505 71.529 71.553 71.578 71.603 71.629 71.654 71.679 71.704 71.728 71.751 71.773 71.793 71.812 71.828 71.841 71.851 71.858 71.859 71.856 71.846 71.83 71.807 71.775 71.735 71.684 71.623 71.55 71.465 71.367 71.254 71.127 70.984 70.826 70.651 70.46 70.252 70.028 69.787 69.531 69.258 68.971 68.669 68.354 68.027 67.687 67.337 66.978 66.61 66.235 65.853 65.466 65.075 64.681 64.285 63.888 63.49 63.093
71.46 71.475 71.49 71.506 71.523 71.54 71.557 71.576 71.595 71.615 71.635 71.656 71.678 71.7 71.723 71.746 71.77 71.794 71.817 71.841 71.865 71.888 71.911 71.932 71.953 71.972 71.99 72.005 72.018 72.027 72.033 72.035 72.033 72.025 72.011 71.991 71.963 71.928 71.883 71.829 71.764 71.689 71.601 71.501 71.387 71.259 71.117 70.96 70.788 70.6 70.397 70.179 69.945 69.696 69.432 69.155 68.864 68.56 68.244 67.918 67.581 67.236 66.882 66.522 66.155 65.784 65.408 65.029 64.648 64.266 63.884 63.502
71.668 71.683 71.699 71.716 71.733 71.751 71.769 71.788 71.807 71.827 71.848 71.869 71.89 71.912 71.934 71.957 71.979 72.002 72.025 72.047 72.069 72.09 72.111 72.13 72.148 72.165 72.179 72.191 72.201 72.207 72.209 72.208 72.201 72.19 72.172 72.148 72.116 72.077 72.029 71.971 71.904 71.826 71.736 71.634 71.52 71.392 71.251 71.096 70.926 70.742 70.544 70.33 70.103 69.862 69.607 69.339 69.058 68.765 68.461 68.147 67.824 67.492 67.152 66.805 66.453 66.096 65.735 65.371 65.006 64.639 64.271 63.905
71.87 71.886 71.903 71.92 71.938 71.956 71.975 71.994 72.014 72.034 72.054 72.075 72.096 72.117 72.139 72.161 72.182 72.204 72.225 72.246 72.266 72.286 72.304 72.321 72.337 72.351 72.363 72.372 72.378 72.381 72.38 72.375 72.365 72.35 72.328 72.301 72.266 72.223 72.172 72.112 72.042 71.961 71.87 71.768 71.653 71.526 71.386 71.232 71.066 70.885 70.691 70.484 70.263 70.029 69.782 69.523 69.252 68.97 68.677 68.375 68.064 67.745 67.418 67.085 66.747 66.404 66.058 65.708 65.357 65.005 64.652 64.3
72.067 72.084 72.101 72.119 72.137 72.156 72.175 72.194 72.214 72.234 72.255 72.275 72.296 72.317 72.338 72.358 72.379 72.399 72.419 72.439 72.457 72.475 72.492 72.507 72.52 72.531 72.54 72.547 72.55 72.55 72.546 72.537 72.524 72.506 72.481 72.45 72.412 72.367 72.313 72.25 72.178 72.096 72.004 71.901 71.786 71.66 71.521 71.37 71.206 71.03 70.84 70.638 70.424 70.197 69.958 69.708 69.446 69.174 68.893 68.602 68.302 67.996 67.682 67.362 67.037 66.708 66.375 66.04 65.703 65.365 65.026 64.689
72.259 72.277 72.295 72.313 72.332 72.351 72.37 72.389 72.409 72.429 72.449 72.47 72.49 72.51 72.53 72.55 72.57 72.589 72.608 72.626 72.643 72.659 72.673 72.686 72.697 72.706 72.713 72.716 72.717 72.714 72.707 72.695 72.679 72.658 72.63 72.596 72.556 72.508 72.452 72.387 72.314 72.231 72.138 72.034 71.92 71.794 71.657 71.508 71.348 71.175 70.99 70.794 70.585 70.365 70.134 69.892 69.64 69.378 69.107 68.827 68.539 68.244 67.943 67.636 67.324 67.008 66.688 66.366 66.043 65.719 65.394 65.07
72.446 72.465 72.483 72.502 72.521 72.54 72.56 72.579 72.599 72.619 72.639 72.658 72.678 72.698 72.717 72.736 72.755 72.773 72.79 72.807 72.822 72.836 72.849 72.86 72.869 72.876 72.88 72.881 72.879 72.873 72.864 72.85 72.831 72.806 72.776 72.74 72.697 72.647 72.589 72.523 72.448 72.364 72.271 72.167 72.053 71.929 71.794 71.648 71.49 71.321 71.141 70.95 70.748 70.535 70.311 70.077 69.834 69.581 69.32 69.051 68.774 68.49 68.201 67.906 67.606 67.303 66.997 66.688 66.378 66.067 65.756 65.445
72.629 72.648 72.667 72.686 72.705 72.725 72.744 72.764 72.783 72.803 72.823 72.842 72.861 72.88 72.899 72.917 72.935 72.952 72.968 72.983 72.997 73.009 73.02 73.029 73.036 73.04 73.042 73.041 73.037 73.028 73.016 73 72.978 72.952 72.92 72.881 72.836 72.784 72.725 72.657 72.581 72.497 72.403 72.3 72.187 72.064 71.931 71.787 71.633 71.468 71.293 71.107 70.911 70.704 70.488 70.262 70.027 69.784 69.532 69.273 69.007 68.734 68.456 68.173 67.885 67.594 67.301 67.005 66.707 66.409 66.111 65.814
72.807 72.827 72.846 72.865 72.885 72.905 72.924 72.944 72.963 72.982 73.002 73.021 73.039 73.058 73.075 73.093 73.109 73.125 73.14 73.153 73.166 73.177 73.186 73.193 73.198 73.2 73.2 73.197 73.19 73.18 73.166 73.147 73.123 73.094 73.06 73.02 72.973 72.919 72.859 72.79 72.714 72.629 72.536 72.433 72.321 72.2 72.069 71.928 71.777 71.616 71.445 71.264 71.074 70.874 70.665 70.447 70.22 69.985 69.743 69.494 69.238 68.976 68.709 68.437 68.161 67.882 67.6 67.316 67.031 66.746 66.46 66.176
72.981 73.001 73.021 73.04 73.06 73.08 73.099 73.118 73.138 73.157 73.176 73.194 73.212 73.23 73.247 73.263 73.279 73.293 73.307 73.319 73.33 73.339 73.347 73.352 73.356 73.356 73.354 73.349 73.34 73.328 73.311 73.29 73.265 73.234 73.198 73.156 73.108 73.053 72.991 72.922 72.846 72.761 72.668 72.566 72.455 72.336 72.207 72.069 71.921 71.764 71.598 71.422 71.238 71.044 70.842 70.631 70.412 70.186 69.953 69.713 69.467 69.215 68.959 68.698 68.433 68.165 67.895 67.623 67.35 67.077 66.803 66.531
73.151 73.171 73.191 73.211 73.23 73.25 73.27 73.289 73.308 73.327 73.345 73.363 73.381 73.397 73.414 73.429 73.444 73.457 73.47 73.481 73.49 73.498 73.504 73.508 73.509 73.508 73.504 73.497 73.486 73.472 73.454 73.431 73.404 73.372 73.334 73.291 73.241 73.185 73.123 73.053 72.976 72.892 72.799 72.698 72.589 72.471 72.345 72.21 72.066 71.913 71.751 71.58 71.401 71.214 71.018 70.815 70.604 70.386 70.161 69.93 69.694 69.452 69.206 68.955 68.701 68.445 68.186 67.925 67.664 67.402 67.14 66.88
73.316 73.337 73.357 73.377 73.397 73.416 73.436 73.455 73.473 73.492 73.51 73.527 73.544 73.561 73.576 73.591 73.604 73.617 73.628 73.638 73.646 73.652 73.657 73.659 73.659 73.656 73.65 73.641 73.629 73.613 73.593 73.569 73.54 73.507 73.468 73.423 73.373 73.316 73.253 73.183 73.106 73.022 72.93 72.831 72.723 72.607 72.483 72.351 72.21 72.061 71.904 71.738 71.565 71.383 71.194 70.998 70.794 70.584 70.368 70.146 69.919 69.686 69.45 69.21 68.966 68.72 68.472 68.222 67.972 67.721 67.471 67.222
73.478 73.498 73.519 73.539 73.559 73.578 73.597 73.616 73.635 73.653 73.67 73.687 73.704 73.719 73.734 73.748 73.76 73.772 73.782 73.79 73.797 73.802 73.805 73.806 73.805 73.8 73.793 73.783 73.769 73.752 73.73 73.705 73.674 73.639 73.599 73.554 73.503 73.446 73.382 73.312 73.236 73.152 73.061 72.963 72.857 72.743 72.621 72.492 72.355 72.21 72.057 71.896 71.728 71.552 71.37 71.18 70.984 70.782 70.573 70.36 70.141 69.918 69.691 69.461 69.227 68.991 68.753 68.514 68.275 68.035 67.796 67.558
73.636 73.656 73.677 73.697 73.717 73.736 73.755 73.774 73.792 73.81 73.827 73.843 73.859 73.874 73.888 73.901 73.912 73.923 73.932 73.939 73.945 73.949 73.951 73.95 73.947 73.941 73.933 73.921 73.906 73.887 73.864 73.837 73.806 73.77 73.729 73.683 73.631 73.574 73.51 73.44 73.364 73.281 73.191 73.094 72.99 72.878 72.76 72.633 72.499 72.358 72.21 72.054 71.891 71.721 71.545 71.362 71.172 70.978 70.777 70.572 70.362 70.147 69.929 69.708 69.484 69.258 69.031 68.802 68.573 68.343 68.114 67.887
73.789 73.81 73.831 73.851 73.871 73.89 73.909 73.927 73.945 73.962 73.979 73.995 74.01 74.024 74.037 74.05 74.06 74.07 74.078 74.084 74.089 74.092 74.092 74.09 74.086 74.079 74.069 74.056 74.04 74.02 73.996 73.968 73.936 73.899 73.857 73.81 73.758 73.701 73.637 73.567 73.492 73.41 73.321 73.225 73.123 73.014 72.897 72.774 72.644 72.507 72.362 72.211 72.053 71.889 71.719 71.542 71.36 71.172 70.979 70.782 70.58 70.374 70.165 69.953 69.738 69.521 69.303 69.084 68.865 68.646 68.427 68.21
73.94 73.96 73.981 74.001 74.021 74.04 74.059 74.077 74.094 74.111 74.128 74.143 74.157 74.171 74.184 74.195 74.205 74.213 74.22 74.226 74.229 74.231 74.23 74.228 74.222 74.214 74.203 74.189 74.171 74.15 74.125 74.096 74.063 74.026 73.984 73.936 73.884 73.826 73.763 73.694 73.619 73.537 73.45 73.356 73.256 73.149 73.035 72.915 72.788 72.654 72.514 72.368 72.215 72.056 71.892 71.721 71.546 71.365 71.179 70.989 70.795 70.598 70.397 70.194 69.988 69.78 69.572 69.362 69.152 68.943 68.734 68.526
74.086 74.107 74.128 74.148 74.167 74.186 74.205 74.223 74.24 74.257 74.272 74.287 74.301 74.314 74.326 74.336 74.346 74.353 74.36 74.364 74.367 74.367 74.366 74.362 74.355 74.346 74.334 74.319 74.3 74.278 74.252 74.223 74.189 74.151 74.108 74.061 74.008 73.951 73.888 73.819 73.745 73.665 73.578 73.486 73.388 73.283 73.172 73.055 72.932 72.802 72.666 72.524 72.376 72.223 72.064 71.899 71.73 71.556 71.377 71.195 71.008 70.819 70.626 70.431 70.234 70.035 69.835 69.635 69.434 69.234 69.034 68.836
74.229 74.25 74.271 74.291 74.31 74.329 74.348 74.365 74.382 74.398 74.414 74.428 74.441 74.454 74.465 74.475 74.483 74.49 74.495 74.499 74.501 74.5 74.498 74.493 74.485 74.475 74.462 74.446 74.427 74.404 74.377 74.347 74.313 74.274 74.231 74.184 74.131 74.074 74.011 73.943 73.87 73.791 73.706 73.616 73.519 73.417 73.309 73.195 73.075 72.949 72.817 72.679 72.536 72.388 72.234 72.076 71.913 71.745 71.573 71.398 71.219 71.037 70.852 70.665 70.476 70.286 70.094 69.903 69.711 69.519 69.329 69.139
74.369 74.39 74.411 74.43 74.45 74.469 74.487 74.504 74.521 74.536 74.551 74.565 74.578 74.59 74.6 74.609 74.617 74.623 74.628 74.631 74.632 74.63 74.627 74.621 74.613 74.602 74.588 74.571 74.551 74.527 74.5 74.47 74.435 74.396 74.353 74.305 74.253 74.196 74.134 74.067 73.994 73.917 73.833 73.745 73.65 73.55 73.445 73.334 73.217 73.095 72.967 72.834 72.696 72.552 72.404 72.251 72.094 71.932 71.767 71.598 71.427 71.252 71.075 70.895 70.714 70.532 70.349 70.165 69.982 69.799 69.617 69.437
74.506 74.527 74.547 74.567 74.586 74.605 74.623 74.64 74.656 74.671 74.686 74.699 74.712 74.723 74.733 74.741 74.748 74.754 74.757 74.759 74.76 74.758 74.753 74.747 74.738 74.726 74.711 74.694 74.673 74.649 74.621 74.59 74.555 74.516 74.473 74.425 74.373 74.317 74.255 74.189 74.118 74.041 73.96 73.873 73.781 73.683 73.58 73.472 73.359 73.24 73.116 72.987 72.854 72.715 72.572 72.425 72.273 72.118 71.959 71.797 71.632 71.464 71.294 71.122 70.949 70.774 70.599 70.423 70.248 70.073 69.9 69.727
74.639 74.66 74.68 74.7 74.719 74.738 74.755 74.772 74.788 74.803 74.817 74.83 74.842 74.853 74.862 74.87 74.876 74.881 74.884 74.885 74.885 74.882 74.877 74.87 74.86 74.848 74.832 74.814 74.793 74.769 74.741 74.709 74.674 74.635 74.592 74.544 74.493 74.436 74.376 74.31 74.24 74.165 74.085 74 73.91 73.815 73.715 73.61 73.5 73.384 73.264 73.14 73.01 72.877 72.739 72.597 72.451 72.301 72.148 71.992 71.834 71.673 71.51 71.345 71.179 71.012 70.844 70.676 70.509 70.342 70.176 70.012
74.769 74.79 74.811 74.83 74.849 74.867 74.885 74.901 74.917 74.932 74.945 74.958 74.969 74.979 74.988 74.996 75.001 75.006 75.008 75.009 75.007 75.004 74.998 74.991 74.98 74.967 74.951 74.933 74.911 74.886 74.858 74.826 74.791 74.752 74.709 74.662 74.611 74.555 74.495 74.431 74.362 74.288 74.21 74.127 74.039 73.946 73.849 73.746 73.64 73.528 73.412 73.291 73.166 73.037 72.904 72.767 72.626 72.482 72.335 72.185 72.033 71.879 71.722 71.564 71.405 71.245 71.085 70.924 70.764 70.605 70.447 70.29
74.897 74.918 74.938 74.957 74.976 74.994 75.011 75.028 75.043 75.057 75.071 75.083 75.094 75.103 75.112 75.118 75.124 75.127 75.129 75.129 75.128 75.124 75.117 75.109 75.098 75.084 75.068 75.049 75.027 75.002 74.974 74.942 74.906 74.867 74.825 74.778 74.727 74.673 74.614 74.55 74.482 74.41 74.334 74.253 74.167 74.076 73.982 73.882 73.778 73.67 73.558 73.441 73.32 73.195 73.067 72.935 72.8 72.661 72.52 72.376 72.23 72.081 71.931 71.78 71.628 71.474 71.321 71.168 71.015 70.862 70.711 70.562
75.021 75.042 75.062 75.082 75.1 75.118 75.135 75.151 75.166 75.18 75.193 75.205 75.215 75.225 75.232 75.239 75.243 75.247 75.248 75.248 75.245 75.241 75.234 75.225 75.214 75.2 75.183 75.164 75.141 75.116 75.087 75.056 75.02 74.982 74.939 74.893 74.843 74.789 74.731 74.669 74.602 74.531 74.457 74.377 74.294 74.206 74.113 74.017 73.916 73.811 73.702 73.59 73.473 73.352 73.228 73.101 72.971 72.838 72.702 72.563 72.423 72.281 72.137 71.992 71.846 71.699 71.552 71.406 71.259 71.114 70.97 70.827
75.143 75.164 75.184 75.203 75.222 75.239 75.256 75.272 75.287 75.3 75.313 75.324 75.334 75.343 75.35 75.356 75.361 75.363 75.364 75.363 75.36 75.355 75.348 75.339 75.327 75.313 75.296 75.276 75.254 75.228 75.2 75.168 75.133 75.094 75.052 75.007 74.957 74.904 74.847 74.786 74.721 74.652 74.578 74.501 74.42 74.334 74.244 74.151 74.053 73.951 73.846 73.737 73.624 73.508 73.388 73.266 73.14 73.012 72.881 72.748 72.613 72.477 72.339 72.2 72.06 71.92 71.779 71.639 71.499 71.36 71.223 71.086
75.262 75.283 75.303 75.322 75.34 75.358 75.374 75.39 75.404 75.418 75.43 75.441 75.451 75.459 75.466 75.472 75.475 75.478 75.478 75.477 75.473 75.468 75.461 75.451 75.439 75.424 75.407 75.387 75.364 75.339 75.31 75.279 75.244 75.206 75.164 75.119 75.07 75.018 74.962 74.902 74.838 74.771 74.699 74.624 74.544 74.461 74.374 74.283 74.188 74.09 73.988 73.882 73.773 73.661 73.546 73.428 73.307 73.184 73.058 72.93 72.801 72.67 72.537 72.404 72.27 72.136 72.001 71.867 71.734 71.601 71.469 71.34
75.379 75.399 75.419 75.438 75.456 75.474 75.49 75.505 75.519 75.533 75.544 75.555 75.565 75.573 75.579 75.584 75.588 75.59 75.59 75.588 75.584 75.579 75.571 75.561 75.548 75.533 75.516 75.496 75.473 75.448 75.42 75.388 75.353 75.316 75.275 75.23 75.182 75.131 75.076 75.017 74.955 74.889 74.819 74.745 74.668 74.587 74.503 74.414 74.322 74.227 74.128 74.026 73.921 73.813 73.702 73.588 73.472 73.353 73.232 73.109 72.985 72.859 72.732 72.605 72.476 72.348 72.219 72.091 71.963 71.836 71.711 71.587
75.493 75.513 75.533 75.552 75.57 75.587 75.603 75.618 75.632 75.645 75.657 75.667 75.676 75.684 75.69 75.695 75.698 75.699 75.699 75.697 75.693 75.687 75.679 75.669 75.656 75.641 75.624 75.604 75.581 75.555 75.527 75.496 75.462 75.424 75.384 75.34 75.293 75.242 75.188 75.131 75.07 75.005 74.937 74.866 74.791 74.712 74.63 74.544 74.455 74.363 74.267 74.169 74.067 73.963 73.856 73.746 73.634 73.52 73.404 73.286 73.166 73.046 72.924 72.801 72.678 72.555 72.432 72.309 72.187 72.066 71.946 71.828
75.604 75.625 75.644 75.663 75.681 75.698 75.714 75.729 75.742 75.755 75.766 75.776 75.785 75.793 75.799 75.803 75.806 75.807 75.806 75.804 75.8 75.794 75.785 75.775 75.762 75.747 75.729 75.709 75.687 75.661 75.633 75.602 75.568 75.531 75.492 75.448 75.402 75.353 75.3 75.243 75.184 75.121 75.055 74.985 74.912 74.835 74.756 74.673 74.587 74.497 74.405 74.31 74.211 74.111 74.007 73.902 73.794 73.684 73.572 73.459 73.344 73.228 73.112 72.994 72.876 72.758 72.64 72.523 72.406 72.29 72.176 72.063
