raw_data/humedad_relativa/hora15/rh15jun.txt
ncols         501
nrows         361
xllcorner     109.95
yllcorner     -45.05
cellsize      0.1
NODATA_value  -9999
[rows 256 to 287 of 361, columns 0 to 71 of 501]
70.428 70.451 70.473 70.496 70.518 70.541 70.563 70.585 70.607 70.629 70.65 70.672 70.694 70.715 70.736 70.758 70.779 70.8 70.821 70.842 70.862 70.883 70.904 70.925 70.945 70.966 70.987 71.007 71.028 71.049 71.07 71.091 71.111 71.132 71.153 71.174 71.195 71.216 71.237 71.258 71.279 71.299 71.318 71.337 71.354 71.37 71.383 71.393 71.4 71.401 71.396 71.382 71.358 71.32 71.268 71.198 71.108 70.997 70.866 70.862 70.823 70.852 71.062 70.84 70.473 70.695 70.267 70.152 69.558 70.015 69.392 69.208
70.572 70.595 70.619 70.642 70.665 70.688 70.711 70.734 70.756 70.779 70.801 70.824 70.846 70.868 70.89 70.912 70.934 70.956 70.978 70.999 71.021 71.042 71.064 71.085 71.107 71.128 71.15 71.171 71.192 71.213 71.235 71.256 71.277 71.298 71.32 71.341 71.362 71.382 71.403 71.423 71.442 71.461 71.479 71.495 71.51 71.522 71.532 71.539 71.54 71.537 71.526 71.506 71.477 71.435 71.378 71.306 71.217 71.109 70.983 70.84 71.11 71.008 70.784 70.706 70.453 70.279 70.178 70.91 71.06 69.741 69.499 69.201
70.715 70.739 70.763 70.786 70.81 70.834 70.857 70.881 70.904 70.927 70.951 70.974 70.996 71.019 71.042 71.065 71.087 71.11 71.132 71.154 71.177 71.199 71.221 71.243 71.265 71.287 71.309 71.331 71.352 71.374 71.396 71.417 71.439 71.46 71.481 71.502 71.522 71.542 71.562 71.581 71.599 71.616 71.632 71.647 71.659 71.668 71.675 71.677 71.675 71.666 71.651 71.627 71.592 71.547 71.488 71.414 71.325 71.221 71.1 70.964 71.121 70.897 70.643 70.724 70.324 70.34 70.099 70.111 69.745 70.15 69.519 69.432
70.856 70.88 70.905 70.929 70.954 70.978 71.002 71.026 71.05 71.074 71.098 71.121 71.145 71.168 71.192 71.215 71.238 71.261 71.284 71.307 71.33 71.352 71.375 71.398 71.42 71.442 71.465 71.487 71.509 71.531 71.553 71.574 71.595 71.617 71.637 71.658 71.678 71.697 71.716 71.734 71.751 71.766 71.78 71.792 71.801 71.808 71.811 71.81 71.804 71.791 71.772 71.743 71.706 71.657 71.596 71.522 71.434 71.332 71.216 71.086 70.944 70.79 70.625 70.453 70.478 70.589 70.093 70.473 70.047 69.959 69.472 69.295
70.995 71.021 71.046 71.071 71.096 71.12 71.145 71.17 71.194 71.218 71.243 71.267 71.291 71.315 71.339 71.363 71.386 71.41 71.433 71.457 71.48 71.503 71.526 71.549 71.572 71.595 71.617 71.64 71.662 71.684 71.706 71.727 71.748 71.769 71.79 71.809 71.829 71.847 71.865 71.881 71.897 71.91 71.922 71.932 71.939 71.943 71.942 71.938 71.928 71.912 71.889 71.858 71.817 71.766 71.704 71.63 71.544 71.444 71.332 71.208 71.072 70.925 70.77 70.606 70.435 70.632 70.194 69.894 69.733 69.899 69.372 69.234
71.134 71.159 71.185 71.21 71.236 71.261 71.286 71.311 71.336 71.361 71.386 71.411 71.435 71.46 71.484 71.508 71.533 71.557 71.58 71.604 71.628 71.651 71.675 71.698 71.721 71.744 71.767 71.789 71.811 71.833 71.855 71.876 71.897 71.918 71.937 71.957 71.975 71.993 72.009 72.024 72.038 72.05 72.06 72.067 72.071 72.072 72.069 72.062 72.049 72.03 72.004 71.97 71.927 71.875 71.812 71.738 71.653 71.556 71.448 71.329 71.199 71.059 70.911 70.755 70.593 70.425 70.252 70.076 69.898 69.718 69.538 69.357
71.27 71.297 71.323 71.349 71.374 71.4 71.426 71.451 71.477 71.502 71.527 71.553 71.578 71.602 71.627 71.652 71.676 71.701 71.725 71.749 71.773 71.797 71.82 71.844 71.867 71.89 71.913 71.935 71.957 71.979 72.001 72.022 72.042 72.062 72.081 72.1 72.117 72.134 72.149 72.163 72.175 72.185 72.193 72.198 72.2 72.198 72.193 72.182 72.167 72.145 72.116 72.08 72.036 71.982 71.919 71.846 71.763 71.669 71.564 71.449 71.325 71.192 71.05 70.902 70.747 70.586 70.422 70.254 70.083 69.91 69.737 69.562
71.406 71.432 71.459 71.485 71.511 71.538 71.564 71.59 71.616 71.641 71.667 71.692 71.718 71.743 71.768 71.793 71.818 71.843 71.867 71.892 71.916 71.94 71.964 71.987 72.01 72.033 72.056 72.078 72.1 72.122 72.143 72.164 72.184 72.203 72.221 72.239 72.256 72.271 72.285 72.297 72.307 72.316 72.322 72.325 72.325 72.321 72.313 72.3 72.282 72.258 72.227 72.19 72.144 72.09 72.027 71.955 71.873 71.781 71.68 71.57 71.45 71.323 71.188 71.046 70.898 70.745 70.587 70.426 70.263 70.097 69.93 69.762
71.54 71.567 71.593 71.62 71.647 71.673 71.7 71.726 71.752 71.779 71.805 71.83 71.856 71.882 71.907 71.932 71.957 71.982 72.007 72.032 72.056 72.08 72.104 72.128 72.151 72.174 72.196 72.219 72.24 72.262 72.282 72.302 72.322 72.34 72.358 72.375 72.39 72.404 72.417 72.428 72.437 72.443 72.447 72.448 72.446 72.44 72.43 72.415 72.395 72.369 72.337 72.298 72.252 72.197 72.134 72.063 71.983 71.894 71.796 71.689 71.575 71.453 71.323 71.188 71.046 70.9 70.749 70.595 70.438 70.279 70.118 69.957
71.672 71.699 71.727 71.754 71.781 71.808 71.834 71.861 71.888 71.914 71.94 71.966 71.992 72.018 72.044 72.069 72.095 72.12 72.145 72.169 72.194 72.218 72.242 72.265 72.289 72.311 72.334 72.356 72.377 72.398 72.419 72.438 72.457 72.475 72.492 72.507 72.522 72.535 72.546 72.555 72.563 72.568 72.57 72.569 72.565 72.557 72.545 72.529 72.507 72.479 72.446 72.406 72.359 72.304 72.242 72.171 72.093 72.006 71.912 71.809 71.699 71.582 71.458 71.328 71.192 71.052 70.908 70.76 70.609 70.456 70.302 70.146
71.803 71.831 71.858 71.886 71.913 71.94 71.967 71.994 72.021 72.048 72.074 72.101 72.127 72.153 72.179 72.205 72.23 72.255 72.28 72.305 72.329 72.354 72.377 72.401 72.424 72.447 72.469 72.49 72.512 72.532 72.552 72.571 72.589 72.606 72.622 72.637 72.65 72.662 72.672 72.68 72.686 72.689 72.69 72.688 72.682 72.672 72.659 72.64 72.617 72.588 72.554 72.513 72.465 72.411 72.349 72.28 72.203 72.119 72.027 71.928 71.822 71.71 71.591 71.466 71.336 71.202 71.064 70.922 70.777 70.63 70.482 70.332
71.933 71.961 71.988 72.016 72.044 72.071 72.099 72.126 72.153 72.18 72.207 72.233 72.26 72.286 72.312 72.338 72.363 72.388 72.413 72.438 72.463 72.487 72.511 72.534 72.557 72.579 72.601 72.622 72.643 72.663 72.682 72.701 72.718 72.734 72.749 72.763 72.775 72.786 72.795 72.802 72.806 72.808 72.807 72.804 72.796 72.785 72.77 72.75 72.726 72.696 72.661 72.619 72.572 72.518 72.457 72.389 72.314 72.232 72.143 72.047 71.945 71.837 71.723 71.603 71.478 71.35 71.217 71.081 70.942 70.801 70.658 70.513
72.061 72.089 72.117 72.145 72.173 72.201 72.228 72.256 72.283 72.31 72.337 72.364 72.39 72.417 72.443 72.469 72.494 72.52 72.545 72.569 72.594 72.618 72.641 72.665 72.687 72.709 72.731 72.752 72.772 72.792 72.81 72.828 72.845 72.86 72.874 72.887 72.898 72.908 72.916 72.921 72.924 72.925 72.923 72.918 72.909 72.896 72.88 72.859 72.834 72.803 72.767 72.725 72.678 72.624 72.564 72.498 72.424 72.345 72.259 72.166 72.068 71.963 71.853 71.738 71.619 71.495 71.368 71.237 71.104 70.968 70.83 70.691
72.188 72.216 72.245 72.273 72.301 72.329 72.357 72.384 72.412 72.439 72.466 72.493 72.519 72.546 72.572 72.598 72.624 72.649 72.674 72.699 72.723 72.747 72.77 72.793 72.815 72.837 72.858 72.879 72.899 72.918 72.936 72.953 72.969 72.983 72.997 73.009 73.019 73.027 73.034 73.038 73.04 73.04 73.036 73.03 73.02 73.006 72.989 72.967 72.941 72.909 72.873 72.831 72.784 72.731 72.672 72.606 72.535 72.458 72.374 72.285 72.19 72.089 71.983 71.873 71.758 71.639 71.517 71.391 71.263 71.132 71 70.866
72.313 72.342 72.371 72.399 72.427 72.455 72.483 72.511 72.539 72.566 72.593 72.62 72.647 72.673 72.699 72.725 72.751 72.776 72.801 72.826 72.85 72.874 72.897 72.919 72.942 72.963 72.984 73.004 73.023 73.042 73.059 73.075 73.09 73.104 73.117 73.128 73.137 73.145 73.15 73.153 73.154 73.153 73.148 73.14 73.129 73.115 73.096 73.074 73.047 73.015 72.979 72.937 72.89 72.837 72.779 72.715 72.646 72.57 72.489 72.403 72.311 72.214 72.112 72.006 71.896 71.781 71.664 71.543 71.419 71.294 71.166 71.037
72.437 72.466 72.495 72.524 72.552 72.58 72.608 72.636 72.664 72.691 72.719 72.746 72.772 72.799 72.825 72.851 72.877 72.902 72.927 72.951 72.975 72.998 73.021 73.044 73.066 73.087 73.107 73.127 73.145 73.163 73.18 73.196 73.21 73.223 73.235 73.245 73.254 73.26 73.265 73.267 73.267 73.264 73.258 73.25 73.238 73.222 73.203 73.18 73.152 73.12 73.084 73.042 72.996 72.944 72.887 72.824 72.756 72.683 72.605 72.521 72.432 72.339 72.241 72.138 72.032 71.922 71.809 71.693 71.574 71.453 71.33 71.206
72.56 72.589 72.618 72.647 72.676 72.704 72.732 72.76 72.788 72.815 72.843 72.87 72.896 72.923 72.949 72.975 73 73.025 73.05 73.074 73.098 73.121 73.144 73.166 73.188 73.208 73.228 73.247 73.266 73.283 73.299 73.314 73.328 73.34 73.351 73.36 73.368 73.374 73.377 73.378 73.377 73.374 73.367 73.358 73.345 73.329 73.309 73.285 73.257 73.225 73.188 73.147 73.101 73.05 72.994 72.933 72.867 72.796 72.72 72.639 72.553 72.463 72.368 72.27 72.167 72.061 71.952 71.84 71.726 71.61 71.491 71.371
72.682 72.711 72.74 72.769 72.798 72.826 72.854 72.882 72.91 72.938 72.965 72.992 73.019 73.045 73.071 73.097 73.122 73.147 73.172 73.196 73.22 73.242 73.265 73.287 73.308 73.328 73.348 73.366 73.384 73.401 73.416 73.431 73.444 73.455 73.465 73.474 73.481 73.485 73.488 73.489 73.487 73.482 73.475 73.465 73.451 73.434 73.414 73.39 73.362 73.33 73.293 73.252 73.207 73.157 73.102 73.042 72.978 72.908 72.835 72.756 72.673 72.586 72.495 72.4 72.301 72.199 72.094 71.987 71.876 71.764 71.65 71.535
72.802 72.832 72.861 72.89 72.918 72.947 72.975 73.003 73.031 73.059 73.086 73.113 73.14 73.166 73.192 73.218 73.243 73.268 73.292 73.316 73.339 73.362 73.384 73.405 73.426 73.446 73.465 73.483 73.5 73.517 73.531 73.545 73.558 73.569 73.578 73.586 73.592 73.596 73.598 73.597 73.595 73.589 73.581 73.57 73.556 73.539 73.518 73.494 73.466 73.434 73.397 73.357 73.312 73.263 73.209 73.151 73.088 73.021 72.949 72.873 72.793 72.709 72.621 72.529 72.434 72.336 72.235 72.131 72.025 71.917 71.807 71.695
72.921 72.951 72.98 73.009 73.038 73.066 73.095 73.123 73.151 73.178 73.205 73.232 73.259 73.285 73.311 73.337 73.362 73.386 73.411 73.434 73.457 73.48 73.501 73.522 73.543 73.562 73.581 73.599 73.615 73.631 73.645 73.658 73.67 73.68 73.689 73.696 73.701 73.705 73.706 73.705 73.702 73.696 73.687 73.675 73.661 73.643 73.622 73.598 73.569 73.537 73.501 73.461 73.417 73.369 73.317 73.26 73.199 73.133 73.064 72.99 72.913 72.832 72.747 72.658 72.566 72.472 72.374 72.274 72.172 72.068 71.962 71.854
73.039 73.069 73.098 73.127 73.156 73.184 73.213 73.241 73.269 73.296 73.323 73.35 73.377 73.403 73.429 73.454 73.479 73.504 73.527 73.551 73.574 73.596 73.617 73.638 73.658 73.677 73.695 73.712 73.728 73.743 73.757 73.77 73.781 73.791 73.799 73.805 73.81 73.812 73.813 73.811 73.807 73.801 73.792 73.78 73.765 73.747 73.725 73.701 73.673 73.641 73.605 73.566 73.523 73.475 73.424 73.369 73.309 73.246 73.178 73.107 73.032 72.953 72.871 72.786 72.698 72.606 72.512 72.416 72.317 72.217 72.114 72.011
73.156 73.185 73.215 73.244 73.273 73.301 73.33 73.358 73.385 73.413 73.44 73.467 73.493 73.519 73.545 73.57 73.595 73.619 73.643 73.666 73.688 73.71 73.731 73.752 73.771 73.79 73.808 73.824 73.84 73.855 73.868 73.88 73.891 73.9 73.907 73.913 73.917 73.919 73.919 73.917 73.912 73.905 73.895 73.883 73.868 73.85 73.828 73.804 73.776 73.744 73.709 73.67 73.628 73.581 73.531 73.477 73.419 73.358 73.292 73.223 73.151 73.075 72.996 72.913 72.828 72.74 72.649 72.556 72.461 72.364 72.265 72.165
73.271 73.301 73.33 73.359 73.388 73.417 73.445 73.473 73.501 73.528 73.555 73.582 73.608 73.634 73.66 73.685 73.709 73.733 73.757 73.78 73.802 73.823 73.844 73.864 73.883 73.902 73.919 73.935 73.95 73.964 73.977 73.989 73.999 74.007 74.014 74.019 74.023 74.024 74.024 74.021 74.016 74.009 73.999 73.986 73.97 73.952 73.931 73.906 73.878 73.847 73.813 73.774 73.733 73.687 73.638 73.586 73.53 73.47 73.406 73.339 73.269 73.196 73.119 73.04 72.957 72.872 72.785 72.695 72.603 72.51 72.414 72.318
73.386 73.415 73.444 73.474 73.502 73.531 73.559 73.587 73.615 73.642 73.669 73.696 73.722 73.748 73.773 73.798 73.822 73.846 73.869 73.892 73.914 73.935 73.956 73.975 73.994 74.012 74.029 74.045 74.059 74.073 74.085 74.096 74.106 74.114 74.12 74.125 74.128 74.129 74.128 74.125 74.119 74.111 74.101 74.088 74.073 74.054 74.033 74.008 73.981 73.95 73.916 73.878 73.838 73.793 73.745 73.694 73.64 73.581 73.52 73.455 73.387 73.316 73.242 73.165 73.086 73.004 72.919 72.833 72.744 72.654 72.562 72.469
73.499 73.528 73.558 73.587 73.616 73.644 73.672 73.7 73.728 73.755 73.782 73.809 73.835 73.86 73.885 73.91 73.934 73.958 73.981 74.003 74.025 74.045 74.066 74.085 74.103 74.121 74.137 74.153 74.167 74.18 74.192 74.202 74.211 74.219 74.225 74.229 74.232 74.232 74.231 74.227 74.221 74.213 74.203 74.19 74.174 74.156 74.134 74.11 74.083 74.052 74.019 73.982 73.942 73.899 73.852 73.803 73.749 73.693 73.633 73.571 73.505 73.436 73.364 73.29 73.213 73.134 73.053 72.969 72.884 72.796 72.708 72.618
73.611 73.64 73.67 73.699 73.728 73.756 73.784 73.812 73.84 73.867 73.894 73.92 73.946 73.971 73.996 74.021 74.045 74.068 74.091 74.113 74.134 74.155 74.174 74.193 74.211 74.228 74.244 74.26 74.273 74.286 74.298 74.308 74.316 74.323 74.329 74.333 74.335 74.335 74.333 74.329 74.323 74.315 74.304 74.291 74.275 74.257 74.236 74.212 74.185 74.155 74.122 74.086 74.047 74.005 73.959 73.911 73.859 73.804 73.746 73.686 73.622 73.555 73.486 73.415 73.34 73.264 73.185 73.104 73.022 72.938 72.852 72.765
73.722 73.751 73.781 73.81 73.838 73.867 73.895 73.923 73.95 73.977 74.004 74.03 74.056 74.081 74.106 74.13 74.154 74.177 74.199 74.221 74.242 74.262 74.282 74.3 74.318 74.335 74.351 74.365 74.379 74.391 74.402 74.412 74.42 74.427 74.432 74.435 74.437 74.437 74.435 74.43 74.424 74.416 74.405 74.391 74.376 74.357 74.336 74.313 74.286 74.257 74.225 74.189 74.151 74.11 74.066 74.019 73.968 73.915 73.859 73.8 73.739 73.674 73.608 73.538 73.466 73.393 73.317 73.239 73.159 73.078 72.995 72.911
73.832 73.861 73.891 73.92 73.948 73.977 74.005 74.032 74.06 74.087 74.113 74.139 74.165 74.19 74.214 74.238 74.262 74.285 74.307 74.328 74.349 74.369 74.388 74.407 74.424 74.44 74.456 74.47 74.483 74.495 74.506 74.515 74.523 74.529 74.534 74.537 74.538 74.538 74.535 74.531 74.524 74.516 74.505 74.492 74.476 74.458 74.437 74.414 74.388 74.359 74.327 74.293 74.256 74.215 74.172 74.126 74.078 74.026 73.972 73.915 73.855 73.793 73.728 73.661 73.592 73.521 73.447 73.372 73.295 73.217 73.137 73.056
73.941 73.97 73.999 74.028 74.057 74.085 74.113 74.141 74.168 74.195 74.221 74.247 74.272 74.297 74.322 74.346 74.369 74.391 74.413 74.435 74.455 74.475 74.494 74.511 74.529 74.545 74.56 74.574 74.586 74.598 74.608 74.617 74.625 74.631 74.635 74.638 74.639 74.638 74.635 74.631 74.624 74.616 74.605 74.591 74.576 74.558 74.537 74.514 74.489 74.461 74.43 74.396 74.36 74.321 74.279 74.234 74.187 74.137 74.084 74.029 73.971 73.911 73.848 73.784 73.717 73.648 73.577 73.504 73.43 73.354 73.277 73.199
74.049 74.078 74.107 74.136 74.165 74.193 74.221 74.248 74.275 74.302 74.328 74.354 74.379 74.404 74.428 74.452 74.475 74.497 74.519 74.54 74.56 74.579 74.598 74.615 74.632 74.648 74.663 74.676 74.689 74.7 74.71 74.718 74.726 74.731 74.735 74.738 74.739 74.738 74.735 74.73 74.724 74.715 74.704 74.691 74.675 74.658 74.637 74.615 74.59 74.562 74.532 74.499 74.464 74.426 74.385 74.341 74.296 74.247 74.196 74.143 74.087 74.028 73.968 73.905 73.841 73.774 73.706 73.635 73.564 73.491 73.416 73.34
74.156 74.185 74.214 74.243 74.271 74.299 74.327 74.354 74.381 74.408 74.434 74.46 74.485 74.509 74.533 74.557 74.579 74.601 74.623 74.644 74.664 74.683 74.701 74.718 74.735 74.75 74.765 74.778 74.79 74.801 74.811 74.819 74.826 74.831 74.835 74.837 74.838 74.837 74.834 74.829 74.822 74.814 74.803 74.79 74.775 74.757 74.737 74.715 74.69 74.663 74.634 74.602 74.567 74.53 74.491 74.449 74.404 74.357 74.308 74.256 74.202 74.145 74.087 74.026 73.964 73.9 73.833 73.766 73.696 73.626 73.554 73.481
74.262 74.291 74.32 74.349 74.377 74.405 74.433 74.46 74.487 74.513 74.539 74.564 74.589 74.614 74.637 74.661 74.683 74.705 74.726 74.747 74.766 74.785 74.803 74.82 74.836 74.852 74.866 74.879 74.891 74.901 74.911 74.919 74.925 74.93 74.934 74.936 74.937 74.935 74.932 74.928 74.921 74.912 74.901 74.888 74.873 74.856 74.837 74.815 74.791 74.765 74.736 74.705 74.671 74.635 74.596 74.556 74.512 74.467 74.419 74.369 74.316 74.262 74.205 74.147 74.087 74.024 73.961 73.895 73.828 73.76 73.69 73.62
