raw_data/humedad_relativa/hora15/rh15oct.txt
ncols         501
nrows         361
xllcorner     109.95
yllcorner     -45.05
cellsize      0.1
NODATA_value  -9999
[rows 128 to 159 of 361, columns 144 to 215 of 501]
19.385 19.385 19.052 18.919 18.79 18.743 18.623 18.403 18.351 18.101 18.002 17.831 17.852 17.963 17.923 17.653 17.403 17.237 17.145 17.163 16.899 16.501 16.236 16.084 16.123 15.873 15.589 15.397 15.539 15.567 15.438 15.287 15.404 15.14 14.883 14.629 14.743 14.738 14.731 14.512 14.755 14.648 14.492 14.379 14.329 14.175 14.185 14.021 14.016 13.892 13.816 13.907 14.028 13.95 13.891 13.815 13.769 13.72 13.663 13.629 13.553 13.518 13.65 13.646 13.68 13.722 13.76 13.882 13.932 13.965 14.07 14.108
19.363 18.868 18.743 18.677 18.534 18.39 18.552 18.178 18.314 18.029 17.881 17.773 17.592 17.565 17.57 17.585 17.548 17.392 17.208 17.141 16.736 16.449 16.263 16.171 16.294 15.886 15.697 15.436 15.495 15.514 15.405 15.212 15.384 15.091 14.771 14.7 14.914 14.788 14.672 14.703 14.775 14.621 14.49 14.408 14.33 14.34 14.338 14.201 14.164 14.012 14.046 14.116 14.091 13.926 13.822 13.722 13.72 13.653 13.629 13.613 13.503 13.508 13.599 13.66 13.641 13.718 13.713 13.844 13.91 13.927 13.982 14.049
19.149 18.905 18.717 18.475 18.421 18.321 18.494 17.991 18.191 17.964 17.967 17.759 17.463 17.394 17.283 17.23 17.154 17.233 17.199 17.033 16.58 16.525 16.403 16.355 16.281 15.91 15.604 15.45 15.62 15.469 15.34 15.286 15.36 15.042 14.695 14.829 14.87 14.858 14.746 14.743 14.696 14.595 14.483 14.432 14.331 14.355 14.411 14.355 14.311 14.162 14.241 14.198 14.051 13.888 13.783 13.703 13.561 13.381 13.467 13.268 13.425 13.444 13.541 13.373 13.598 13.586 13.752 13.779 13.849 13.834 13.95 13.96
18.614 18.556 18.451 18.371 18.457 18.22 18.201 18.105 18.145 17.994 17.818 17.72 17.48 17.421 17.21 17.072 17.03 17.025 16.928 16.878 16.827 16.644 16.563 16.377 16.143 15.917 15.743 15.486 15.46 15.41 15.22 15.3 15.292 14.866 14.709 14.84 14.874 14.8 14.728 14.692 14.652 14.578 14.445 14.377 14.443 14.474 14.469 14.444 14.414 14.355 14.251 14.215 14.164 14.053 13.83 13.798 13.662 13.631 13.634 13.59 13.537 13.556 13.429 13.407 13.514 13.62 13.705 13.746 13.828 13.816 13.25 13.865
18.696 18.429 18.503 18.316 18.412 18.174 18.07 18.137 17.936 17.695 17.71 17.567 17.583 17.392 17.19 17.021 16.911 16.8 16.549 16.401 16.486 16.345 16.143 16.095 15.878 15.793 15.692 15.431 15.283 15.206 15.159 15.283 15.278 15.019 14.879 14.848 14.851 14.801 14.784 14.773 14.674 14.575 14.527 14.528 14.564 14.549 14.547 14.522 14.45 14.333 14.187 14.104 14.189 14.123 14.013 13.911 13.863 13.838 13.799 13.744 13.691 13.622 13.507 13.431 13.414 13.554 13.604 13.747 13.816 13.756 13.63 13.84
18.481 18.363 18.347 18.348 18.303 18.184 17.798 17.721 17.649 17.451 17.357 17.311 17.273 17.23 16.928 16.861 16.729 16.57 16.384 16.234 16.235 16.133 15.959 15.937 15.608 15.581 15.514 15.478 15.204 15.105 15.089 15.163 15.271 15.217 15.105 14.933 14.804 14.722 14.734 14.812 14.764 14.702 14.683 14.656 14.654 14.63 14.562 14.532 14.512 14.433 14.313 14.215 14.233 14.2 14.148 14.093 14.038 13.926 13.811 13.784 13.609 13.683 13.584 13.474 13.319 13.632 13.647 13.772 13.803 13.629 13.709 13.973
18.381 18.408 18.316 18.097 17.812 17.777 17.694 17.636 17.551 17.587 17.42 17.123 17.025 16.905 16.819 16.633 16.553 16.391 16.375 16.174 16.234 16.174 15.963 15.884 15.674 15.523 15.332 15.416 15.139 15.125 15.044 15.121 15.199 15.218 15.156 15.051 14.874 14.792 14.791 14.835 14.828 14.829 14.799 14.75 14.702 14.693 14.655 14.63 14.624 14.587 14.466 14.385 14.368 14.315 14.284 14.208 14.122 13.994 13.876 13.734 13.536 13.74 13.708 13.558 13.75 13.836 13.849 13.889 13.888 13.945 13.924 14.2
18.301 18.167 17.88 17.804 17.743 17.796 17.877 17.721 17.582 17.423 17.373 17.182 17.097 16.973 16.803 16.742 16.626 16.367 16.291 16.098 16.266 16.039 15.843 15.733 15.616 15.416 15.421 15.493 15.277 15.178 15.102 15.112 15.113 15.082 15.072 15.063 14.985 14.949 14.926 14.931 14.897 14.899 14.862 14.815 14.767 14.75 14.732 14.7 14.678 14.658 14.593 14.537 14.48 14.451 14.401 14.304 14.17 14.089 13.96 13.894 13.77 13.922 13.94 13.963 14.005 14.082 14.061 14.115 14.182 14.174 14.302 14.378
18.058 18.07 18.025 17.969 17.801 17.582 17.448 17.346 17.335 17.3 17.126 17.113 16.872 16.808 16.627 16.557 16.494 16.445 16.236 16.149 16.203 16.056 15.895 15.825 15.693 15.52 15.597 15.51 15.405 15.304 15.11 14.969 14.983 14.991 14.996 15.013 14.986 14.966 14.953 14.96 14.963 14.933 14.891 14.868 14.838 14.82 14.782 14.76 14.724 14.678 14.639 14.594 14.568 14.534 14.471 14.386 14.247 14.158 14.168 14.16 14.124 14.175 14.228 14.207 14.186 14.231 14.304 14.328 14.402 14.425 14.515 14.586
17.688 17.599 17.761 17.793 17.652 17.33 17.357 17.296 17.182 17.104 17.065 16.887 16.848 16.724 16.78 16.614 16.51 16.454 16.18 16.234 16.291 15.854 15.811 15.855 15.727 15.726 15.634 15.502 15.396 15.139 15.02 14.85 14.848 14.913 14.975 14.977 14.957 14.921 14.903 14.918 14.926 14.921 14.892 14.886 14.865 14.841 14.823 14.781 14.753 14.719 14.68 14.659 14.63 14.566 14.541 14.452 14.441 14.43 14.385 14.416 14.402 14.187 14.39 14.383 14.383 14.425 14.519 14.552 14.559 14.571 14.646 14.736
17.46 17.315 17.555 17.484 17.545 17.581 17.46 17.177 17.149 16.964 17.061 16.957 16.975 16.819 16.579 16.616 16.369 16.231 16.284 16.301 16.295 16.036 16.065 16.146 15.996 15.788 15.629 15.391 15.278 15.212 15.161 14.576 14.841 14.878 14.919 14.888 14.877 14.812 14.808 14.866 14.892 14.906 14.894 14.873 14.855 14.837 14.82 14.82 14.793 14.773 14.733 14.707 14.673 14.654 14.636 14.624 14.565 14.59 14.564 14.6 14.557 12.73 14.424 14.535 14.548 14.5 14.661 14.697 14.806 14.776 14.897 14.92
17.376 17.294 17.225 17.258 17.269 17.183 17.339 17.202 17.199 17.15 16.92 16.952 16.76 16.647 16.58 16.435 16.304 16.161 16.149 16.05 16.243 15.974 16.295 16.107 15.812 15.563 15.434 15.38 15.451 15.368 15.159 15.046 15.018 14.986 14.933 14.849 14.834 14.684 14.789 14.826 14.869 14.897 14.906 14.874 14.851 14.839 14.793 14.835 14.841 14.832 14.792 14.756 14.717 14.709 14.614 14.652 14.618 14.654 14.658 14.622 14.662 14.647 14.666 14.643 14.661 14.622 14.78 14.808 14.896 14.964 15.035 15.106
17.312 17.182 17.052 17.037 17.03 17.183 17.236 17.099 16.982 16.946 16.999 16.741 16.689 16.639 16.55 16.425 16.254 16.076 16.119 16.081 16.28 16.114 16.3 16.026 15.729 15.519 15.692 15.682 15.619 15.356 15.228 15.292 15.273 15.225 15.162 15.051 14.959 14.89 14.796 14.753 14.807 14.882 14.901 14.841 14.813 14.807 14.796 14.811 14.877 14.8 14.787 14.751 14.688 14.697 14.64 14.625 14.627 14.622 14.657 14.691 14.697 14.693 14.736 14.708 14.715 14.765 14.838 14.892 14.948 15.044 15.095 15.132
17.148 17.085 16.906 16.888 16.88 16.956 17.128 16.976 16.944 16.862 16.829 16.812 16.66 16.511 16.368 16.276 16.251 16.14 16.047 16.222 16.297 16.276 16.303 16.097 15.872 15.779 15.917 15.789 15.571 15.387 15.513 15.351 15.288 15.184 15.125 15.029 14.92 14.829 14.71 14.712 14.809 14.843 14.907 14.77 14.755 14.588 14.757 14.795 14.909 14.832 14.795 14.76 14.724 14.69 14.655 14.648 14.654 14.65 14.671 14.739 14.696 14.754 14.76 14.762 14.774 14.805 14.845 14.894 14.947 15.046 15.086 15.162
17.056 17.035 16.922 16.813 16.752 16.944 16.803 16.875 16.754 16.767 16.767 16.679 16.484 16.448 16.324 16.28 16.209 16.124 16.219 16.114 16.177 16.031 16.32 16.171 16.036 16.031 15.936 15.595 15.514 15.624 15.363 15.121 15.075 14.985 14.999 14.923 14.828 14.742 14.614 14.638 14.756 14.821 14.878 14.802 14.754 14.466 14.794 14.783 14.896 14.94 14.838 14.775 14.73 14.689 14.678 14.679 14.673 14.653 14.679 14.783 14.103 14.762 14.778 14.797 14.795 14.804 14.805 14.859 14.961 15.251 15.108 15.149
16.926 16.868 16.762 16.733 16.783 16.73 16.807 16.719 16.703 16.724 16.61 16.549 16.392 16.396 16.462 16.371 16.202 16.163 16.226 16.116 16.163 16.232 16.334 16.275 16.203 16.104 15.952 15.714 15.69 15.647 15.493 15.339 15.101 14.972 15.046 14.857 14.705 14.655 14.676 14.735 14.827 14.94 15.019 15.013 14.962 14.928 14.94 14.903 14.964 14.48 14.723 14.781 14.752 14.719 14.704 14.701 14.687 14.68 14.665 14.642 14.291 14.797 14.783 14.843 14.814 14.795 14.766 14.854 14.939 13.596 13.042 15.07
16.843 16.816 16.766 16.724 16.651 16.678 16.723 16.687 16.537 16.491 16.49 16.466 16.429 16.345 16.503 16.334 16.172 16.23 16.222 16.281 16.305 16.37 16.319 16.117 15.937 15.884 15.848 15.773 15.795 15.708 15.512 15.151 15.172 15.314 15.18 15.009 14.895 14.826 14.808 14.876 14.974 15.097 15.138 15.155 15.155 15.138 15.149 15.126 15.068 14.741 15.131 14.893 14.766 14.713 14.682 14.681 14.68 14.66 14.652 14.081 14.6 14.688 14.762 14.848 14.853 14.807 14.764 14.82 14.94 14.921 14.741 15.076
16.743 16.685 16.694 16.655 16.639 16.652 16.635 16.7 16.626 16.454 16.572 16.397 16.279 16.374 16.536 16.378 16.29 16.189 16.118 16.126 16.105 16.378 16.215 15.966 15.66 15.542 15.684 15.691 15.8 15.766 15.547 15.458 15.492 15.319 15.294 15.164 15.017 14.857 14.888 15.027 15.105 15.191 15.15 15.202 15.224 15.269 15.279 15.26 15.247 15.204 14.931 14.849 14.753 14.715 14.649 14.65 14.751 14.725 14.713 14.721 14.789 14.786 14.881 14.915 14.939 14.906 14.82 14.705 14.898 15.061 15.074 15.086
16.697 16.635 16.642 16.641 16.571 16.596 16.687 16.557 16.396 16.417 16.501 16.353 16.371 16.399 16.399 16.476 16.262 16.142 16.102 16.155 16.326 16.371 16.149 15.736 15.621 15.403 15.5 15.59 15.646 15.836 15.773 15.645 15.362 15.368 15.347 15.21 14.994 14.78 14.825 15.098 15.198 15.189 15.143 15.183 15.202 15.073 15.111 15.311 15.209 15.116 14.979 14.782 14.771 14.898 14.902 14.651 15.02 15 14.975 14.976 15.019 15.024 15.03 15.054 15.065 15.064 15.102 15.061 15.156 15.172 15.161 14.892
16.572 16.574 16.607 16.575 16.566 16.615 16.654 16.504 16.557 16.446 16.419 16.312 16.313 16.313 16.332 16.198 16.386 16.285 16.175 16.312 16.422 16.315 16.062 15.7 15.511 15.452 15.351 15.369 15.464 15.651 15.821 15.765 15.544 15.523 15.306 15.13 15.031 14.902 14.97 15.197 15.197 15.143 15.111 15.166 15.25 15.162 15.353 15.351 15.243 15.205 15.031 14.916 14.998 15.125 15.106 15.111 15.022 15.15 15.118 15.154 15.202 15.123 14.306 14.896 15.096 15.205 15.311 15.263 15.193 15.277 15.293 15.324
16.442 16.539 16.513 16.49 16.506 16.515 16.629 16.5 16.549 16.436 16.402 16.269 16.22 16.166 16.314 16.167 16.332 16.414 16.379 16.42 16.444 16.264 16.06 15.818 15.662 15.578 15.351 15.386 15.448 15.521 15.681 15.808 15.744 15.609 15.395 15.173 15.056 15.162 15.312 15.339 15.242 15.154 15.139 15.216 15.315 15.232 15.274 15.253 15.266 15.166 15.035 15.128 15.305 15.255 15.226 15.227 15.204 15.241 15.154 15.337 15.404 15.381 15.31 15.044 14.827 15.14 15.273 15.435 15.383 15.25 15.288 15.266
16.485 16.451 16.388 16.437 16.494 16.555 16.595 16.462 16.526 16.463 16.33 16.24 16.27 16.253 16.28 16.149 16.158 16.258 16.288 16.4 16.464 16.231 15.957 15.766 15.726 15.772 15.639 15.597 15.377 15.399 15.508 15.621 15.815 15.693 15.494 15.199 15.194 15.387 15.418 15.344 15.181 15.034 15.032 15.139 15.276 15.296 15.303 15.255 15.162 15.063 15.11 15.226 15.396 15.533 15.418 15.317 15.192 15.102 15.101 15.385 15.36 15.497 15.543 15.458 15.413 15.32 15.157 15.287 15.474 15.448 15.255 15.237
16.408 16.265 16.326 16.487 16.582 16.469 16.488 16.503 16.484 16.421 16.422 16.358 16.25 16.221 16.299 16.208 16.211 16.131 16.335 16.417 16.452 16.168 15.895 15.596 15.569 15.544 15.86 15.791 15.546 15.37 15.443 15.626 15.842 15.773 15.431 15.26 15.504 15.504 15.429 15.36 15.186 15.133 14.603 15.212 15.455 15.514 15.456 15.37 15.254 15.293 15.453 15.606 15.582 15.703 15.598 15.503 15.263 15.421 15.328 15.329 15.328 15.459 15.419 15.493 15.521 15.422 15.3 15.109 15.353 15.501 15.584 15.388
16.354 16.398 16.456 16.507 16.577 16.563 16.524 16.5 16.471 16.41 16.295 16.352 16.262 16.212 16.24 16.302 16.35 16.342 16.424 16.51 16.41 16.048 15.796 15.538 15.654 15.706 15.812 15.957 15.832 15.533 15.515 15.757 15.883 15.824 15.587 15.469 15.559 15.503 15.444 15.358 15.277 15.362 15.419 15.54 15.663 15.666 15.479 15.432 15.603 15.683 15.778 15.795 15.822 15.848 15.84 15.907 15.903 15.737 15.773 15.734 15.628 15.664 15.637 15.865 15.722 15.544 15.431 15.444 15.505 15.677 15.877 15.565
16.467 16.474 16.505 16.471 16.553 16.514 16.479 16.419 16.332 16.402 16.374 16.285 16.238 16.227 16.213 16.222 16.269 16.352 16.517 16.573 16.308 15.953 15.787 15.645 15.746 15.914 15.952 15.982 15.79 15.58 15.623 15.751 15.783 15.729 15.687 15.541 15.403 15.336 15.291 15.227 15.386 15.546 15.662 15.746 15.797 15.795 15.63 15.676 15.887 15.929 15.968 15.977 15.999 16.085 16.152 16.205 16.152 16.02 16.031 15.996 15.981 16.042 16.03 15.978 15.802 15.804 15.894 15.964 15.978 16.071 16.272 15.908
16.502 16.502 16.465 16.497 16.489 16.428 16.477 16.349 16.357 16.448 16.379 16.228 16.184 16.262 16.339 16.338 16.356 16.385 16.549 16.59 16.42 16.109 15.958 15.794 15.886 16.036 16.153 15.976 15.728 15.649 15.627 15.564 15.649 15.689 15.654 15.55 15.497 15.482 15.302 15.104 15.435 15.68 15.796 15.856 15.879 15.899 15.941 15.979 15.975 16.011 16.066 16.106 16.138 16.192 16.259 16.349 16.422 16.427 16.4 16.316 16.316 16.329 16.191 16.227 16.161 16.168 16.267 16.357 16.423 16.514 16.538 16.559
16.451 16.482 16.474 16.435 16.414 16.385 16.455 16.446 16.403 16.394 16.307 16.149 16.197 16.302 16.467 16.384 16.408 16.56 16.686 16.535 16.425 16.323 16.077 15.927 15.92 16.095 16.265 16.143 15.957 15.788 15.631 15.614 15.782 15.782 15.691 15.702 15.739 15.796 15.623 15.331 15.444 15.79 15.868 15.953 15.929 15.943 15.939 15.994 16.012 16.074 16.132 16.176 16.236 16.279 16.342 16.424 16.548 16.626 16.664 16.655 16.642 16.612 16.578 16.526 16.244 16.646 16.558 16.66 16.844 16.879 16.857 16.953
16.333 16.45 16.364 16.369 16.396 16.404 16.495 16.458 16.393 16.297 16.205 16.233 16.371 16.439 16.424 16.312 16.468 16.591 16.598 16.415 16.365 16.301 16.201 16.049 16.011 16.146 16.272 16.201 16.199 16.045 15.852 15.857 16.063 15.798 15.739 15.9 15.891 15.863 15.718 15.573 15.723 15.923 15.968 16.033 15.942 15.971 15.981 16.012 16.036 16.084 16.161 16.156 16.339 16.343 16.432 16.491 16.608 16.7 16.798 16.869 16.894 16.915 16.925 16.954 16.923 16.979 17.02 17.074 17.17 17.168 17.221 17.244
16.42 16.444 16.331 16.361 16.457 16.518 16.483 16.44 16.368 16.269 16.277 16.424 16.528 16.547 16.334 16.357 16.488 16.516 16.553 16.364 16.299 16.326 16.163 16.108 16.053 16.043 16.115 16.242 16.377 16.303 16.107 16.148 16.25 16.116 15.962 16.066 15.949 15.87 15.819 15.814 15.944 15.958 15.341 15.05 15.983 15.984 15.991 15.978 15.995 16.004 16.149 14.432 15.915 16.267 16.538 16.542 16.685 16.787 16.875 16.969 17.056 17.147 17.196 17.262 17.315 17.328 17.435 17.424 17.405 17.439 17.476 17.494
16.518 16.438 16.448 16.446 16.482 16.491 16.427 16.447 16.383 16.317 16.371 16.539 16.618 16.525 16.334 16.348 16.432 16.537 16.669 16.52 16.361 16.432 16.404 16.292 16.125 16.099 16.228 16.342 16.477 16.451 16.259 16.351 16.422 16.344 16.305 16.271 16.063 15.861 15.916 15.865 15.89 15.917 15.951 15.789 15.969 15.986 16.002 15.952 15.993 16.089 16.159 15.902 16.362 16.499 16.565 16.563 16.737 16.845 16.938 17.049 17.154 17.251 17.347 17.419 17.534 17.581 17.644 17.651 17.68 17.611 17.718 17.754
16.503 16.522 16.529 16.521 16.507 16.485 16.46 16.436 16.417 16.414 16.418 16.543 16.664 16.663 16.449 16.38 16.525 16.686 16.796 16.527 16.364 16.437 16.462 16.304 16.233 16.309 16.381 16.367 16.523 16.525 16.486 16.555 16.497 16.355 16.231 16.019 15.818 15.922 15.966 15.891 15.876 15.826 15.696 15.651 15.961 15.915 14.547 16.047 16.088 16.065 16.153 16.267 16.378 16.469 16.471 16.603 16.781 16.903 17.012 17.129 17.245 17.339 17.439 17.543 17.666 17.765 17.839 17.864 17.925 17.893 17.984 18.021
16.454 16.494 16.535 16.469 16.485 16.528 16.462 16.418 16.463 16.569 16.525 16.526 16.632 16.695 16.617 16.52 16.679 16.833 16.87 16.546 16.376 16.44 16.509 16.291 16.359 16.488 16.577 16.666 16.765 16.678 16.63 16.648 16.589 16.47 16.291 16.079 15.955 15.979 16.043 15.999 15.842 15.889 15.766 15.684 15.885 15.56 14.872 15.981 16.074 16.087 16.073 16.247 16.386 16.444 16.493 16.635 16.82 16.951 17.068 17.2 17.326 17.427 17.542 17.648 17.757 17.877 17.978 18.073 18.118 18.179 18.229 18.276
