raw_data/humedad_relativa/hora15/rh15dec.txt
ncols         501
nrows         361
xllcorner     109.95
yllcorner     -45.05
cellsize      0.1
NODATA_value  -9999
[rows 192 to 223 of 361, columns 0 to 71 of 501]
59.198 59.125 59.049 58.968 58.884 58.796 58.704 58.608 58.507 58.402 58.291 58.175 58.054 57.926 57.793 57.654 57.508 57.354 57.194 57.027 56.851 56.668 56.476 56.276 56.067 55.849 55.622 55.385 55.138 54.882 54.615 54.338 54.051 53.752 53.442 53.12 52.786 52.437 52.073 51.691 51.288 50.86 50.4 49.256 48.402 46.235 45.3 44.566 43.609 42.688 41.764 40.536 39.787 38.893 37.738 36.952 35.623 34.456 33.42 32.253 31.055 29.917 28.844 27.846 27.153 26.462 25.78 24.802 24.014 23.402 22.456 21.769
59.309 59.237 59.162 59.083 59.001 58.915 58.825 58.73 58.632 58.528 58.42 58.307 58.189 58.065 57.935 57.8 57.658 57.51 57.355 57.193 57.024 56.847 56.663 56.471 56.271 56.063 55.847 55.622 55.389 55.147 54.896 54.636 54.367 54.089 53.802 53.505 53.198 52.88 52.549 52.205 51.843 51.46 51.049 50.602 49.428 48.029 47.156 45.702 44.391 43.599 42.653 41.256 40.592 39.577 38.664 37.375 35.883 34.454 33.902 32.284 31.755 30.489 29.358 28.502 27.813 27.156 26.391 25.52 24.301 24.043 23.392 22.809
59.418 59.347 59.273 59.196 59.116 59.031 58.943 58.851 58.754 58.653 58.548 58.437 58.322 58.201 58.075 57.944 57.806 57.662 57.512 57.356 57.193 57.023 56.846 56.662 56.471 56.272 56.066 55.853 55.632 55.403 55.167 54.923 54.672 54.414 54.147 53.874 53.593 53.303 53.004 52.696 52.374 52.037 51.678 51.287 50.851 49.724 47.938 47.036 45.761 44.481 43.453 42.506 41.269 40.735 39.466 37.953 36.404 34.998 33.85 33.275 32.189 31.036 29.681 28.769 28.419 27.685 26.733 25.934 25.094 24.594 23.658 23.147
59.525 59.455 59.383 59.307 59.228 59.146 59.059 58.969 58.875 58.776 58.673 58.565 58.453 58.335 58.213 58.085 57.951 57.812 57.667 57.516 57.359 57.195 57.025 56.849 56.665 56.476 56.279 56.076 55.866 55.65 55.427 55.198 54.963 54.722 54.475 54.223 53.964 53.701 53.431 53.155 52.872 52.578 52.27 51.94 51.573 51.144 49.622 47.425 47.477 45.536 44.36 43.252 42.829 41.265 39.625 38.543 36.978 35.829 34.417 33.51 32.425 31.152 30.158 29.353 29.018 28.041 27.089 25.771 25.499 24.895 23.773 23.209
59.63 59.562 59.491 59.417 59.339 59.258 59.174 59.085 58.993 58.897 58.796 58.691 58.581 58.467 58.347 58.223 58.093 57.958 57.818 57.672 57.52 57.362 57.199 57.029 56.853 56.672 56.484 56.29 56.091 55.886 55.675 55.459 55.238 55.012 54.782 54.548 54.31 54.068 53.824 53.576 53.325 53.07 52.808 52.536 52.243 51.905 50.956 49.767 47.767 47.116 45.08 44.831 42.714 42.242 40.711 38.746 37.209 36.449 34.796 33.757 32.684 31.611 30.94 30.12 29.466 28.019 27.726 26.753 25.689 24.879 24.317 23.361
59.733 59.666 59.596 59.524 59.448 59.368 59.286 59.199 59.109 59.015 58.916 58.814 58.707 58.595 58.479 58.358 58.232 58.101 57.965 57.823 57.677 57.524 57.367 57.203 57.034 56.86 56.68 56.495 56.305 56.11 55.909 55.705 55.496 55.283 55.066 54.847 54.625 54.401 54.176 53.95 53.724 53.499 53.273 53.047 52.817 52.573 52.276 50.598 49.559 46.832 46.162 44.824 43.083 41.747 41.291 39.849 38.317 37.091 35.775 34.399 33.217 32.067 30.77 30.561 30.013 28.392 27.846 26.983 26.191 25.106 24.404 23.606
59.834 59.768 59.7 59.629 59.554 59.476 59.395 59.311 59.222 59.13 59.034 58.934 58.829 58.72 58.607 58.489 58.367 58.24 58.108 57.97 57.828 57.681 57.528 57.371 57.208 57.04 56.867 56.69 56.507 56.32 56.129 55.933 55.734 55.532 55.326 55.118 54.908 54.697 54.486 54.274 54.063 53.854 53.648 53.445 53.246 53.05 52.72 52.332 50.292 48.026 46.218 45.715 43.731 41.985 41.565 40.073 38.373 37.405 35.75 34.661 33.862 32.896 32.019 31.154 30.274 28.433 27.735 26.891 26.351 25.147 24.699 24.153
59.933 59.869 59.802 59.732 59.658 59.582 59.503 59.42 59.333 59.243 59.149 59.051 58.949 58.842 58.732 58.617 58.498 58.374 58.245 58.112 57.974 57.831 57.683 57.531 57.374 57.211 57.044 56.873 56.697 56.517 56.333 56.145 55.953 55.758 55.56 55.36 55.158 54.955 54.75 54.545 54.339 54.134 53.928 53.72 53.507 53.276 52.983 52.223 51.187 48.044 47.137 45.396 44.151 42.668 41.5 40.279 39.392 37.671 36.395 34.886 34.45 33.238 32.072 31.551 30.804 29.212 28.1 27.114 26.287 25.324 24.843 24.557
60.03 59.967 59.901 59.832 59.76 59.686 59.607 59.526 59.441 59.353 59.261 59.165 59.065 58.961 58.853 58.741 58.625 58.504 58.378 58.249 58.114 57.975 57.832 57.684 57.531 57.373 57.211 57.045 56.874 56.7 56.521 56.338 56.152 55.962 55.769 55.574 55.375 55.174 54.97 54.764 54.554 54.34 54.118 53.884 53.626 53.32 52.912 52.31 51.299 50.063 47.003 45.771 44.235 43.111 42.461 41.32 39.572 37.907 36.959 36.073 34.676 33.611 32.606 31.868 31.144 29.409 28.649 27.481 26.361 25.307 24.899 24.654
60.125 60.063 59.998 59.93 59.86 59.786 59.71 59.63 59.546 59.46 59.369 59.275 59.178 59.076 58.97 58.861 58.747 58.629 58.506 58.38 58.249 58.113 57.973 57.828 57.679 57.526 57.368 57.206 57.039 56.868 56.693 56.514 56.331 56.144 55.954 55.759 55.56 55.357 55.15 54.936 54.715 54.483 54.236 53.964 53.654 53.279 52.799 52.167 51.362 50.219 48.705 46.594 44.866 43.35 43.325 41.967 40.481 38.581 36.968 36.353 35.283 34.037 32.955 32.124 31.471 30.263 28.969 27.758 26.9 25.48 24.752 22.63
60.218 60.157 60.093 60.027 59.957 59.885 59.809 59.731 59.649 59.564 59.475 59.383 59.287 59.187 59.084 58.976 58.865 58.749 58.629 58.505 58.377 58.244 58.107 57.965 57.82 57.669 57.514 57.355 57.191 57.023 56.851 56.673 56.492 56.306 56.115 55.918 55.716 55.508 55.292 55.067 54.829 54.575 54.299 53.989 53.632 53.205 52.681 52.037 51.261 50.367 49.045 47.411 45.731 44.974 43.548 42.235 40.986 39.003 36.922 36.667 35.517 34.725 32.013 32.606 31.423 30.467 29.365 28.298 27.394 26.012 24.719 24.945
60.309 60.248 60.186 60.12 60.052 59.981 59.906 59.829 59.749 59.665 59.578 59.487 59.393 59.295 59.193 59.087 58.978 58.864 58.747 58.625 58.499 58.369 58.234 58.095 57.951 57.803 57.651 57.493 57.331 57.165 56.993 56.816 56.635 56.447 56.254 56.054 55.846 55.63 55.403 55.164 54.908 54.63 54.324 53.98 53.585 53.121 52.571 51.921 51.166 50.314 48.994 47.823 46.43 44.807 42.305 41.259 40.595 39.28 37.608 36.81 36.129 34.855 33.586 32.479 31.559 30.798 29.895 28.64 27.745 26.694 25.938 25.464
60.397 60.338 60.276 60.211 60.144 60.074 60.001 59.925 59.845 59.763 59.677 59.588 59.495 59.399 59.298 59.194 59.087 58.975 58.859 58.739 58.615 58.487 58.354 58.216 58.075 57.928 57.777 57.621 57.46 57.294 57.122 56.944 56.761 56.571 56.374 56.168 55.953 55.727 55.488 55.233 54.959 54.658 54.326 53.953 53.528 53.038 52.472 51.821 51.083 50.261 49.338 47.989 46.02 43.983 42.746 41.259 40.524 39.562 38.392 37.323 35.945 34.59 33.678 32.919 31.841 31.137 29.647 29.193 28.299 27.414 26.299 25.356
60.484 60.425 60.364 60.3 60.234 60.165 60.093 60.017 59.939 59.858 59.773 59.685 59.594 59.498 59.4 59.297 59.191 59.081 58.966 58.848 58.725 58.598 58.467 58.331 58.19 58.044 57.894 57.738 57.577 57.411 57.238 57.059 56.873 56.679 56.476 56.264 56.041 55.805 55.553 55.283 54.99 54.669 54.314 53.918 53.47 52.962 52.387 51.737 51.012 50.215 49.328 48.037 46.494 44.503 43.489 41.824 40.906 39.559 38.73 37.508 36.145 34.918 33.933 32.839 32.26 30.961 30.023 29.539 28.485 27.668 26.368 25.216
60.568 60.51 60.45 60.387 60.321 60.253 60.182 60.107 60.03 59.95 59.866 59.779 59.689 59.595 59.497 59.396 59.291 59.181 59.068 58.951 58.829 58.703 58.573 58.438 58.298 58.152 58.002 57.846 57.685 57.517 57.342 57.16 56.971 56.773 56.565 56.345 56.114 55.867 55.603 55.318 55.009 54.67 54.296 53.881 53.416 52.896 52.315 51.668 50.955 50.178 49.168 48.136 46.905 45.343 43.905 42.204 40.593 39.542 38.901 37.57 36.591 35.478 34.1 33.054 32.233 30.95 30.052 29.322 28.618 27.448 26.696 25.681
60.65 60.593 60.533 60.471 60.406 60.338 60.268 60.195 60.118 60.038 59.956 59.87 59.78 59.687 59.59 59.49 59.386 59.278 59.165 59.049 58.928 58.803 58.673 58.538 58.398 58.253 58.102 57.945 57.783 57.613 57.436 57.251 57.058 56.855 56.641 56.414 56.174 55.917 55.641 55.343 55.02 54.666 54.277 53.847 53.37 52.842 52.258 51.616 50.914 50.154 49.003 48.114 47.056 45.053 43.499 42.02 40.638 39.713 39.202 37.818 36.538 35.117 34.186 33.663 32.58 31.412 30.126 29.692 28.742 27.607 26.604 25.573
60.73 60.674 60.614 60.553 60.489 60.421 60.352 60.279 60.203 60.124 60.042 59.957 59.868 59.776 59.68 59.58 59.477 59.369 59.258 59.142 59.021 58.896 58.767 58.632 58.492 58.346 58.194 58.037 57.872 57.7 57.521 57.333 57.135 56.927 56.707 56.473 56.224 55.958 55.672 55.363 55.027 54.661 54.259 53.819 53.334 52.801 52.217 51.579 50.887 50.143 49.325 48.065 47.002 45.267 43.206 41.865 40.919 39.913 39.205 38.29 36.931 35.742 34.792 33.971 32.725 31.573 30.042 29.865 29.171 28.08 26.815 25.844
60.808 60.752 60.693 60.632 60.569 60.502 60.433 60.361 60.285 60.207 60.126 60.041 59.953 59.861 59.766 59.667 59.564 59.456 59.345 59.23 59.109 58.984 58.855 58.719 58.579 58.432 58.28 58.121 57.954 57.78 57.598 57.406 57.204 56.991 56.765 56.524 56.268 55.993 55.698 55.379 55.033 54.657 54.247 53.798 53.308 52.773 52.191 51.559 50.877 50.146 49.315 47.529 47.242 45.393 43.803 42.594 41.389 40.192 39.485 38.623 37.46 36 35.287 33.851 32.785 31.539 30.641 29.859 29.413 28.328 27.333 26.459
60.884 60.828 60.77 60.709 60.646 60.58 60.511 60.44 60.365 60.287 60.206 60.122 60.034 59.943 59.848 59.749 59.646 59.54 59.428 59.313 59.193 59.068 58.937 58.802 58.66 58.513 58.359 58.198 58.03 57.853 57.667 57.472 57.266 57.048 56.816 56.57 56.307 56.025 55.722 55.395 55.041 54.658 54.241 53.787 53.295 52.759 52.18 51.554 50.883 50.165 49.375 48.037 46.259 44.552 44.115 41.811 41.111 40.18 39.643 38.8 37.474 36.14 35.376 33.953 32.668 31.977 30.682 29.928 29.494 28.529 27.748 26.903
60.958 60.902 60.845 60.784 60.721 60.656 60.587 60.516 60.442 60.364 60.283 60.2 60.112 60.021 59.926 59.828 59.725 59.619 59.507 59.392 59.271 59.146 59.015 58.879 58.737 58.588 58.432 58.27 58.099 57.92 57.731 57.533 57.323 57.1 56.864 56.612 56.343 56.055 55.746 55.412 55.053 54.664 54.243 53.786 53.293 52.759 52.184 51.566 50.904 50.199 49.329 47.739 45.515 45.539 43.161 42.267 40.988 40.673 39.613 39.022 37.589 36.036 35.338 34.166 32.949 32.16 31.12 30.056 29.393 28.651 27.958 26.927
61.03 60.974 60.917 60.857 60.794 60.729 60.661 60.59 60.516 60.438 60.358 60.274 60.187 60.096 60.002 59.903 59.801 59.694 59.583 59.467 59.346 59.22 59.088 58.951 58.808 58.658 58.501 58.336 58.164 57.982 57.791 57.589 57.375 57.149 56.908 56.652 56.378 56.085 55.771 55.433 55.069 54.676 54.253 53.796 53.303 52.773 52.203 51.593 50.942 50.25 49.517 47.645 45.451 45.645 43.98 42.95 41.231 40.436 39.733 39.187 37.949 36.268 35.294 34.062 33.137 32.54 31.285 30.217 29.291 28.253 27.741 27.329
61.099 61.045 60.987 60.927 60.865 60.8 60.732 60.661 60.587 60.51 60.43 60.346 60.259 60.168 60.074 59.975 59.873 59.766 59.654 59.538 59.416 59.29 59.158 59.019 58.875 58.724 58.565 58.399 58.224 58.04 57.846 57.641 57.424 57.194 56.95 56.69 56.412 56.116 55.798 55.456 55.09 54.696 54.272 53.816 53.326 52.801 52.238 51.637 50.996 50.317 49.598 48.534 47.511 46.475 45.123 43.261 41.355 40.377 39.997 39.289 37.818 36.773 35.58 34.416 33.322 32.743 31.442 30.493 29.77 28.723 27.95 27.336
61.167 61.113 61.056 60.996 60.934 60.869 60.801 60.73 60.656 60.579 60.499 60.415 60.328 60.237 60.143 60.044 59.941 59.834 59.722 59.605 59.483 59.356 59.223 59.084 58.938 58.786 58.625 58.457 58.281 58.095 57.898 57.691 57.471 57.238 56.991 56.728 56.448 56.148 55.828 55.485 55.117 54.723 54.3 53.847 53.361 52.842 52.287 51.695 51.066 50.4 49.695 48.577 47.072 45.295 43.738 43.351 42.08 40.799 40.374 39.362 38.524 37.163 35.901 34.972 34.013 32.933 31.508 30.883 29.855 28.663 27.746 27.172
61.233 61.179 61.122 61.062 61 60.935 60.867 60.797 60.723 60.646 60.566 60.482 60.395 60.304 60.209 60.11 60.007 59.899 59.787 59.669 59.547 59.419 59.285 59.145 58.998 58.844 58.682 58.513 58.334 58.146 57.948 57.738 57.516 57.281 57.032 56.767 56.484 56.183 55.861 55.518 55.151 54.758 54.337 53.888 53.408 52.895 52.349 51.768 51.152 50.499 49.809 48.936 47.724 46.747 44.373 43.816 42.555 40.832 40.698 39.658 38.913 37.394 36.439 35.379 34.141 32.54 31.949 31.196 29.87 28.827 27.519 27.288
61.298 61.243 61.186 61.127 61.065 61 60.932 60.861 60.787 60.71 60.63 60.546 60.459 60.368 60.272 60.173 60.07 59.961 59.849 59.731 59.607 59.479 59.344 59.203 59.055 58.9 58.737 58.565 58.385 58.196 57.996 57.784 57.561 57.324 57.073 56.806 56.522 56.22 55.899 55.556 55.19 54.8 54.383 53.939 53.466 52.962 52.425 51.856 51.252 50.614 49.939 49.227 47.704 47.128 45.902 44.523 42.269 41.887 41.21 39.839 39.161 37.916 36.57 35.321 34.042 32.959 32.15 30.944 30.013 29.264 28.12 26.696
61.36 61.306 61.249 61.189 61.127 61.062 60.994 60.923 60.85 60.772 60.692 60.608 60.52 60.429 60.333 60.234 60.13 60.021 59.908 59.789 59.665 59.536 59.4 59.258 59.109 58.952 58.788 58.616 58.434 58.243 58.042 57.829 57.604 57.366 57.114 56.847 56.563 56.261 55.94 55.599 55.236 54.849 54.437 53.999 53.534 53.039 52.514 51.957 51.367 50.744 50.085 49.39 47.673 47.214 46.513 44.695 43.752 42.41 40.876 39.996 39.438 38.031 36.366 35.114 34.197 33.057 32.396 30.965 30.343 29.328 28.44 27.183
61.421 61.366 61.309 61.25 61.188 61.123 61.055 60.984 60.91 60.832 60.752 60.667 60.58 60.488 60.392 60.292 60.187 60.078 59.964 59.845 59.72 59.59 59.453 59.31 59.161 59.003 58.838 58.664 58.482 58.29 58.087 57.873 57.647 57.409 57.156 56.889 56.605 56.304 55.985 55.646 55.287 54.905 54.499 54.068 53.611 53.127 52.614 52.07 51.496 50.888 50.247 49.57 48.753 47.291 46.62 45.626 44.484 43.202 41.639 40.659 39.711 37.553 36.068 35.812 34.517 33.516 31.807 31.133 30.104 29.299 27.945 27.129
61.48 61.426 61.368 61.309 61.246 61.181 61.113 61.042 60.968 60.89 60.809 60.725 60.637 60.545 60.448 60.348 60.243 60.133 60.019 59.899 59.773 59.642 59.505 59.361 59.21 59.052 58.886 58.711 58.528 58.335 58.131 57.917 57.691 57.452 57.199 56.932 56.65 56.351 56.034 55.698 55.343 54.966 54.567 54.144 53.697 53.224 52.724 52.195 51.636 51.046 50.423 49.766 49.071 47.505 46.416 46.016 44.659 42.918 42.614 40.659 39.951 37.859 37.356 36.158 34.79 33.316 32.29 31.245 29.794 28.899 28.159 26.891
61.538 61.483 61.426 61.366 61.304 61.238 61.17 61.099 61.024 60.947 60.865 60.78 60.692 60.599 60.503 60.402 60.296 60.186 60.071 59.95 59.824 59.693 59.555 59.41 59.258 59.099 58.932 58.757 58.573 58.379 58.175 57.961 57.734 57.496 57.244 56.978 56.697 56.4 56.086 55.754 55.403 55.033 54.641 54.227 53.79 53.329 52.842 52.328 51.787 51.215 50.612 49.976 49.303 48.59 46.474 46.183 45.426 44.411 42.686 41.546 40.453 38.625 37.875 36.269 34.957 33.233 32.252 31.728 29.956 29.118 27.792 27.471
61.594 61.539 61.482 61.422 61.359 61.294 61.225 61.154 61.079 61.001 60.919 60.834 60.745 60.652 60.555 60.454 60.348 60.237 60.121 60 59.874 59.741 59.602 59.457 59.305 59.145 58.978 58.802 58.617 58.423 58.219 58.004 57.778 57.54 57.289 57.024 56.745 56.451 56.141 55.813 55.468 55.104 54.72 54.315 53.889 53.44 52.967 52.469 51.946 51.394 50.812 50.198 49.549 48.861 47.932 46.881 45.95 44.846 43.065 42.05 40.824 38.657 37.026 35.693 34.599 33.696 32.413 31.879 30.028 29.046 28.218 26.95
61.648 61.594 61.536 61.476 61.413 61.347 61.279 61.207 61.132 61.054 60.972 60.886 60.797 60.703 60.606 60.504 60.398 60.286 60.17 60.049 59.921 59.788 59.649 59.503 59.35 59.19 59.022 58.846 58.661 58.466 58.262 58.048 57.822 57.585 57.335 57.072 56.796 56.504 56.198 55.875 55.535 55.178 54.802 54.407 53.991 53.555 53.097 52.616 52.11 51.579 51.02 50.43 49.807 49.146 48.442 47.127 45.866 45.463 44.471 41.547 40.873 39.219 36.709 36.051 34.886 33.475 32.679 31.742 30.267 29.156 28.096 27.348
61.702 61.647 61.589 61.529 61.466 61.4 61.331 61.259 61.183 61.105 61.022 60.937 60.847 60.753 60.655 60.553 60.446 60.334 60.217 60.095 59.968 59.834 59.694 59.548 59.394 59.234 59.065 58.889 58.704 58.509 58.306 58.091 57.867 57.63 57.382 57.121 56.847 56.559 56.256 55.939 55.605 55.254 54.887 54.501 54.097 53.673 53.229 52.765 52.278 51.767 51.231 50.668 50.073 49.443 48.77 47.6 46.976 46.031 44.946 42.757 41.14 40.405 38.591 34.857 34.779 34.342 32.466 31.32 30.345 28.84 28.188 27.18
