raw_data/humedad_relativa/hora15/rh15aug.txt
ncols         501
nrows         361
xllcorner     109.95
yllcorner     -45.05
cellsize      0.1
NODATA_value  -9999
[rows 320 to 351 of 361, columns 360 to 431 of 501]
71.859 71.554 71.248 70.942 70.636 70.334 70.037 69.748 69.47 69.207 69.054 68.816 68.548 68.471 68.272 68.172 68.644 68.488 68.522 68.202 67.92 68.096 68.155 68.013 67.816 67.782 67.744 67.705 67.664 67.624 67.584 67.546 67.51 67.476 67.446 67.418 67.394 67.372 67.354 67.339 67.327 67.318 67.311 67.308 67.307 67.309 67.313 67.319 67.328 67.338 67.351 67.366 67.383 67.401 67.422 67.444 67.468 67.494 67.521 67.55 67.581 67.613 67.647 67.682 67.719 67.758 67.798 67.84 67.883 67.928 67.974 68.022
72.194 71.558 71.216 70.886 70.554 70.222 69.893 69.605 69.256 69.181 69.169 68.599 68.773 68.339 68.078 68.022 67.985 67.561 68.594 68.001 68.665 68.408 67.919 67.491 67.486 67.478 67.466 67.451 67.434 67.416 67.398 67.379 67.362 67.345 67.33 67.317 67.306 67.297 67.291 67.286 67.284 67.284 67.286 67.291 67.297 67.306 67.317 67.329 67.343 67.359 67.377 67.397 67.418 67.441 67.466 67.492 67.519 67.549 67.579 67.611 67.645 67.68 67.717 67.755 67.794 67.835 67.877 67.921 67.966 68.012 68.06 68.11
73.147 72.261 71.832 71.17 70.693 70.796 69.911 70.684 69.385 68.705 68.816 68.696 69.445 68.43 71.005 67.928 67.754 69.001 69.558 69.137 70.54 67.816 68.112 67.133 67.154 67.171 67.185 67.194 67.201 67.205 67.207 67.208 67.209 67.21 67.211 67.212 67.215 67.219 67.224 67.23 67.238 67.247 67.258 67.271 67.285 67.301 67.318 67.337 67.357 67.379 67.402 67.426 67.452 67.48 67.508 67.538 67.57 67.602 67.636 67.672 67.708 67.746 67.785 67.826 67.867 67.91 67.955 68.001 68.048 68.096 68.145 68.196
72.227 73.05 71.986 71.966 70.604 70.837 70.211 70.354 70.734 68.641 68.239 68.443 68.727 69.275 69.193 70.032 72.857 69.088 70.441 68.913 67.227 67.659 66.889 66.775 66.822 66.865 66.904 66.937 66.967 66.993 67.016 67.036 67.055 67.072 67.089 67.105 67.121 67.138 67.154 67.172 67.19 67.209 67.229 67.25 67.271 67.294 67.318 67.343 67.37 67.397 67.425 67.455 67.485 67.517 67.55 67.584 67.619 67.655 67.692 67.731 67.77 67.811 67.853 67.896 67.94 67.985 68.032 68.079 68.128 68.178 68.23 68.282
73.566 72.409 72.044 72.212 71.025 70.151 70.298 70.696 70.529 69.269 68.517 67.3 68.128 68.349 73.758 69.72 72.165 69.738 67.352 66.955 69.059 67.248 67.103 66.421 66.495 66.564 66.626 66.684 66.736 66.783 66.825 66.865 66.901 66.935 66.967 66.997 67.027 67.056 67.084 67.113 67.141 67.169 67.198 67.227 67.257 67.287 67.318 67.349 67.381 67.414 67.448 67.482 67.517 67.553 67.59 67.628 67.667 67.707 67.747 67.789 67.832 67.875 67.92 67.965 68.012 68.059 68.108 68.158 68.208 68.26 68.313 68.367
75.079 74.371 73.729 72.771 71.216 70.996 70.592 69.995 69.254 68.597 67.812 67.872 66.79 66.988 67.651 67.815 69.954 72.003 67.244 67.576 67.226 66.788 67.167 66.074 66.175 66.269 66.356 66.436 66.51 66.577 66.639 66.696 66.75 66.8 66.847 66.891 66.934 66.975 67.015 67.054 67.092 67.13 67.167 67.205 67.242 67.279 67.317 67.354 67.392 67.431 67.47 67.509 67.549 67.59 67.631 67.673 67.715 67.758 67.802 67.847 67.892 67.939 67.986 68.034 68.083 68.133 68.184 68.235 68.288 68.342 68.396 68.452
74.73 74.014 75.267 75.621 71.804 71.115 70.535 69.938 69.233 68.434 67.753 67.116 66.805 66.419 67.261 68.259 69.757 73.759 69.416 67.145 66.483 66.727 66.979 66.909 65.867 65.986 66.097 66.199 66.292 66.379 66.459 66.534 66.604 66.669 66.73 66.788 66.844 66.897 66.948 66.997 67.045 67.092 67.138 67.183 67.228 67.272 67.316 67.36 67.404 67.448 67.492 67.536 67.581 67.626 67.671 67.717 67.763 67.81 67.857 67.905 67.953 68.002 68.052 68.103 68.154 68.206 68.259 68.313 68.367 68.422 68.479 68.536
77.278 73.043 73.589 75.661 77.159 74.972 71.648 75.743 72.481 68.393 67.383 66.666 66.241 65.906 65.532 66.262 67.263 68.545 66.827 67.578 69.268 68.461 68.069 65.424 65.575 65.718 65.851 65.973 66.086 66.191 66.289 66.38 66.465 66.544 66.619 66.69 66.758 66.822 66.884 66.943 67 67.056 67.11 67.163 67.215 67.267 67.317 67.367 67.417 67.466 67.515 67.564 67.613 67.662 67.712 67.761 67.811 67.861 67.912 67.962 68.014 68.066 68.118 68.171 68.225 68.279 68.334 68.39 68.446 68.503 68.561 68.62
76.23 77.133 74.469 77.241 77.12 76.857 76.481 75.344 75.297 70.054 68.037 66.381 65.673 65.319 65.003 64.66 64.719 64.975 65.507 66.209 65.818 68.104 67.329 65.125 65.304 65.469 65.621 65.762 65.893 66.015 66.129 66.235 66.334 66.427 66.515 66.598 66.677 66.752 66.824 66.893 66.959 67.023 67.086 67.146 67.205 67.263 67.32 67.376 67.431 67.485 67.539 67.593 67.647 67.7 67.753 67.806 67.86 67.913 67.967 68.021 68.075 68.129 68.184 68.24 68.296 68.352 68.409 68.467 68.525 68.584 68.643 68.703
78.205 76.289 77.213 77.111 76.504 76.368 76.141 75.398 74.887 74.527 70.996 66.444 66.579 65.634 64.108 64.62 64.684 68.458 69.604 69.405 65.641 64.999 67.164 65.09 65.056 65.241 65.411 65.57 65.717 65.854 65.982 66.102 66.214 66.32 66.42 66.514 66.604 66.689 66.77 66.848 66.923 66.995 67.065 67.132 67.198 67.262 67.325 67.386 67.447 67.506 67.565 67.623 67.681 67.738 67.795 67.852 67.909 67.966 68.022 68.079 68.136 68.193 68.251 68.309 68.367 68.425 68.484 68.544 68.604 68.664 68.725 68.787
76.991 75.574 77.438 76.512 75.474 76.557 75.415 75.196 74.704 73.645 73.134 69.701 70.59 65.037 66.849 63.485 65.777 67.627 67.963 67.094 64.627 64.523 64.525 64.62 64.837 65.038 65.224 65.397 65.558 65.709 65.85 65.982 66.107 66.224 66.334 66.439 66.538 66.633 66.723 66.809 66.892 66.971 67.048 67.122 67.194 67.265 67.333 67.4 67.465 67.53 67.593 67.656 67.717 67.779 67.839 67.9 67.96 68.019 68.079 68.139 68.198 68.258 68.318 68.378 68.438 68.499 68.56 68.621 68.683 68.745 68.808 68.871
75.856 77.119 75.083 75.493 74.119 73.482 75.218 73.537 73.783 72.529 70.696 71.861 71.545 66.972 63.674 62.977 65.252 66.039 68.213 65.141 63.962 63.933 64.171 65.323 64.648 64.862 65.061 65.246 65.42 65.582 65.735 65.878 66.013 66.14 66.26 66.374 66.482 66.585 66.683 66.777 66.867 66.953 67.037 67.117 67.195 67.271 67.345 67.416 67.487 67.556 67.623 67.69 67.756 67.821 67.885 67.949 68.012 68.074 68.137 68.199 68.262 68.324 68.386 68.448 68.511 68.573 68.636 68.699 68.762 68.826 68.89 68.955
74.038 75.956 75.125 74.613 73.852 73.02 74.226 73.063 70.199 70.158 72.022 69.496 71.141 66.124 64.293 64.066 63.751 64.159 67.659 67.216 63.615 63.728 63.999 64.257 64.493 64.716 64.924 65.12 65.303 65.475 65.637 65.789 65.933 66.069 66.198 66.32 66.436 66.546 66.652 66.752 66.849 66.942 67.031 67.117 67.201 67.282 67.36 67.437 67.512 67.585 67.657 67.727 67.797 67.865 67.932 67.999 68.065 68.131 68.196 68.261 68.326 68.39 68.455 68.519 68.584 68.648 68.713 68.777 68.842 68.908 68.973 69.039
73.984 74.3 75.522 75.037 73.615 73.125 71.951 71.471 69.47 69.282 68.143 71.629 68.308 65.67 65.463 65.189 64.886 65.057 63.917 64.585 63.347 63.603 63.872 64.471 64.372 64.6 64.816 65.018 65.209 65.389 65.558 65.718 65.87 66.013 66.149 66.278 66.401 66.518 66.629 66.736 66.839 66.937 67.032 67.123 67.212 67.297 67.381 67.462 67.54 67.618 67.693 67.767 67.84 67.912 67.982 68.052 68.121 68.189 68.257 68.325 68.392 68.458 68.525 68.591 68.658 68.724 68.79 68.857 68.923 68.99 69.057 69.124
75.306 74.205 74.215 73.745 75.218 70.237 70.07 68.658 68.351 67.817 67.266 67.493 65.895 65.844 66.051 65.383 64.133 64.307 65.22 64.072 63.258 63.524 63.788 64.042 64.285 64.517 64.736 64.943 65.139 65.324 65.5 65.666 65.823 65.972 66.114 66.249 66.377 66.5 66.617 66.729 66.837 66.94 67.04 67.136 67.229 67.318 67.406 67.491 67.573 67.654 67.733 67.811 67.887 67.961 68.035 68.107 68.179 68.25 68.32 68.39 68.459 68.528 68.596 68.665 68.733 68.801 68.869 68.937 69.005 69.073 69.141 69.209
73.65 73.202 75.591 73.532 74.157 74.279 71.821 67.817 68.46 67.053 67.831 66.177 64.793 66.951 65.27 65.078 68.884 64.38 66.826 63.003 63.333 63.49 63.744 63.994 64.234 64.465 64.685 64.895 65.094 65.282 65.462 65.632 65.793 65.947 66.093 66.233 66.366 66.493 66.615 66.731 66.843 66.951 67.055 67.155 67.252 67.345 67.436 67.525 67.611 67.695 67.777 67.857 67.936 68.014 68.09 68.165 68.239 68.313 68.385 68.457 68.528 68.599 68.669 68.739 68.809 68.879 68.948 69.018 69.087 69.156 69.226 69.296
73.104 73.021 72.918 74 71.727 72.116 71.692 70.295 67.405 67.636 69.458 65.223 65.075 66.997 63.64 64.601 63.865 63.054 63.02 64.077 63.254 64.987 63.74 63.982 64.218 64.446 64.665 64.874 65.073 65.263 65.444 65.617 65.781 65.938 66.088 66.231 66.367 66.498 66.623 66.743 66.859 66.97 67.077 67.181 67.281 67.378 67.472 67.564 67.653 67.74 67.825 67.908 67.99 68.07 68.148 68.226 68.302 68.378 68.452 68.526 68.599 68.672 68.744 68.815 68.887 68.958 69.029 69.1 69.17 69.241 69.312 69.383
73.872 72.852 72.44 72.912 72.118 74.658 75.468 68.422 67.44 65.836 67.122 68.859 63.792 63.344 63.68 63.798 64.278 64.14 65.595 63.454 63.312 63.541 63.775 64.008 64.236 64.459 64.673 64.88 65.077 65.267 65.448 65.622 65.787 65.946 66.097 66.242 66.381 66.515 66.643 66.766 66.884 66.998 67.108 67.215 67.317 67.417 67.514 67.608 67.7 67.79 67.877 67.963 68.047 68.129 68.21 68.289 68.368 68.445 68.522 68.597 68.672 68.746 68.82 68.893 68.966 69.039 69.111 69.183 69.255 69.327 69.399 69.471
73.39 73.946 73.376 72.307 72.6 73.077 70.862 69.591 70.161 67.66 65.837 64.926 69.676 64.553 63.898 62.755 62.812 63.545 63.863 63.204 63.41 63.626 63.847 64.069 64.288 64.502 64.71 64.912 65.106 65.293 65.473 65.645 65.811 65.97 66.122 66.268 66.408 66.543 66.673 66.798 66.918 67.035 67.147 67.256 67.361 67.463 67.562 67.659 67.753 67.844 67.934 68.022 68.108 68.192 68.275 68.356 68.436 68.515 68.594 68.671 68.747 68.823 68.898 68.973 69.047 69.121 69.195 69.268 69.341 69.414 69.487 69.559
76.267 73.539 73.226 72.856 71.75 72.802 72.866 69.758 68.936 69.538 69.931 68.284 70.597 64.412 62.82 62.828 62.906 63.034 63.211 63.737 63.883 63.749 63.955 64.163 64.371 64.575 64.775 64.97 65.159 65.342 65.518 65.688 65.852 66.01 66.162 66.308 66.448 66.584 66.715 66.841 66.963 67.08 67.194 67.304 67.411 67.515 67.616 67.715 67.81 67.904 67.995 68.085 68.172 68.258 68.343 68.426 68.508 68.589 68.668 68.747 68.825 68.902 68.979 69.054 69.13 69.205 69.28 69.354 69.428 69.502 69.576 69.649
72.96 73.895 74.225 71.854 73.242 72.836 72.612 69.935 67.386 66.234 65.974 65.445 64.824 63.829 63.22 63.278 63.178 63.354 63.407 64.142 63.729 63.91 64.098 64.29 64.484 64.676 64.866 65.052 65.234 65.411 65.583 65.749 65.91 66.066 66.216 66.361 66.501 66.637 66.767 66.894 67.016 67.135 67.25 67.361 67.469 67.574 67.677 67.776 67.874 67.969 68.062 68.152 68.242 68.329 68.415 68.499 68.583 68.665 68.746 68.826 68.905 68.983 69.061 69.138 69.215 69.291 69.366 69.442 69.517 69.591 69.666 69.74
73.171 73.444 72.256 71.605 73.547 69.733 68.831 67.96 67.429 68.731 66.063 70.562 65.052 63.918 63.646 63.535 63.528 63.585 66.343 64.433 63.946 64.104 64.273 64.447 64.625 64.804 64.982 65.158 65.331 65.501 65.667 65.828 65.985 66.137 66.285 66.428 66.567 66.701 66.831 66.957 67.08 67.198 67.313 67.425 67.534 67.64 67.743 67.844 67.942 68.039 68.133 68.225 68.315 68.404 68.491 68.576 68.661 68.744 68.826 68.907 68.987 69.067 69.145 69.224 69.301 69.378 69.455 69.531 69.607 69.682 69.758 69.833
72.123 71.883 72.081 72.407 74.343 70.357 74.932 68.387 70.724 68.021 65.888 65.336 66.029 64.402 64.22 63.975 63.918 63.929 65.417 64.222 65.485 64.328 64.475 64.63 64.791 64.955 65.12 65.285 65.448 65.61 65.768 65.924 66.076 66.224 66.368 66.508 66.644 66.777 66.905 67.031 67.152 67.27 67.386 67.497 67.607 67.713 67.817 67.918 68.017 68.114 68.208 68.301 68.393 68.482 68.57 68.657 68.742 68.826 68.909 68.991 69.072 69.153 69.232 69.311 69.39 69.467 69.545 69.622 69.698 69.775 69.851 69.926
72.008 72.8 71.224 70.568 73.673 73.542 74.621 69.766 73.565 67.609 66.216 65.689 65.233 64.863 64.591 64.416 64.324 64.298 64.321 64.381 64.469 64.577 64.701 64.836 64.979 65.127 65.278 65.431 65.584 65.736 65.887 66.035 66.181 66.324 66.464 66.6 66.734 66.863 66.99 67.114 67.234 67.351 67.466 67.577 67.686 67.792 67.896 67.997 68.097 68.194 68.289 68.383 68.474 68.565 68.653 68.741 68.827 68.912 68.995 69.078 69.16 69.241 69.321 69.401 69.48 69.559 69.637 69.714 69.791 69.868 69.945 70.021
71.976 71.768 71.341 73.109 70.957 72.093 71.674 70.934 70.877 67.15 66.751 66.451 65.758 66.549 65.035 64.848 64.732 64.676 64.669 64.7 64.761 64.845 64.946 65.061 65.186 65.318 65.455 65.595 65.736 65.879 66.02 66.161 66.3 66.437 66.572 66.704 66.834 66.961 67.085 67.206 67.325 67.441 67.554 67.664 67.772 67.878 67.982 68.083 68.182 68.279 68.375 68.469 68.561 68.651 68.74 68.828 68.915 69 69.085 69.168 69.25 69.332 69.413 69.493 69.573 69.652 69.73 69.809 69.886 69.964 70.041 70.118
71.973 72.856 71.71 71.542 70.007 71.351 71.869 71.724 71.735 67.52 66.871 66.432 66.045 65.719 65.459 65.265 65.132 65.054 65.023 65.029 65.065 65.126 65.206 65.302 65.409 65.525 65.647 65.774 65.904 66.036 66.168 66.301 66.432 66.563 66.692 66.82 66.945 67.068 67.189 67.308 67.424 67.538 67.649 67.759 67.866 67.971 68.073 68.174 68.273 68.37 68.466 68.559 68.651 68.742 68.831 68.92 69.006 69.092 69.177 69.261 69.344 69.426 69.507 69.588 69.668 69.747 69.826 69.905 69.983 70.061 70.138 70.215
71.986 71.547 71.086 70.606 70.112 69.609 69.103 69.58 68.108 67.637 67.193 66.787 66.426 66.117 65.863 65.666 65.523 65.429 65.377 65.362 65.377 65.417 65.478 65.554 65.644 65.744 65.852 65.966 66.084 66.205 66.328 66.452 66.576 66.7 66.824 66.946 67.066 67.185 67.303 67.418 67.532 67.643 67.753 67.86 67.966 68.069 68.171 68.271 68.369 68.466 68.561 68.654 68.746 68.837 68.926 69.014 69.101 69.187 69.272 69.356 69.439 69.522 69.603 69.684 69.765 69.844 69.924 70.003 70.081 70.159 70.237 70.315
72.015 71.593 71.152 70.697 70.23 69.757 69.283 68.814 68.357 67.919 67.507 67.129 66.79 66.496 66.25 66.053 65.903 65.796 65.729 65.696 65.693 65.714 65.757 65.816 65.89 65.975 66.069 66.17 66.276 66.386 66.5 66.615 66.731 66.848 66.965 67.081 67.197 67.311 67.425 67.537 67.647 67.756 67.863 67.968 68.072 68.174 68.275 68.373 68.471 68.567 68.661 68.754 68.845 68.936 69.025 69.113 69.2 69.286 69.371 69.455 69.538 69.62 69.702 69.783 69.864 69.944 70.023 70.103 70.181 70.26 70.338 70.415
72.059 71.653 71.232 70.8 70.359 69.914 69.47 69.031 68.605 68.197 67.812 67.458 67.139 66.859 66.621 66.424 66.27 66.154 66.075 66.028 66.009 66.014 66.041 66.084 66.143 66.214 66.294 66.383 66.477 66.577 66.681 66.787 66.895 67.005 67.115 67.226 67.336 67.446 67.555 67.663 67.77 67.875 67.98 68.083 68.185 68.285 68.384 68.481 68.577 68.672 68.766 68.858 68.949 69.038 69.127 69.215 69.301 69.387 69.472 69.556 69.639 69.722 69.803 69.885 69.965 70.045 70.125 70.204 70.283 70.362 70.44 70.518
72.116 71.726 71.324 70.914 70.497 70.077 69.66 69.249 68.851 68.469 68.109 67.776 67.474 67.207 66.976 66.782 66.625 66.504 66.415 66.356 66.324 66.315 66.327 66.357 66.401 66.459 66.527 66.603 66.687 66.776 66.87 66.968 67.068 67.17 67.274 67.378 67.483 67.588 67.692 67.796 67.899 68.002 68.103 68.204 68.303 68.401 68.498 68.594 68.689 68.782 68.875 68.966 69.056 69.145 69.233 69.32 69.406 69.492 69.576 69.66 69.743 69.825 69.907 69.988 70.069 70.149 70.229 70.308 70.387 70.465 70.543 70.621
72.184 71.81 71.427 71.036 70.642 70.246 69.853 69.468 69.093 68.735 68.397 68.083 67.797 67.541 67.318 67.127 66.969 66.843 66.747 66.679 66.636 66.615 66.615 66.632 66.664 66.709 66.765 66.83 66.903 66.983 67.067 67.156 67.248 67.343 67.44 67.538 67.637 67.737 67.836 67.936 68.035 68.134 68.233 68.33 68.427 68.523 68.618 68.712 68.805 68.897 68.988 69.078 69.167 69.255 69.343 69.429 69.515 69.6 69.684 69.767 69.85 69.932 70.013 70.094 70.175 70.255 70.334 70.413 70.492 70.571 70.649 70.727
72.263 71.905 71.538 71.167 70.793 70.419 70.048 69.685 69.333 68.996 68.677 68.38 68.108 67.863 67.647 67.46 67.302 67.173 67.072 66.996 66.944 66.913 66.902 66.907 66.928 66.962 67.007 67.062 67.125 67.195 67.27 67.351 67.435 67.523 67.613 67.704 67.798 67.892 67.987 68.082 68.178 68.273 68.368 68.462 68.556 68.65 68.742 68.834 68.926 69.016 69.106 69.194 69.282 69.369 69.456 69.541 69.626 69.71 69.794 69.877 69.959 70.041 70.122 70.202 70.283 70.362 70.442 70.521 70.599 70.678 70.756 70.834
