raw_data/humedad_relativa/hora15/rh15sep.txt
ncols         501
nrows         361
xllcorner     109.95
yllcorner     -45.05
cellsize      0.1
NODATA_value  -9999
[rows 192 to 223 of 361, columns 72 to 143 of 501]
32.78 32.453 32.157 31.773 31.393 31.024 30.517 30.305 29.887 29.452 29.119 28.889 28.564 28.269 28.006 27.705 27.413 27.129 26.835 26.659 26.377 26.337 26.141 25.973 25.8 25.564 25.413 25.33 25.279 25.173 25.017 24.892 24.8 24.659 24.515 24.352 24.215 24.12 24.079 24.072 24.028 24.032 24.068 23.953 23.956 24.06 24.106 24.131 24.15 24.168 24.169 24.147 23.976 24.058 24.166 24.259 24.31 24.316 24.32 24.323 24.424 24.603 24.784 24.876 24.796 24.828 24.964 25.211 25.21 25.308 25.436 25.598
33.471 33.109 32.656 32.219 31.827 31.364 30.975 30.814 30.343 29.904 29.603 29.411 29.075 28.734 28.487 28.181 27.872 27.608 27.393 27.159 26.976 26.796 26.621 26.435 26.239 26.038 25.87 25.74 25.613 25.483 25.377 25.28 25.184 25.067 24.933 24.799 24.654 24.588 24.511 24.328 24.291 24.298 24.285 24.166 24.185 24.314 24.33 24.385 24.397 24.444 24.502 24.485 24.393 24.366 24.397 24.499 24.654 24.633 24.582 24.599 24.736 24.901 25.081 25.19 25.183 25.175 25.315 25.502 25.525 25.679 25.852 25.962
34.033 33.574 33.063 32.679 32.249 31.96 31.653 31.253 30.789 30.398 30.111 29.87 29.51 29.175 28.876 28.57 28.256 27.975 27.829 27.608 27.329 27.126 26.958 26.813 26.655 26.467 26.293 26.14 25.959 25.722 25.581 25.505 25.464 25.387 25.295 25.205 25.099 25.007 24.894 24.72 24.683 24.644 24.554 24.413 24.458 24.542 24.433 24.612 24.68 24.741 24.787 24.75 24.746 24.699 24.75 24.869 24.978 24.974 24.895 24.963 25.048 25.231 25.385 25.477 25.498 25.532 25.666 25.764 25.929 26.132 26.242 26.333
34.477 34.033 33.658 33.311 32.903 32.545 32.04 31.681 31.243 30.847 30.553 30.262 30.009 29.531 29.215 28.917 28.667 28.371 28.277 28.079 27.78 27.517 27.344 27.204 26.999 26.775 26.597 26.422 26.205 25.949 25.816 25.771 25.715 25.598 25.553 25.47 25.474 25.374 25.266 24.934 25.092 24.961 24.828 24.794 24.72 24.771 24.831 24.898 24.991 25.088 25.002 25.047 25.043 24.969 25.019 25.195 25.223 25.348 25.279 25.321 25.51 25.646 25.707 25.758 25.799 25.906 26.012 26.162 26.312 26.44 26.563 26.716
34.916 34.581 34.294 33.922 33.505 33.085 32.626 31.985 31.723 31.308 30.971 30.644 30.41 30.019 29.615 29.359 29.137 28.791 28.705 28.512 28.259 28.03 27.794 27.552 27.284 27.03 26.859 26.651 26.529 26.31 26.198 26.14 26.037 25.918 25.849 25.76 25.765 25.744 25.651 25.525 25.407 25.282 25.118 25.161 25.049 25.059 25.042 25.036 25.29 25.412 25.456 25.425 25.422 25.264 25.385 25.566 25.678 25.744 25.76 25.846 25.974 26.053 26.071 26.096 26.169 26.332 26.493 26.686 26.728 26.909 27.08 27.251
35.436 35.156 34.843 34.396 33.985 33.562 33.186 32.738 32.188 31.658 31.273 31.194 30.874 30.429 29.965 29.731 29.51 29.38 29.133 28.861 28.656 28.408 28.092 27.818 27.619 27.411 27.2 27.018 26.891 26.801 26.658 26.569 26.483 26.387 26.292 26.189 26.112 26.077 25.882 25.845 25.735 25.693 25.642 25.591 25.533 25.397 25.285 25.506 25.615 25.703 25.793 25.578 25.64 25.731 25.772 25.862 25.926 26.062 26.163 26.287 26.374 26.367 26.401 26.527 26.647 26.823 27.036 27.212 27.371 27.505 27.637 27.721
36.006 35.692 35.336 34.853 34.416 33.923 33.256 32.997 32.555 32.116 31.879 31.675 31.36 30.914 30.515 30.189 29.924 29.766 29.461 29.235 29.057 28.748 28.395 28.138 27.998 27.879 27.702 27.449 27.334 27.223 27.057 26.925 26.838 26.734 26.648 26.578 26.463 26.389 26.297 26.244 26.125 25.963 26.027 25.982 25.947 25.926 25.836 25.879 25.984 26.065 25.973 26.122 26.131 26.195 26.177 26.163 26.17 26.357 26.511 26.646 26.781 26.764 26.826 27.053 27.254 27.365 27.539 27.621 27.802 27.904 27.865 27.982
36.634 36.252 35.862 35.381 34.869 34.426 33.968 33.54 33.186 32.73 32.517 32.22 31.806 31.308 30.935 30.563 30.319 30.13 29.869 29.7 29.404 29.129 28.866 28.58 28.386 28.289 28.144 27.953 27.788 27.572 27.359 27.207 27.123 26.999 26.889 26.87 26.747 26.621 26.583 26.538 26.518 26.362 26.41 26.35 26.352 26.259 26.229 26.138 26.278 26.409 26.449 26.533 26.552 26.606 26.486 26.525 26.669 26.816 26.9 27.067 27.137 27.261 27.319 27.578 27.723 27.82 27.891 28.043 28.08 28.109 28.197 28.36
37.163 36.77 36.126 35.871 35.34 34.926 34.508 34.078 33.779 33.16 32.776 32.549 32.192 31.821 31.42 31.113 30.826 30.575 30.371 30.028 29.809 29.612 29.394 29.082 28.831 28.719 28.534 28.341 28.089 27.882 27.648 27.479 27.391 27.296 27.187 27.157 26.959 26.789 26.805 26.744 26.738 26.773 26.753 26.748 26.723 26.672 26.562 26.475 26.623 26.706 26.734 26.866 26.938 26.941 26.777 26.828 26.981 27.15 27.426 27.489 27.516 27.702 27.868 28.03 28.014 28.198 28.265 28.433 28.507 28.525 28.707 28.915
37.651 36.546 36.71 36.394 35.89 35.348 34.738 34.621 34.272 33.8 33.543 33.086 32.613 32.239 31.904 31.642 31.345 31.122 30.889 30.571 30.342 30.08 29.823 29.576 29.346 29.118 28.851 28.64 28.48 28.288 28.015 27.779 27.612 27.552 27.495 27.361 27.137 27.089 27.037 26.981 26.968 27.015 26.942 26.974 27.049 27.071 26.885 26.954 26.934 26.993 27.093 27.203 27.284 27.173 27.227 27.282 27.4 27.674 27.779 27.824 27.828 28.016 28.313 28.37 28.373 28.575 28.641 28.853 28.805 28.988 29.258 29.376
38.153 37.534 37.332 36.867 36.33 35.99 35.604 35.253 34.791 34.365 34.074 33.618 33.209 32.878 32.377 32.065 31.861 31.628 31.254 30.993 30.784 30.5 30.241 30.002 29.746 29.541 29.214 28.951 28.746 28.547 28.405 28.144 27.964 27.854 27.824 27.705 27.483 27.473 27.37 27.266 27.212 27.214 27.2 27.275 27.328 27.387 27.305 27.353 27.32 27.245 27.35 27.515 27.638 27.703 27.695 27.748 27.844 28.013 28.244 28.264 28.276 28.497 28.755 28.78 28.805 28.932 29.067 29.239 29.369 29.562 29.675 29.761
38.638 38.226 37.717 37.198 36.907 36.476 36.186 35.781 35.362 34.969 34.531 34.11 33.812 33.336 32.876 32.489 32.289 32.014 31.604 31.318 31.207 30.892 30.672 30.422 30.13 29.949 29.678 29.379 29.005 28.873 28.807 28.599 28.477 28.402 28.311 28.191 28.021 27.933 27.798 27.676 27.559 27.462 27.442 27.501 27.57 27.639 27.747 27.765 27.759 27.671 27.786 27.898 28.036 28.116 28.167 28.249 28.265 28.386 28.647 28.727 28.861 29.025 29.161 29.215 29.278 29.366 29.522 29.676 29.876 29.996 30.114 30.31
38.982 38.47 38.082 37.718 37.351 37.047 36.63 36.163 35.792 35.419 35.008 34.62 34.287 33.852 33.354 32.939 32.669 32.419 32.062 31.769 31.624 31.383 31.116 30.849 30.58 30.341 30.133 29.861 29.446 29.297 29.267 29.176 29.007 28.806 28.646 28.584 28.469 28.35 28.218 28.086 27.995 27.875 27.766 27.768 27.782 27.893 28.024 28.13 28.165 28.127 28.246 28.337 28.428 28.415 28.532 28.672 28.818 28.827 29.004 29.189 29.335 29.487 29.559 29.589 29.722 29.874 30.022 30.149 30.288 30.429 30.604 30.765
39.256 38.04 38.648 38.266 37.85 37.497 37.016 36.524 36.253 35.886 35.481 35.058 34.695 34.249 33.827 33.396 33.059 32.796 32.438 32.093 31.974 31.767 31.541 31.289 30.986 30.769 30.553 30.281 29.97 29.754 29.659 29.541 29.27 29.108 29.052 28.888 28.732 28.668 28.58 28.48 28.378 28.293 28.239 28.153 28.088 28.163 28.271 28.402 28.524 28.535 28.67 28.769 28.856 28.824 28.854 28.998 29.202 29.325 29.5 29.642 29.788 29.887 29.984 30.215 30.298 30.431 30.508 30.61 30.827 30.916 31.048 31.201
39.659 39.301 38.865 38.69 38.303 37.925 37.405 37.067 36.715 36.316 35.928 35.488 35.188 34.802 34.376 33.852 33.403 33.148 32.76 32.515 32.367 32.181 31.912 31.648 31.261 31.208 30.932 30.587 30.351 30.133 30.039 29.933 29.64 29.276 29.264 29.194 29.058 29.007 28.855 28.72 28.685 28.628 28.649 28.594 28.52 28.491 28.529 28.624 28.786 28.915 29.027 29.138 29.272 29.355 29.344 29.401 29.524 29.745 29.911 30.04 30.217 30.382 30.534 30.567 30.767 30.873 30.995 31.188 31.363 31.486 31.564 31.719
40.266 39.755 39.395 39.161 38.723 38.368 37.934 37.577 37.068 36.777 36.417 36.028 35.613 35.16 34.825 34.406 33.909 33.553 33.251 32.98 32.782 32.556 32.198 32.032 31.845 31.618 31.354 30.956 30.694 30.572 30.489 30.304 29.978 29.642 29.665 29.557 29.472 29.273 29.119 28.851 28.941 28.841 28.95 28.975 28.938 28.914 28.899 28.95 29.105 29.266 29.366 29.467 29.598 29.815 29.86 29.876 29.915 30.054 30.281 30.379 30.572 30.789 30.995 31.077 31.239 31.39 31.499 31.663 31.871 32.082 32.252 32.404
40.595 40.322 39.954 39.515 39.104 38.606 38.357 37.945 37.57 37.182 36.8 36.462 35.993 35.446 35.093 34.821 34.484 34.15 33.806 33.459 33.156 32.928 32.699 32.467 32.225 32.004 31.792 31.374 31.238 31.009 30.835 30.705 30.395 30.085 29.994 29.853 29.793 29.668 29.502 29.365 29.36 29.254 29.261 29.29 29.261 29.305 29.359 29.413 29.557 29.714 29.824 29.842 29.92 30.162 30.358 30.466 30.494 30.501 30.649 30.826 30.98 31.206 31.359 31.591 31.804 31.99 32.041 32.229 32.471 32.663 32.84 33.06
41.074 40.691 40.331 40.032 39.62 39.226 38.758 38.227 37.948 37.476 37.081 36.865 36.49 35.871 35.532 35.275 35.002 34.724 34.394 34.065 33.734 33.377 33.109 32.81 32.645 32.417 32.196 31.956 31.575 31.406 31.161 31.065 30.816 30.493 30.298 30.191 30.065 29.971 29.91 29.746 29.692 29.656 29.6 29.583 29.473 29.55 29.723 29.842 29.971 30.086 30.251 30.318 30.388 30.533 30.716 30.985 31.108 31.199 31.317 31.361 31.446 31.674 31.978 32.254 32.468 32.643 32.741 32.93 33.139 33.299 33.444 33.631
41.546 40.963 40.636 40.436 39.936 39.624 39.242 38.727 38.325 37.931 37.453 37.172 36.839 36.393 36.116 35.739 35.449 35.223 34.776 34.408 34.149 33.561 33.573 33.25 32.77 32.9 32.684 32.436 31.954 31.87 31.586 31.482 31.27 30.947 30.65 30.526 30.386 30.191 30.163 30.139 30.068 29.913 29.854 29.805 29.743 29.815 29.974 30.164 30.322 30.399 30.542 30.788 30.925 31.01 31.089 31.354 31.553 31.768 31.892 31.948 31.99 32.259 32.565 32.78 33.035 33.238 33.365 33.534 33.676 33.904 34.056 34.212
42.083 41.549 41.182 40.866 40.353 39.953 39.316 39.199 38.685 38.32 37.985 37.549 37.162 36.812 36.529 36.143 35.66 35.545 35.381 35.1 34.77 34.31 34.053 33.739 33.623 33.31 32.985 32.808 32.433 32.195 31.956 31.893 31.662 31.262 31.068 30.96 30.792 30.627 30.484 30.513 30.402 30.225 30.02 29.915 30.081 30.171 30.342 30.512 30.604 30.75 30.913 31.071 31.344 31.497 31.691 31.851 31.912 32.146 32.478 32.628 32.717 32.86 33.151 33.407 33.547 33.765 33.896 34.116 34.295 34.477 34.639 34.793
42.446 41.891 41.65 41.283 40.844 40.382 39.791 39.475 39.101 38.612 38.302 37.974 37.558 37.106 36.862 36.521 36.382 36.141 35.887 35.435 34.958 34.924 34.57 34.158 34.042 33.667 33.474 33.137 32.981 32.789 32.618 32.312 31.933 31.619 31.44 31.373 31.206 31.099 30.971 30.681 30.674 30.494 30.334 30.448 30.424 30.534 30.724 30.805 30.913 31.145 31.373 31.594 31.822 31.977 32.214 32.403 32.546 32.624 32.808 33.151 33.318 33.566 33.818 33.967 34.105 34.269 34.46 34.704 34.871 35.048 35.218 35.396
42.977 42.418 41.997 41.702 41.254 40.707 40.341 39.871 39.518 39.067 38.749 38.354 37.947 37.599 37.356 36.954 36.64 36.433 36.376 36.051 35.624 35.386 35.041 34.692 34.275 33.877 33.793 33.443 33.414 33.16 33.02 32.827 32.554 32.237 31.861 31.721 31.541 31.347 31.141 31.097 30.92 30.799 30.768 30.824 30.716 30.891 31.114 31.152 31.299 31.493 31.663 31.935 32.253 32.502 32.703 32.909 33.104 33.284 33.405 33.582 33.862 34.189 34.252 34.442 34.665 34.803 35.095 35.302 35.465 35.633 35.805 36.017
43.345 42.915 42.493 42.112 41.634 41.147 40.788 40.295 39.854 39.493 39.192 38.825 38.407 38.248 37.923 37.634 37.33 37.101 36.858 36.531 36.194 35.904 35.624 35.276 34.732 34.61 34.318 33.885 33.757 33.53 33.415 33.278 32.794 32.724 32.264 32.2 32.048 31.828 31.49 31.373 31.191 31.148 31.227 31.22 31.235 31.305 31.486 31.644 31.786 31.903 32.101 32.37 32.601 32.84 33.08 33.323 33.539 33.852 34.06 34.171 34.467 34.691 34.77 34.981 35.249 35.367 35.67 35.898 36.061 36.243 36.426 36.639
43.617 43.175 42.77 42.406 42.06 41.635 41.201 40.778 40.296 40.105 39.604 39.22 39.096 38.728 38.414 38.259 37.876 37.549 37.267 36.906 36.6 36.297 36.153 35.893 35.561 35.195 34.968 34.501 34.424 34.001 33.852 33.699 33.367 33.179 32.75 32.599 32.475 32.212 32.079 31.899 31.658 31.614 31.562 31.595 31.627 31.728 31.91 32.17 32.317 32.522 32.737 32.893 33.099 33.338 33.341 33.714 34.008 34.311 34.632 34.848 35.099 35.142 35.257 35.522 35.842 36.017 36.263 36.503 36.624 36.832 37.048 37.286
44.002 43.529 43.299 42.653 42.508 41.967 41.627 41.277 40.867 40.504 40.238 39.873 39.519 39.403 38.988 38.561 38.23 38.076 37.757 37.634 37.265 37.056 36.856 36.401 36.223 35.77 35.538 35.206 35.011 34.707 34.339 34.164 33.811 33.655 33.198 33.041 32.911 32.66 32.329 32.308 32.209 32.062 31.928 31.904 31.937 32.099 32.388 32.708 32.904 33.185 33.397 33.61 33.835 34.034 34.237 34.402 34.621 34.893 35.238 35.468 35.695 35.731 35.814 36.155 36.436 36.693 36.925 37.121 37.291 37.488 37.69 37.944
44.337 44.057 43.638 43.283 42.8 42.387 42.132 41.875 41.433 40.923 40.848 40.452 40.278 39.923 39.316 38.99 38.751 38.642 38.384 38.166 37.926 37.664 37.347 37.186 36.709 36.269 36.022 35.926 35.646 35.278 34.906 34.604 34.317 34.074 33.765 33.59 33.523 33.043 33.04 32.849 32.678 32.464 32.23 32.151 32.305 32.484 32.85 33.236 33.383 33.664 33.934 34.16 34.358 34.618 34.916 35.139 35.364 35.599 35.749 35.987 36.295 36.421 36.524 36.808 37.063 37.274 37.571 37.716 37.893 38.13 38.382 38.597
44.784 44.582 44.037 43.732 43.293 42.886 42.44 42.291 41.938 41.378 41.362 41.097 40.716 40.201 39.677 39.598 39.448 39.228 38.82 38.745 38.269 38.077 37.845 37.693 37.154 37.083 36.665 36.417 36.23 35.9 35.514 35.331 35.04 34.593 34.339 34.087 34.025 33.865 33.595 33.201 33.179 32.922 32.605 32.69 32.889 33.095 33.311 33.784 33.981 34.19 34.524 34.68 34.881 35.101 35.402 35.656 35.822 35.981 36.136 36.353 36.764 37.022 37.284 37.518 37.727 37.872 38.169 38.343 38.515 38.781 39.059 39.26
45.369 44.982 44.582 44.127 43.806 43.456 42.979 42.749 42.415 41.908 41.875 41.567 41.055 40.786 40.386 40.052 40.007 39.806 39.504 39.153 38.929 38.495 38.453 38.086 37.732 37.629 37.212 37.11 36.823 36.527 36.056 35.878 35.502 35.225 34.895 34.675 34.609 34.425 34.161 33.954 33.694 33.556 33.506 33.523 33.699 33.864 34.017 34.301 34.586 34.684 35.055 35.258 35.478 35.626 35.915 36.209 36.472 36.671 36.735 36.964 37.265 37.474 37.735 38.099 38.383 38.575 38.75 38.996 39.184 39.45 39.692 39.895
45.822 45.404 45 44.609 44.263 43.852 43.361 43.295 42.871 42.326 42.389 41.937 41.697 41.379 41.133 40.906 40.558 40.212 39.944 39.684 39.307 39.202 39.004 38.679 38.434 38.174 37.902 37.681 37.419 36.986 36.844 36.521 36.13 35.942 35.555 35.346 35.103 34.955 34.749 34.522 34.227 34.398 34.185 34.164 34.379 34.429 34.555 34.882 35.268 35.348 35.598 35.993 36.172 36.359 36.527 36.92 37.272 37.464 37.543 37.609 37.923 38.143 38.482 38.725 39.006 39.217 39.438 39.692 39.916 40.162 40.339 40.525
46.122 45.695 45.317 44.909 44.497 44.296 44.023 43.726 43.201 43.153 42.769 42.603 42.284 42.031 41.618 41.11 41.013 40.752 40.3 40.059 39.855 39.628 39.534 39.029 38.799 38.727 38.459 37.986 37.786 37.662 37.446 37.146 36.883 36.674 36.417 36.04 35.945 35.756 35.559 35.432 35.318 35.069 35.043 35.097 35.246 35.512 35.644 35.868 36.102 36.23 36.54 36.797 36.984 37.161 37.325 37.618 37.943 38.179 38.34 38.484 38.667 38.829 39.125 39.452 39.612 39.875 40.104 40.304 40.566 40.796 41.014 41.217
46.44 46.052 45.66 45.239 44.974 44.69 44.468 44.215 43.827 43.537 43.197 42.943 42.753 42.379 42.216 41.782 41.391 41.322 40.874 40.545 40.465 40.322 39.973 39.545 39.389 39.313 38.999 38.717 38.324 38.111 37.926 37.718 37.599 37.376 37.052 36.72 36.632 36.493 36.333 36.001 36.039 35.827 35.745 35.816 36.142 36.14 36.522 36.625 36.859 37.088 37.288 37.499 37.723 37.936 38.131 38.364 38.639 38.863 39.096 39.307 39.497 39.681 39.899 40.18 40.442 40.597 40.797 41.02 41.253 41.476 41.692 41.864
47.055 46.673 46.177 45.772 45.322 45.102 44.883 44.704 44.481 43.947 43.816 43.471 43.15 42.843 42.721 42.325 41.928 41.796 41.387 41.247 41.021 40.752 40.538 40.125 40.036 39.815 39.534 39.238 38.892 38.724 38.665 38.467 38.154 37.97 37.807 37.442 37.228 37.013 36.912 36.778 36.729 36.652 36.581 36.74 36.96 37.157 37.148 37.109 37.595 37.773 37.934 38.14 38.403 38.635 38.838 39.065 39.264 39.354 39.598 39.879 40.149 40.404 40.636 40.893 41.11 41.219 41.484 41.686 41.89 42.113 42.344 42.515
