raw_data/humedad_relativa/hora15/rh15aug.txt
ncols         501
nrows         361
xllcorner     109.95
yllcorner     -45.05
cellsize      0.1
NODATA_value  -9999
[rows 160 to 191 of 361, columns 360 to 431 of 501]
26.913 27.049 27.065 27.195 27.322 27.576 27.774 28.026 28.185 28.459 28.701 28.896 28.799 29.086 29.554 29.983 30.248 30.602 31.645 31.52 32.188 32.045 33.874 31.637 31.908 32.3 32.768 33.244 34.304 34.63 35.138 35.71 36.291 37.065 37.443 37.902 38.547 39.264 39.407 39.619 40.162 40.656 41.477 42.142 42.901 43.472 44.228 44.391 44.675 45.355 45.835 45.996 46.785 47.328 47.703 48.663 48.479 48.779 49.016 49.533 50.065 50.292 50.822 51.251 51.698 52.065 52.51 52.951 53.388 53.82 54.248 54.671
27.083 27.039 27.086 27.234 27.472 27.584 27.73 27.935 28.132 28.36 28.554 28.643 28.805 29.179 29.661 30.284 30.677 31.353 30.808 31.393 31.639 32.459 32.485 31.862 32.161 32.46 32.813 33.248 33.845 34.885 35.268 35.911 36.613 36.994 37.595 37.738 38.064 38.565 39.213 39.792 40.045 40.35 40.903 41.566 42.315 42.985 43.696 44.036 44.334 44.696 45.258 45.584 46.069 46.583 47.224 48.127 48.401 49.362 49.1 49.24 49.43 50.129 50.479 50.892 51.294 51.683 52.111 52.56 53.005 53.446 53.882 54.313
27.049 27.059 27.161 27.304 27.485 27.648 27.84 28.109 28.324 28.719 28.656 28.689 28.957 29.286 29.698 30.343 30.148 30.962 30.676 31.037 31.554 31.726 31.989 33.943 32.711 32.852 33.083 33.32 33.856 34.553 35.642 35.723 36.174 36.826 36.769 37.149 37.678 38.245 38.865 39.652 39.79 40.214 40.512 41.326 42.081 42.656 43.227 43.74 44.054 44.337 44.651 45.131 45.58 46.135 46.679 47.193 48.03 49.555 48.664 48.604 49.017 49.674 50.278 50.514 50.879 51.296 51.725 52.177 52.63 53.079 53.531 54.29
27.123 27.141 27.294 27.441 27.604 27.694 27.869 28.107 28.343 28.463 28.708 28.757 29.193 29.314 29.594 29.808 30.435 30.755 30.95 31.825 31.26 31.531 31.869 32.42 32.939 33.218 33.675 33.895 34.061 34.364 35.293 35.398 35.913 36.332 36.708 37.271 37.455 37.874 38.492 39.112 39.707 39.989 40.301 41.22 41.795 42.403 42.815 43.254 43.558 43.858 44.217 44.635 45.315 45.851 46.309 46.64 47.228 47.821 47.752 48.88 48.636 49.427 49.836 50.092 50.549 50.918 51.38 51.862 52.276 52.719 53.174 53.79
27.262 27.245 27.379 27.576 27.688 27.822 27.943 28.154 28.356 28.427 28.655 28.884 29.22 29.326 29.666 30.138 30.67 30.291 31.001 31.197 31.389 31.401 31.827 32.278 32.63 32.895 33.513 34.062 33.987 34.262 35.601 35.632 35.754 35.854 36.264 37.096 37.509 37.847 38.091 39.023 39.276 39.596 39.945 40.781 41.557 42.003 42.365 42.915 43.294 43.488 43.89 44.211 44.823 45.505 46.035 46.15 46.615 46.862 47.618 47.96 48.3 49.414 49.552 49.735 50.152 50.639 51.091 51.522 51.919 52.372 52.833 53.776
27.326 27.369 27.522 27.663 27.76 27.915 28.03 28.293 28.332 28.603 28.817 29.057 29.243 29.43 29.754 30.116 30.202 30.604 30.913 31.039 31.211 31.43 31.806 32.254 32.751 33.021 33.38 33.586 34.185 34.437 35.255 35.307 35.475 35.768 36.157 36.509 36.944 37.486 37.82 38.531 38.695 39.208 39.753 40.458 41.097 41.577 41.953 42.405 42.812 43.097 43.426 43.833 44.261 44.817 45.462 46.004 46.163 46.538 47.326 48.589 48.207 48.606 49.387 49.481 49.826 50.273 50.686 51.085 51.565 52.031 52.501 53.172
27.478 27.473 27.597 27.72 27.855 27.967 28.224 28.295 28.426 28.615 28.819 29.068 29.379 29.616 29.955 30.122 30.243 30.538 30.869 31.056 31.193 31.555 31.833 32.375 32.703 32.979 33.308 33.591 33.94 34.287 34.568 35.615 35.384 35.832 36.272 36.477 36.93 37.479 37.565 38.081 38.536 38.96 39.547 40.176 40.805 41.244 41.609 42.038 42.408 42.729 43.126 43.492 43.855 44.299 44.76 45.201 45.904 46.14 46.821 47.658 48.022 48.309 48.615 49.055 49.478 49.961 50.316 50.777 51.265 51.699 52.381 52.654
27.671 27.643 27.708 27.835 28.006 28.068 28.271 28.376 28.555 28.766 29.023 29.302 29.831 29.799 30.051 30.087 30.255 30.518 30.722 30.949 31.25 31.624 32.043 32.772 32.603 32.787 33.301 33.618 34.063 34.114 34.032 34.434 34.842 35.479 35.797 36.376 36.587 37.05 37.409 38.078 38.455 38.831 39.275 39.827 40.349 40.833 41.262 41.654 42.025 42.368 42.777 43.208 43.545 43.97 44.55 44.861 45.727 46.154 46.366 47.078 48.236 47.95 48.207 48.693 49.536 49.615 49.963 50.486 51.025 51.376 52 52.35
27.849 27.769 27.829 27.985 28.082 28.257 28.367 28.529 28.701 28.953 29.3 29.47 29.782 30.018 30.071 30.278 30.521 30.659 30.781 31.051 31.344 31.776 32.188 32.387 32.618 33.003 33.119 33.391 33.638 33.905 34.586 34.867 35.392 35.452 35.672 35.952 36.435 36.88 37.294 37.735 38.248 38.656 39.11 39.737 40.234 40.597 40.959 41.367 41.644 42.323 42.598 42.885 43.379 43.667 44.134 44.62 45.24 45.956 45.993 46.91 47.591 47.545 48.485 48.241 49.001 49.133 49.776 50.161 50.865 51.137 51.561 52.055
27.928 27.892 28.04 28.147 28.262 28.335 28.5 28.688 28.901 29.096 29.424 29.643 30.038 30.216 30.27 30.519 30.585 30.711 30.861 31.078 31.449 31.829 32.493 33.136 33.414 32.791 33.162 33.479 33.827 34.21 34.549 34.938 35.185 35.454 35.584 35.971 36.542 36.799 37.098 37.678 38.114 38.489 38.991 39.491 40.042 40.43 40.648 41.001 41.431 42.09 42.291 42.679 43.126 43.493 43.834 44.316 45.163 45.876 45.725 46.442 46.902 48.346 48.343 48.362 48.698 48.791 49.379 49.922 50.396 50.92 51.376 51.772
27.984 28.016 28.178 28.439 28.358 28.532 28.707 28.825 29.106 29.275 29.514 29.686 30.098 30.181 30.509 30.736 30.884 31.168 31.034 31.151 31.594 32.508 32.786 32.558 32.765 33.048 33.297 33.508 33.759 34.186 34.308 34.525 34.842 35.148 35.588 35.935 36.384 36.781 37.012 37.342 37.849 38.354 38.994 39.575 39.97 40.148 40.441 40.761 41.427 41.885 42.16 42.802 42.979 44.073 44.015 44.1 44.943 45.224 45.39 45.97 46.447 47.202 47.691 47.821 48.079 48.472 49.148 50.001 50.106 50.846 51.045 52.13
28.105 28.16 28.46 28.563 28.479 28.662 28.927 29.147 29.29 29.413 29.62 29.83 29.969 30.421 30.83 31.09 30.76 31.461 31.121 31.292 31.75 32.275 32.497 32.615 32.691 33.01 33.181 33.557 33.787 33.964 34.363 34.663 34.811 35.243 35.557 35.848 36.18 36.641 36.946 37.298 37.744 38.322 38.708 39.284 39.556 39.688 40.102 40.864 41.837 41.44 42.121 42.675 43.13 43.311 43.521 44.139 44.926 44.752 45.279 46.328 46.313 47.281 46.894 47.401 47.937 48.205 48.854 49.626 50.575 50.4 50.821 51.237
28.258 28.302 28.61 28.544 28.644 28.817 28.994 29.236 29.444 29.519 29.667 29.858 30.264 30.723 31.053 31.131 31.19 31.265 31.379 31.323 31.959 32.166 32.305 32.766 32.775 33.018 33.302 33.478 33.924 34.27 34.485 34.632 34.911 35.188 35.495 36.036 36.162 36.606 36.822 37.356 37.625 38.1 38.602 38.872 39.286 39.644 40.116 40.418 41.106 41.197 42.124 42.459 42.605 42.64 43.364 43.911 44.207 44.84 44.968 45.841 46.338 46.339 46.691 48.42 47.658 48.2 48.742 49.083 50.482 50.092 50.55 50.986
28.4 28.462 28.618 28.653 28.804 29.054 29.258 29.414 29.583 29.616 29.828 30.019 30.247 30.603 30.973 31.073 31.139 31.285 31.384 31.502 31.883 32.08 32.317 32.562 32.843 32.993 33.249 33.441 33.812 34.154 35.201 34.782 35.188 35.268 35.635 35.888 36.348 36.715 36.801 37.134 37.736 37.837 38.457 38.815 38.94 39.406 39.888 40.348 40.611 41.345 41.539 41.794 42.028 42.31 43.094 43.499 43.864 44.435 45.182 45.211 45.825 46.398 47.61 48.305 48.312 49.356 48.455 48.743 49.894 50.558 50.211 50.749
28.578 28.633 28.728 28.855 29.066 29.283 29.46 29.618 29.698 29.764 30.049 30.223 30.478 30.785 30.937 30.982 31.229 31.424 31.489 31.505 31.766 32.086 32.358 32.584 32.959 33.073 33.202 33.683 33.688 34.573 34.498 34.613 35.119 35.376 35.68 35.848 36.317 36.49 36.936 37.433 37.565 37.811 38.102 38.523 38.683 39.083 39.538 40.01 40.214 40.68 41.452 41.341 41.824 41.988 42.778 43.523 43.951 44.289 45.32 45.19 45.447 46.337 47.175 47.368 48.808 48.034 49.141 48.535 49.115 49.732 50.069 50.623
28.857 28.794 28.887 29.018 29.17 29.386 29.585 29.773 29.753 30.002 30.174 30.591 30.871 30.847 30.919 31.086 31.37 31.487 31.542 31.653 31.817 32.123 32.532 32.699 32.954 33.061 33.202 33.434 33.691 34.444 34.233 34.598 35.025 35.221 35.38 35.775 36.01 36.326 36.732 37.046 37.538 37.529 37.96 38.094 38.586 38.959 39.364 39.567 39.889 40.388 40.636 41.119 41.938 42.225 42.566 42.963 43.884 43.994 44.417 45.246 45.136 45.967 47.104 47.284 48.443 47.366 47.871 48.729 49.068 50.417 50.184 50.322
28.971 28.999 29.088 29.193 29.35 29.609 29.748 29.741 29.927 30.178 30.474 30.601 30.765 30.885 30.989 31.157 31.423 31.674 31.789 31.929 32.047 32.425 32.484 32.92 32.906 33.139 33.317 33.453 33.716 33.955 34.27 34.565 34.763 35.124 35.283 35.667 35.987 36.263 36.539 36.862 37.183 37.529 37.598 38.122 38.436 38.772 39.077 39.249 39.592 40.103 40.753 40.876 41.647 42.528 42.428 43.16 43.067 44.046 44.156 45.318 44.862 45.671 46.11 47.567 48.015 48.197 48.646 48.271 48.839 49.677 49.824 50.122
29.144 29.191 29.303 29.42 29.522 29.717 29.789 30.052 30.246 30.423 30.635 30.775 30.808 30.938 31.073 31.324 31.547 31.632 31.802 31.906 32.106 32.27 32.557 33.109 32.978 33.445 33.441 33.521 33.711 33.945 34.371 34.485 34.702 35.306 35.267 35.511 35.798 36.127 36.356 36.812 36.946 37.271 37.429 37.876 38.103 38.537 38.69 38.979 39.327 39.706 40.122 40.565 41.294 41.918 42.948 42.9 43.532 43.47 44.138 44.174 44.841 45.192 45.046 46.974 46.742 48.384 49.47 47.979 49.35 49.622 49.462 50.02
29.321 29.391 29.498 29.64 29.782 29.889 30.027 30.203 30.356 30.523 30.718 30.83 30.909 31.009 31.355 31.406 31.652 31.837 31.909 32.052 32.192 32.52 32.71 33.142 33.012 33.5 33.582 33.745 33.869 33.967 34.448 34.515 34.655 35.028 35.333 35.404 35.688 35.948 36.184 36.695 36.817 37.047 37.276 37.577 38.041 38.178 38.444 38.778 39.131 39.454 39.821 40.213 40.78 41.461 42 44.255 43.411 43.104 43.492 44.532 44.699 45.061 45.271 45.781 46.942 48.097 48.575 48.171 48.785 49.217 49.291 49.79
29.531 29.619 29.71 29.834 29.993 30.083 30.213 30.38 30.522 30.762 30.825 30.907 31.032 31.151 31.347 31.585 31.791 31.948 32.103 32.264 32.319 32.561 32.855 32.947 33.079 33.517 33.557 33.812 33.901 34.113 34.206 34.46 34.669 34.923 35.117 35.407 35.664 35.818 36.049 36.322 36.572 36.883 37.147 37.49 37.708 38.034 38.301 38.688 38.879 39.208 39.545 39.933 40.334 41.142 41.529 43.299 45.666 43.28 43.661 44.678 44.171 45.221 44.972 44.976 46.47 46.569 47.202 47.605 48.139 49.244 49.178 49.624
29.745 29.823 29.902 30.035 30.153 30.261 30.403 30.539 30.669 30.897 30.955 31.057 31.172 31.378 31.454 31.639 31.861 32.048 32.278 32.335 32.49 32.65 32.965 33.192 33.248 33.353 33.67 33.947 33.965 34.055 34.288 34.458 34.633 34.838 35.064 35.317 35.536 35.737 36.027 36.247 36.482 36.739 37.038 37.437 37.611 37.862 38.125 38.453 38.896 39.017 39.309 39.651 40.044 40.508 41.625 41.624 43.138 44.308 43.32 43.623 45.107 44.964 44.393 44.756 45.342 47.598 46.575 47.421 48.035 48.893 48.896 49.497
29.962 30.033 30.144 30.226 30.337 30.466 30.591 30.722 30.789 30.936 31.026 31.222 31.346 31.494 31.651 31.908 31.928 32.268 32.375 32.441 32.597 32.803 33.058 33.278 33.483 33.622 33.637 33.952 34.174 34.112 34.304 34.465 34.704 34.978 35.205 35.432 35.531 35.71 35.923 36.155 36.427 36.652 36.895 37.268 37.517 37.91 38.011 38.358 38.833 38.957 39.124 39.423 39.789 40.269 40.568 41.741 42.123 42.623 43.94 43.559 43.686 44.044 44.375 44.633 45.143 46.112 47.475 49.012 49.12 48.418 48.729 49.392
30.162 30.224 30.315 30.417 30.52 30.678 30.736 30.82 30.914 31.04 31.238 31.405 31.537 31.609 31.803 31.957 32.064 32.375 32.522 32.545 32.752 32.88 33.218 33.279 33.471 33.634 33.73 33.837 34.006 34.149 34.38 34.582 34.827 35.073 35.247 35.389 35.569 35.728 35.931 36.095 36.315 36.543 36.783 37.041 37.356 37.678 37.919 38.279 38.812 38.824 38.947 39.232 39.534 39.874 40.244 40.691 41.135 42.292 43.638 43.451 44.384 46.294 44.742 44.6 45.107 45.486 46.877 49.554 47.549 48.272 48.74 49.318
30.368 30.435 30.524 30.617 30.709 30.811 30.889 31.02 31.11 31.231 31.392 31.557 31.724 31.769 32.001 32.031 32.277 32.507 32.631 32.693 32.896 33.022 33.225 33.39 33.53 33.688 33.781 33.939 34.067 34.217 34.558 34.882 35.109 35.41 35.288 35.501 35.571 35.782 35.938 36.082 36.275 36.471 36.703 36.939 37.196 37.473 37.84 38.144 38.443 38.675 38.81 39.089 39.376 39.706 40.022 40.401 41.121 41.782 42.266 43.695 45.44 45.3 45.509 44.721 45.674 46.082 46.843 48.628 50.243 48.132 48.576 49.264
30.581 30.66 30.732 30.814 30.906 31.014 31.095 31.187 31.283 31.39 31.529 31.751 31.891 31.94 32.081 32.246 32.433 32.634 32.772 32.848 33.051 33.185 33.344 33.538 33.633 33.759 33.879 34.026 34.157 34.468 34.841 34.886 35.083 35.338 35.644 35.628 35.645 35.915 35.949 36.129 36.247 36.495 36.652 36.851 37.117 37.356 37.685 38.052 38.306 38.524 38.705 39.095 39.28 39.582 39.936 40.258 40.566 40.895 41.99 43.737 44.64 46.312 45.513 44.491 44.667 45.225 45.756 47.18 49.307 48.412 48.756 49.267
30.799 30.877 30.947 31.034 31.106 31.209 31.305 31.381 31.482 31.594 31.753 31.929 32.11 32.121 32.248 32.448 32.606 32.679 32.876 33.029 33.2 33.358 33.481 33.607 33.818 33.908 34.062 34.16 34.279 34.456 34.625 34.818 35.077 35.224 35.362 35.537 35.801 35.956 36.043 36.121 36.269 36.445 36.584 36.871 37.014 37.261 37.687 37.887 38.341 38.4 38.721 39.079 39.194 39.482 39.846 40.311 41.093 41.3 42.301 44.215 44.156 43.4 43.725 44.758 44.634 45.254 47.193 46.265 47.984 48.551 48.53 49.37
31.013 31.106 31.15 31.227 31.296 31.401 31.482 31.583 31.687 31.803 31.991 32.116 32.183 32.331 32.43 32.661 32.75 32.831 33.015 33.193 33.344 33.512 33.658 33.79 33.891 34.047 34.19 34.285 34.429 34.608 34.751 34.906 35.235 35.28 35.351 35.591 35.574 35.798 35.915 36.001 36.208 36.349 36.568 36.685 36.885 37.125 37.498 37.836 38.165 38.555 38.694 39.013 39.16 39.496 39.902 40.407 41.785 42.446 42.526 45.295 44.52 43.952 43.969 44.368 44.844 46.323 46.834 46.256 46.909 47.801 48.613 49.613
31.232 31.294 31.379 31.44 31.511 31.604 31.703 31.809 31.902 32.006 32.21 32.436 32.355 32.526 32.609 32.736 32.876 33.054 33.204 33.357 33.498 33.669 33.817 33.942 34.081 34.197 34.314 34.422 34.558 34.76 34.882 34.999 35.091 35.358 35.272 35.601 35.537 35.732 35.826 35.953 36.067 36.265 36.401 36.592 36.807 37.059 37.262 37.596 37.848 38.225 38.648 39.065 39.139 39.505 39.934 40.461 41.774 42.76 42.522 43.618 45.681 45.297 44.67 46.154 45.9 45.441 45.84 46.265 47.71 48.474 48.952 49.733
31.453 31.511 31.594 31.659 31.72 31.815 31.911 32.035 32.119 32.207 32.384 32.497 32.542 32.684 32.802 32.924 33.082 33.225 33.38 33.52 33.672 33.841 33.977 34.135 34.26 34.362 34.462 34.575 34.721 34.858 34.953 35.176 35.199 35.219 35.289 35.505 35.518 35.612 35.75 35.865 36.02 36.187 36.362 36.546 36.746 37.028 37.32 37.451 37.882 38.136 38.549 38.894 39.206 39.521 39.944 40.445 41.843 42.294 42.597 43.669 45.121 46.213 44.25 47.57 47.888 45.695 46.476 46.812 49.833 49.291 49.095 50.006
31.681 31.735 31.795 31.857 31.915 32.014 32.131 32.243 32.328 32.457 32.686 32.755 32.771 32.897 32.995 33.12 33.263 33.406 33.554 33.692 33.852 34.011 34.14 34.307 34.421 34.548 34.65 34.733 34.899 34.96 34.965 35.081 35.196 35.228 35.335 35.407 35.51 35.621 35.747 35.938 36.029 36.18 36.352 36.477 36.682 36.927 37.212 37.467 37.69 38.129 38.488 38.873 39.427 39.659 39.971 40.523 41.03 41.761 43.233 43.2 44.633 45.077 46.914 47.502 45.596 45.942 46.23 47.353 47.774 48.897 49.687 50.258
31.917 31.972 32.03 32.096 32.148 32.253 32.356 32.445 32.525 32.722 32.746 32.846 32.986 33.082 33.196 33.322 33.458 33.584 33.72 33.878 34.02 34.161 34.313 34.436 34.571 34.71 34.822 34.89 34.968 35.031 35.107 35.148 35.234 35.366 35.405 35.528 35.697 35.711 35.852 36.007 36.131 36.185 36.302 36.513 36.789 36.94 37.412 37.564 37.769 38.045 38.581 39.009 39.516 40.32 40.159 40.596 41.329 41.913 42.455 43.385 44.384 45.659 46.814 49.104 46.696 46.089 48.761 47.422 49.576 49.396 49.797 51.375
32.142 32.193 32.259 32.322 32.383 32.472 32.563 32.673 32.749 32.986 32.936 33.058 33.174 33.283 33.397 33.514 33.641 33.776 33.927 34.06 34.201 34.334 34.465 34.594 34.715 34.85 34.951 35.019 35.067 35.123 35.171 35.264 35.355 35.468 35.626 35.68 35.791 35.826 35.921 35.94 35.995 36.163 36.477 36.392 36.713 36.823 36.987 37.18 37.677 38.17 38.544 38.681 38.874 39.664 40.391 40.712 41.282 42.453 42.39 43.419 44.096 44.683 45.666 47.637 47.571 46.855 46.988 48.26 49.003 49.293 51.064 52.011
