raw_data/humedad_relativa/hora15/rh15jun.txt
ncols         501
nrows         361
xllcorner     109.95
yllcorner     -45.05
cellsize      0.1
NODATA_value  -9999
[rows 224 to 255 of 361, columns 72 to 143 of 501]
58.265 57.992 57.583 57.47 57.541 57.604 57.246 56.881 56.576 56.29 56.352 56.574 56.333 55.973 55.735 55.651 55.711 55.306 55.511 54.926 54.752 54.622 54.464 54.521 54.024 53.785 53.582 53.551 53.495 53.127 52.929 52.836 52.727 52.417 52.05 51.988 52.048 51.94 51.767 51.569 51.258 51.075 50.887 50.535 50.237 50.202 50.351 50.744 50.533 50.609 50.724 50.597 50.51 50.535 50.629 50.698 50.929 51.211 50.997 50.949 50.976 51.048 51.116 51.054 50.975 51.216 51.178 51.233 51.253 51.293 51.328 51.371
58.404 58.278 57.998 57.657 57.951 57.828 57.523 57.42 56.884 56.592 56.565 56.619 56.577 56.377 56.081 56.164 56.017 56.053 55.538 55.235 55.294 54.986 54.941 54.905 54.415 54.017 54.068 54.103 53.738 53.435 53.401 53.355 53.191 52.941 52.595 52.364 52.404 52.317 52.042 51.983 51.618 51.36 51.192 51.31 50.721 50.827 50.883 51.112 50.996 50.857 50.938 50.911 50.895 50.975 51.148 51.291 51.461 51.444 51.366 51.502 51.496 51.598 51.682 51.59 51.457 51.414 51.499 51.576 51.618 51.681 51.738 51.78
58.306 58.133 58.226 57.941 58.052 57.679 57.517 57.221 57.074 56.936 56.935 56.909 56.953 56.963 56.601 56.348 56.66 56.22 55.802 55.688 55.666 55.366 55.475 55.255 54.678 54.608 54.525 54.541 54.427 53.856 53.705 53.672 53.562 53.273 53.155 52.955 52.79 52.666 52.33 52.265 52.085 51.907 51.727 51.51 51.434 51.283 51.495 51.448 51.242 51.198 51.238 51.349 51.388 51.671 51.913 51.911 51.789 51.73 51.995 52.043 52.047 52.108 52.081 51.911 51.86 51.84 51.836 51.965 52.001 52.07 52.128 52.198
58.689 58.576 58.451 58.386 58.493 57.862 57.977 57.796 57.764 57.374 57.22 57.073 57.046 56.932 57.086 56.872 56.762 56.815 56.244 56.083 56.116 55.998 55.732 55.644 55.037 54.884 54.958 55.053 54.6 54.228 54.097 54.114 53.937 53.803 53.758 53.517 53.267 52.943 52.667 52.599 52.444 52.324 52.197 52.138 51.827 52.186 51.901 51.72 51.635 51.709 51.919 51.962 51.914 52.159 52.423 52.403 52.154 52.263 52.44 52.495 52.441 52.432 52.334 52.209 52.237 52.322 52.257 52.36 52.375 52.464 52.53 52.596
59.031 59.11 59.018 58.587 58.358 58.252 58.368 58.655 58.031 57.777 57.629 57.61 57.5 57.334 57.23 57.107 57.129 57.227 56.778 56.557 56.676 56.184 55.923 55.722 55.566 55.417 55.495 55.272 54.779 54.667 54.497 54.597 54.388 54.157 54.119 53.871 53.392 53.172 52.986 52.803 52.627 52.62 52.513 52.565 52.648 52.261 52.301 52.091 52.114 52.289 52.578 52.452 52.428 52.409 52.63 52.751 52.663 52.761 52.928 52.934 52.782 52.719 52.683 52.645 52.614 52.616 52.655 52.673 52.757 52.868 52.932 52.995
59.483 59.317 59.15 58.749 59.044 58.826 58.351 58.423 58.146 57.966 57.906 57.936 57.97 57.828 57.723 57.52 57.424 57.209 57.305 57.152 56.957 56.841 56.398 56.352 56.033 56.075 55.839 55.515 55.193 55.124 54.895 54.976 54.888 54.56 54.29 54.101 53.693 53.45 53.456 53.327 53.148 53.062 52.941 52.945 52.956 52.713 52.592 52.628 52.654 52.73 52.842 52.921 52.872 52.87 53.027 53.156 53.267 53.344 53.33 53.255 53.155 53.104 53.042 53.041 53.071 53.099 53.129 53.077 53.163 53.282 53.337 53.391
60.271 59.9 59.34 59.152 59.338 59.169 58.805 58.559 58.456 58.447 58.112 58.185 58.292 57.936 57.695 57.676 57.819 57.462 57.351 57.414 57.213 56.866 56.821 56.745 56.396 56.353 56.207 55.824 55.819 55.424 55.371 55.43 55.261 55.147 54.776 54.395 54.037 54.008 54.097 53.855 53.771 53.609 53.502 53.698 53.433 53.153 53.079 53.343 53.445 53.137 53.268 53.448 53.495 53.315 53.478 53.71 54.145 53.871 53.97 53.612 53.452 53.367 53.337 53.361 53.46 53.472 53.448 53.526 53.563 53.684 53.741 53.796
59.944 59.928 59.582 59.968 59.675 59.522 59.568 59.295 59.036 58.718 58.476 58.371 58.41 58.155 58.006 58.047 57.751 57.773 57.75 57.607 57.286 57.285 57.338 57.185 56.994 56.783 56.447 56.168 56.005 55.902 55.908 55.822 55.526 55.653 55.083 54.772 54.496 54.711 54.534 54.277 54.331 54.18 54.075 54.172 54.127 53.687 53.615 53.704 53.875 53.732 53.731 53.858 54.005 53.818 53.821 54.06 54.952 54.41 54.009 54.016 53.704 53.803 53.857 53.915 53.827 53.816 53.903 53.97 53.962 54.057 54.131 54.211
60.667 60.03 59.972 59.932 59.981 59.898 59.931 59.696 59.236 59.01 59.325 58.758 58.907 58.777 58.462 58.443 58.348 58.283 58.06 57.74 57.718 57.751 57.628 57.418 57.199 57.095 56.78 56.659 56.593 56.355 56.117 56.046 55.798 55.725 55.27 55.089 54.987 55.159 55.02 54.817 54.91 54.947 54.709 54.683 54.546 54.434 54.217 54.182 54.334 54.146 54.553 54.481 54.449 54.495 54.296 54.744 54.78 54.566 54.256 54.193 54.194 54.342 54.422 54.41 54.3 54.329 54.287 54.325 54.387 54.442 54.505 54.604
60.553 60.417 60.738 60.61 60.307 60.289 60.294 59.953 59.719 59.398 59.305 59.411 59.191 59.198 58.937 59.123 58.746 58.596 58.612 58.167 58.004 57.877 57.893 57.893 57.509 57.426 57.15 57.172 57.1 56.997 56.368 56.15 56.031 55.854 55.658 55.528 55.442 55.496 55.522 55.415 55.35 55.32 55.187 54.892 54.791 54.665 54.971 54.701 54.807 54.596 54.696 54.942 55.064 54.85 54.827 54.923 54.844 54.7 54.559 54.68 54.777 54.757 54.704 54.696 54.654 54.679 54.685 54.724 54.809 54.858 54.916 55.001
61.388 61.002 60.831 60.731 60.888 60.828 60.73 60.402 60.071 59.868 59.637 59.613 59.753 59.58 59.129 59.205 58.842 58.662 58.833 58.394 58.179 58.263 58.124 58.041 57.778 57.886 57.677 57.613 57.464 57.029 56.703 56.501 56.341 56.216 56.092 56.086 55.89 55.873 55.953 55.934 55.717 55.543 55.589 55.358 55.143 55.048 54.984 55.153 55.114 55.302 55.113 55.081 55.203 55.286 55.259 55.268 55.017 54.963 54.973 55.103 55.237 55.097 55.018 54.991 55.052 55.041 55.074 55.094 55.171 55.19 55.33 55.384
62.158 61.864 61.642 61.213 61.183 60.959 60.811 61.018 60.577 60.211 59.985 59.975 59.851 59.774 59.431 59.271 59.245 59.198 58.85 58.739 58.708 58.42 58.378 58.309 58.166 58.275 58.035 58.039 57.824 57.784 57.213 57.215 56.792 56.653 56.584 56.962 56.49 56.37 56.38 56.346 56.128 55.868 55.838 55.876 55.715 55.46 55.804 55.422 55.606 55.78 55.553 55.736 55.718 55.762 55.62 55.665 55.607 55.565 55.423 55.508 55.499 55.384 55.345 55.375 55.421 55.451 55.484 55.537 55.536 55.622 55.573 55.712
62.794 62.476 61.999 61.835 61.476 61.552 61.314 61.293 61.005 60.691 60.51 60.232 60.069 60.066 60.223 60.135 60.096 59.881 59.678 59.248 59.389 58.986 58.729 58.664 58.673 58.891 58.569 58.438 58.134 57.967 57.58 57.365 57.221 57.1 57.018 57.165 56.901 56.95 56.901 56.722 56.519 56.442 56.126 56.032 55.935 55.958 55.919 55.907 56.138 56.122 56.036 56.045 56.062 56.202 56.16 55.927 55.936 55.999 55.907 55.946 55.883 55.798 55.762 55.732 55.788 55.842 55.872 55.908 55.925 56.011 55.935 55.928
62.775 62.823 62.495 62.219 62.26 61.859 61.623 61.705 61.409 61.216 60.88 60.633 60.457 60.532 60.243 60.07 60.26 60.138 60.077 59.752 59.638 59.348 59.064 58.914 58.951 58.971 58.931 58.896 58.594 58.219 58.051 57.859 57.746 57.637 57.545 57.375 57.462 57.199 57.163 56.883 56.761 56.851 56.568 56.445 56.576 56.477 56.393 56.396 56.439 56.648 56.681 56.639 56.542 56.461 56.55 56.397 56.356 56.43 56.334 56.211 56.237 56.182 56.173 56.188 56.266 56.22 56.243 56.28 56.326 56.362 56.342 56.326
63.332 63.362 63.141 62.853 62.674 62.353 62.199 62.079 62.012 61.623 61.406 61.184 61.022 60.674 60.587 60.483 60.381 60.297 60.609 60.257 60.056 59.841 59.415 59.274 59.223 59.241 59.19 59.148 58.886 58.51 58.43 58.34 58.17 58.08 58.021 57.675 57.479 57.371 57.373 57.299 57.057 57.145 56.955 56.951 57.016 57.115 56.857 56.805 56.774 56.922 57.015 57.097 57.091 56.905 56.875 56.856 56.793 56.664 56.868 56.731 56.505 56.489 56.522 56.565 56.629 56.601 56.642 56.699 56.736 56.769 56.634 56.49
64.282 63.827 63.449 63.503 63.039 62.802 62.795 62.525 62.48 62.153 62.039 61.711 61.461 61.211 61.092 60.929 60.65 60.709 60.608 60.407 60.293 60.482 60.025 59.725 59.625 59.653 59.625 59.33 59.44 58.983 58.635 58.519 58.421 58.272 58.194 58.062 57.83 57.724 57.687 57.668 57.487 57.447 57.415 57.444 57.616 57.526 57.308 57.251 57.224 57.192 57.232 57.319 57.459 57.384 57.351 57.316 57.13 57.172 57.083 57.038 56.882 56.862 56.985 56.958 56.965 56.973 57.021 57.105 57.154 57.162 57.168 57.005
64.097 63.999 63.826 63.63 63.294 63.397 63.154 62.749 62.529 62.383 62.254 61.95 61.656 61.487 61.38 61.528 61.126 60.88 60.865 60.657 60.626 60.634 60.661 60.156 60.045 59.923 59.801 59.837 59.789 59.727 59.257 58.895 58.691 58.538 58.437 58.36 58.365 58.269 58.073 57.973 57.922 57.84 57.958 58.08 57.913 57.789 57.753 57.729 57.652 57.764 57.71 57.647 57.707 57.789 57.631 57.606 57.489 57.628 57.515 57.529 57.31 57.463 57.559 57.321 57.378 57.428 57.447 57.429 57.53 57.485 57.25 57.006
64.518 64.152 64.483 63.858 63.776 63.896 63.32 62.985 62.969 62.914 62.819 62.436 62.049 62.047 61.684 61.74 61.766 61.343 61.142 61.067 61.083 61.084 60.773 60.521 60.299 60.239 60.318 60.272 60.051 60.057 59.779 59.674 59.298 59.01 58.913 58.934 58.769 58.672 58.531 58.441 58.414 58.232 58.453 58.388 58.38 58.17 58.205 58.074 58.048 58.128 58.07 57.976 58.083 57.989 57.904 57.892 57.908 57.945 57.965 57.732 57.714 57.814 57.885 57.654 57.74 57.767 57.838 57.738 57.835 57.409 57.316 57.377
64.72 64.553 64.381 64.282 64.169 63.768 63.689 63.283 63.344 63.157 63.066 62.675 62.396 62.44 62.262 61.979 62.099 61.937 61.587 61.366 61.335 61.243 61.229 61.046 60.722 60.587 60.653 60.485 60.249 60.222 60.189 59.906 59.62 59.75 59.41 59.637 59.321 59.04 58.976 58.862 58.724 58.581 58.589 58.598 58.675 58.614 58.467 58.529 58.43 58.341 58.359 58.31 58.258 58.322 58.361 58.348 58.318 58.246 58.23 58.202 58.063 58.019 57.985 58.042 58.181 58.135 58.123 58.125 57.826 57.631 57.686 57.744
65.35 65.157 64.582 64.41 64.408 64.039 63.927 63.768 63.889 63.406 63.538 63.4 62.832 62.726 62.752 62.373 62.279 62.292 61.986 61.718 61.647 61.571 61.47 61.346 61.161 61.104 60.812 60.66 60.757 60.722 60.447 60.517 60.075 59.853 59.893 59.593 59.532 59.506 59.521 59.279 59.113 58.981 58.881 58.919 58.923 58.944 58.919 58.827 58.804 58.929 58.718 58.63 58.67 58.818 58.656 58.798 58.82 58.652 58.472 58.418 58.352 58.329 58.375 58.551 58.69 58.728 58.561 58.444 57.968 57.999 58.051 58.106
65.62 65.228 64.993 64.968 64.816 64.398 64.245 64.057 63.975 63.779 63.691 63.56 63.18 63.024 63.102 62.847 62.572 62.462 62.384 62.144 61.934 61.907 61.762 61.635 61.575 61.567 61.043 61.021 61.059 60.714 60.896 60.573 60.136 60.252 60.046 60.032 59.763 59.789 59.67 59.501 59.416 59.383 59.223 59.278 59.336 59.322 59.291 59.278 59.117 59.233 59.153 58.99 59.288 59.062 59.001 59.133 59.02 58.847 58.712 58.737 58.755 58.764 58.869 60.44 59.467 59.171 58.84 58.487 58.316 58.362 58.411 58.463
65.811 65.656 65.431 65.421 65.411 64.888 64.633 64.776 64.409 64.342 64.301 63.906 63.608 63.363 63.423 63.295 63.004 62.899 62.798 62.466 62.289 62.191 62.126 62.071 62.027 61.791 61.647 60.871 61.555 60.802 61.015 60.706 60.329 60.141 60.141 60.268 60.1 59.912 59.803 59.841 59.694 59.676 59.67 59.592 59.674 59.709 59.682 59.652 59.591 59.472 59.35 59.377 59.335 59.337 59.345 59.244 59.174 59.274 59.087 59.087 59.053 59.272 59.253 59.239 59.181 59.253 59.052 58.763 58.678 58.721 58.767 58.816
66.249 66.059 66.055 65.755 65.801 65.267 65.094 65.097 64.709 64.596 64.506 64.315 64.052 63.727 63.634 63.56 63.472 63.291 63.425 62.822 62.622 62.564 62.4 62.2 62.136 62.07 61.549 61.145 61.534 60.983 60.647 60.722 60.685 60.494 60.256 60.473 60.41 60.223 60.043 60.151 59.931 59.856 60 59.851 59.867 59.943 60.015 59.88 59.754 59.653 59.65 59.62 59.697 59.765 59.981 59.581 59.572 59.588 59.603 59.638 59.341 59.571 59.401 60.084 59.437 59.501 59.055 58.997 59.035 59.075 59.118 59.164
66.77 66.434 66.283 66.244 66.052 65.589 65.385 65.176 65.102 64.875 64.739 64.66 64.608 64.147 63.945 63.766 63.693 63.605 63.579 63.217 62.947 63.109 62.802 62.502 62.636 62.343 62.282 61.362 61.421 61.453 61.165 60.771 60.896 60.708 60.57 60.405 60.433 60.321 60.391 60.127 60.144 60.084 60.099 60.102 59.975 60.133 60.281 60.016 59.797 60.003 59.934 60.001 59.882 59.801 59.765 59.847 59.925 59.79 59.92 59.667 59.829 59.926 59.986 59.754 59.602 59.447 59.321 59.352 59.387 59.425 59.465 59.508
67.32 66.857 66.824 66.871 66.36 66.1 65.925 65.563 65.453 65.353 65.138 65.025 64.939 64.435 64.35 64.191 63.767 63.568 63.775 63.691 63.348 63.189 63.157 63.047 62.439 62.167 61.653 61.392 61.27 61.408 61.002 60.922 60.976 60.908 60.812 60.697 60.401 60.615 60.555 60.361 60.211 60.136 60.207 60.062 60.098 60.158 60.234 60.099 59.999 60.164 60.406 60.113 60.345 60.127 60.113 59.891 59.918 59.865 59.847 60.029 59.857 60.19 59.941 59.888 59.752 59.689 59.673 59.703 59.735 59.77 59.808 59.848
67.705 67.522 67.184 66.996 66.968 66.456 66.206 65.883 65.658 65.49 65.299 65.266 65.118 64.775 64.7 64.723 64.278 64.001 63.84 63.957 63.807 63.123 62.759 62.703 63.302 62.193 61.824 61.699 61.949 61.307 61.14 61.109 61.013 60.946 60.785 60.72 60.66 60.606 60.558 60.516 60.478 60.446 60.419 60.394 60.37 60.342 60.304 60.259 60.22 60.242 60.792 60.813 60.124 60.242 60.003 59.98 59.962 59.948 59.94 59.935 60.415 60.515 59.949 60.002 59.978 59.998 60.021 60.048 60.078 60.111 60.146 60.184
67.983 67.782 67.563 67.236 66.779 66.794 66.567 66.046 65.857 65.718 65.611 65.416 65.216 65.217 65.113 64.995 64.72 64.335 64.008 63.853 63.67 63.234 62.747 62.413 62.584 62.339 61.865 61.757 61.655 61.558 61.466 61.379 61.298 61.222 61.151 61.086 61.026 60.972 60.923 60.879 60.841 60.806 60.775 60.746 60.717 60.685 60.648 60.608 60.569 60.99 60.491 60.454 60.42 60.389 60.361 60.339 60.32 60.306 60.296 60.291 60.29 60.293 60.3 60.311 60.325 60.343 60.365 60.389 60.417 60.447 60.48 60.515
68.13 67.688 67.668 67.51 66.862 66.859 66.653 66.458 66.141 65.84 65.591 65.527 65.461 65.406 65.27 65.134 64.564 64.362 64.078 63.639 63.511 63.441 63.146 62.84 62.554 62.327 62.216 62.11 62.009 61.913 61.822 61.736 61.655 61.58 61.51 61.445 61.385 61.33 61.28 61.235 61.195 61.158 61.123 61.091 61.059 61.025 60.988 60.95 60.912 60.874 60.838 60.802 60.769 60.739 60.713 60.69 60.672 60.657 60.647 60.641 60.679 60.64 60.646 60.655 60.668 60.684 60.703 60.726 60.751 60.779 60.81 60.842
68.108 67.84 67.746 67.411 67.216 67.071 66.887 66.64 66.436 66.218 65.884 65.777 65.977 65.627 65.093 64.755 64.618 64.665 64.312 63.908 63.739 63.848 63.525 63.118 62.786 62.672 62.563 62.458 62.358 62.263 62.173 62.087 62.007 61.932 61.862 61.797 61.737 61.681 61.631 61.584 61.542 61.502 61.465 61.43 61.395 61.36 61.324 61.287 61.25 61.213 61.178 61.144 61.113 61.084 61.058 61.036 61.017 61.003 60.992 60.985 60.982 60.982 60.986 60.994 61.005 61.02 61.038 61.058 61.081 61.107 61.136 61.166
68.634 68.243 68.377 67.861 68.225 67.905 67.09 67.007 66.613 66.586 66.291 65.988 65.55 65.231 65.018 64.739 64.941 64.697 64.428 64.185 63.944 63.713 63.526 63.249 63.125 63.012 62.903 62.8 62.701 62.607 62.517 62.433 62.353 62.278 62.208 62.143 62.082 62.026 61.974 61.926 61.882 61.841 61.802 61.764 61.728 61.692 61.655 61.619 61.583 61.547 61.513 61.48 61.45 61.422 61.397 61.375 61.357 61.342 61.331 61.323 61.319 61.319 61.322 61.329 61.338 61.351 61.367 61.386 61.407 61.431 61.457 61.486
68.693 68.489 68.273 68.238 67.984 67.516 68.927 67.312 67.124 68.036 67.768 67.476 65.911 65.689 65.339 64.927 64.852 64.783 64.543 64.393 64.181 64.003 63.902 63.574 63.458 63.346 63.239 63.136 63.038 62.945 62.856 62.772 62.693 62.618 62.548 62.483 62.422 62.365 62.312 62.263 62.217 62.174 62.133 62.094 62.056 62.019 61.982 61.946 61.911 61.876 61.843 61.811 61.782 61.755 61.73 61.709 61.691 61.676 61.665 61.657 61.652 61.651 61.653 61.658 61.666 61.678 61.692 61.709 61.729 61.751 61.775 61.802
68.889 68.694 68.631 68.418 68.087 67.712 67.417 67.138 67.094 66.963 66.589 66.143 66.24 66.012 65.761 65.529 64.829 65.495 64.542 64.405 64.273 64.144 64.02 63.901 63.786 63.675 63.569 63.467 63.37 63.278 63.19 63.106 63.027 62.953 62.883 62.817 62.755 62.698 62.644 62.593 62.546 62.502 62.46 62.419 62.38 62.342 62.306 62.269 62.234 62.201 62.168 62.137 62.109 62.082 62.059 62.038 62.02 62.005 61.993 61.985 61.979 61.977 61.979 61.983 61.99 62 62.013 62.029 62.047 62.067 62.09 62.114
