raw_data/humedad_relativa/hora15/rh15aug.txt
ncols         501
nrows         361
xllcorner     109.95
yllcorner     -45.05
cellsize      0.1
NODATA_value  -9999
[rows 288 to 319 of 361, columns 72 to 143 of 501]
72.475 72.414 72.352 72.291 72.23 72.17 72.11 72.05 71.991 71.932 71.874 71.817 71.76 71.705 71.65 71.597 71.544 71.493 71.442 71.393 71.345 71.298 71.253 71.208 71.165 71.123 71.082 71.043 71.004 70.967 70.931 70.897 70.863 70.831 70.8 70.77 70.741 70.713 70.687 70.661 70.637 70.613 70.591 70.569 70.549 70.529 70.511 70.493 70.476 70.46 70.446 70.431 70.418 70.406 70.395 70.384 70.374 70.365 70.357 70.35 70.344 70.338 70.333 70.329 70.326 70.324 70.322 70.321 70.321 70.322 70.324 70.326
72.645 72.586 72.527 72.468 72.41 72.351 72.293 72.235 72.178 72.121 72.065 72.009 71.955 71.901 71.848 71.796 71.745 71.695 71.646 71.599 71.552 71.506 71.462 71.418 71.376 71.335 71.296 71.257 71.22 71.183 71.148 71.115 71.082 71.05 71.02 70.991 70.962 70.935 70.909 70.884 70.86 70.837 70.815 70.794 70.774 70.755 70.737 70.72 70.704 70.688 70.674 70.66 70.647 70.635 70.624 70.614 70.605 70.596 70.588 70.581 70.575 70.57 70.566 70.562 70.559 70.557 70.556 70.555 70.555 70.556 70.558 70.561
72.814 72.757 72.7 72.643 72.587 72.53 72.474 72.418 72.363 72.308 72.253 72.2 72.147 72.095 72.044 71.993 71.944 71.895 71.848 71.801 71.756 71.712 71.668 71.626 71.585 71.545 71.506 71.469 71.432 71.397 71.363 71.33 71.298 71.267 71.237 71.209 71.181 71.155 71.129 71.105 71.081 71.059 71.037 71.017 70.997 70.979 70.961 70.944 70.928 70.913 70.899 70.886 70.874 70.862 70.851 70.841 70.832 70.824 70.817 70.81 70.805 70.8 70.795 70.792 70.79 70.788 70.787 70.787 70.787 70.788 70.79 70.793
72.982 72.927 72.872 72.817 72.762 72.707 72.653 72.599 72.545 72.492 72.44 72.388 72.337 72.286 72.237 72.188 72.14 72.093 72.047 72.001 71.957 71.914 71.872 71.831 71.791 71.752 71.715 71.678 71.642 71.608 71.575 71.542 71.511 71.481 71.452 71.424 71.397 71.371 71.346 71.322 71.3 71.278 71.257 71.237 71.218 71.199 71.182 71.166 71.15 71.136 71.122 71.109 71.097 71.086 71.076 71.066 71.058 71.05 71.043 71.037 71.031 71.027 71.023 71.02 71.018 71.016 71.015 71.015 71.016 71.018 71.02 71.023
73.147 73.094 73.041 72.988 72.935 72.882 72.83 72.778 72.726 72.675 72.624 72.574 72.524 72.475 72.427 72.38 72.333 72.288 72.243 72.199 72.156 72.114 72.074 72.034 71.995 71.957 71.92 71.885 71.85 71.816 71.784 71.752 71.722 71.693 71.664 71.637 71.611 71.585 71.561 71.538 71.515 71.494 71.474 71.454 71.436 71.418 71.401 71.385 71.37 71.356 71.343 71.33 71.319 71.308 71.298 71.289 71.281 71.273 71.267 71.261 71.256 71.251 71.248 71.245 71.243 71.242 71.241 71.242 71.243 71.245 71.247 71.251
73.311 73.26 73.209 73.158 73.106 73.056 73.005 72.954 72.904 72.855 72.806 72.757 72.709 72.662 72.615 72.57 72.525 72.48 72.437 72.394 72.353 72.312 72.272 72.234 72.196 72.159 72.123 72.089 72.055 72.022 71.991 71.96 71.93 71.902 71.874 71.847 71.822 71.797 71.773 71.751 71.729 71.708 71.688 71.669 71.651 71.634 71.618 71.602 71.587 71.574 71.561 71.549 71.538 71.527 71.518 71.509 71.501 71.494 71.488 71.482 71.477 71.473 71.47 71.468 71.466 71.465 71.465 71.466 71.467 71.469 71.472 71.476
73.474 73.424 73.375 73.326 73.276 73.227 73.178 73.129 73.081 73.033 72.986 72.939 72.892 72.847 72.801 72.757 72.713 72.67 72.628 72.587 72.547 72.507 72.469 72.431 72.394 72.359 72.324 72.29 72.257 72.226 72.195 72.165 72.136 72.108 72.081 72.055 72.03 72.006 71.983 71.961 71.94 71.92 71.9 71.882 71.864 71.847 71.831 71.817 71.802 71.789 71.777 71.765 71.754 71.744 71.735 71.727 71.719 71.712 71.706 71.701 71.697 71.693 71.69 71.688 71.687 71.686 71.687 71.687 71.689 71.691 71.695 71.698
73.635 73.587 73.539 73.492 73.444 73.397 73.349 73.302 73.256 73.209 73.163 73.118 73.073 73.029 72.985 72.942 72.9 72.858 72.818 72.778 72.739 72.7 72.663 72.626 72.591 72.556 72.522 72.489 72.457 72.426 72.396 72.367 72.339 72.312 72.286 72.261 72.236 72.213 72.191 72.169 72.148 72.129 72.11 72.092 72.075 72.058 72.043 72.029 72.015 72.002 71.99 71.979 71.968 71.959 71.95 71.942 71.935 71.929 71.923 71.918 71.914 71.911 71.908 71.906 71.905 71.905 71.905 71.907 71.909 71.911 71.915 71.919
73.794 73.748 73.702 73.656 73.61 73.565 73.519 73.473 73.428 73.384 73.339 73.295 73.252 73.209 73.167 73.125 73.084 73.044 73.005 72.966 72.928 72.891 72.855 72.819 72.785 72.751 72.718 72.686 72.655 72.625 72.596 72.568 72.54 72.514 72.488 72.464 72.44 72.417 72.396 72.375 72.355 72.335 72.317 72.3 72.283 72.267 72.252 72.238 72.225 72.213 72.201 72.19 72.18 72.171 72.163 72.155 72.148 72.142 72.137 72.133 72.129 72.126 72.124 72.122 72.121 72.121 72.122 72.124 72.126 72.129 72.132 72.137
73.952 73.908 73.864 73.819 73.775 73.731 73.687 73.643 73.599 73.556 73.513 73.471 73.429 73.388 73.347 73.306 73.267 73.228 73.19 73.152 73.115 73.079 73.044 73.01 72.976 72.943 72.912 72.881 72.85 72.821 72.793 72.765 72.739 72.713 72.689 72.665 72.642 72.62 72.598 72.578 72.558 72.54 72.522 72.505 72.489 72.474 72.459 72.446 72.433 72.421 72.41 72.4 72.39 72.381 72.373 72.366 72.359 72.354 72.349 72.345 72.341 72.339 72.337 72.336 72.335 72.335 72.336 72.338 72.341 72.344 72.348 72.352
74.109 74.066 74.023 73.981 73.938 73.895 73.853 73.81 73.768 73.727 73.685 73.644 73.604 73.564 73.524 73.485 73.447 73.409 73.372 73.336 73.3 73.265 73.231 73.198 73.166 73.134 73.103 73.073 73.044 73.015 72.988 72.961 72.935 72.91 72.886 72.863 72.841 72.819 72.799 72.779 72.76 72.742 72.725 72.708 72.693 72.678 72.664 72.651 72.639 72.627 72.616 72.606 72.597 72.589 72.581 72.574 72.568 72.563 72.558 72.555 72.552 72.549 72.548 72.547 72.547 72.547 72.549 72.551 72.553 72.557 72.561 72.566
74.264 74.223 74.182 74.14 74.099 74.058 74.017 73.976 73.936 73.895 73.855 73.816 73.777 73.738 73.7 73.662 73.625 73.589 73.553 73.518 73.483 73.45 73.417 73.384 73.353 73.322 73.292 73.263 73.234 73.207 73.18 73.154 73.129 73.105 73.082 73.059 73.038 73.017 72.997 72.978 72.959 72.942 72.925 72.909 72.894 72.88 72.867 72.854 72.842 72.831 72.821 72.811 72.802 72.794 72.787 72.781 72.775 72.77 72.766 72.762 72.76 72.758 72.756 72.756 72.756 72.757 72.758 72.761 72.764 72.767 72.772 72.777
74.418 74.378 74.339 74.299 74.259 74.219 74.18 74.14 74.101 74.062 74.024 73.986 73.948 73.911 73.874 73.837 73.801 73.766 73.732 73.698 73.664 73.632 73.6 73.568 73.538 73.508 73.479 73.451 73.423 73.397 73.371 73.346 73.321 73.298 73.275 73.253 73.232 73.212 73.193 73.174 73.157 73.14 73.124 73.108 73.094 73.08 73.067 73.055 73.043 73.033 73.023 73.014 73.005 72.998 72.991 72.985 72.979 72.975 72.971 72.968 72.965 72.964 72.963 72.962 72.963 72.964 72.966 72.969 72.972 72.976 72.98 72.986
74.571 74.532 74.494 74.456 74.417 74.379 74.341 74.303 74.265 74.228 74.191 74.154 74.117 74.081 74.046 74.01 73.976 73.942 73.908 73.875 73.843 73.811 73.781 73.75 73.721 73.692 73.664 73.636 73.61 73.584 73.559 73.535 73.511 73.488 73.466 73.445 73.425 73.405 73.387 73.369 73.352 73.335 73.32 73.305 73.291 73.278 73.265 73.253 73.242 73.232 73.223 73.214 73.206 73.199 73.192 73.187 73.182 73.177 73.174 73.171 73.169 73.168 73.167 73.167 73.168 73.169 73.171 73.174 73.178 73.182 73.187 73.193
74.722 74.685 74.648 74.611 74.574 74.537 74.501 74.464 74.428 74.391 74.356 74.32 74.285 74.25 74.216 74.182 74.148 74.115 74.083 74.051 74.02 73.989 73.959 73.93 73.902 73.874 73.847 73.82 73.794 73.769 73.745 73.721 73.699 73.677 73.656 73.635 73.615 73.597 73.578 73.561 73.544 73.529 73.514 73.499 73.486 73.473 73.461 73.45 73.439 73.429 73.42 73.412 73.405 73.398 73.392 73.386 73.382 73.378 73.375 73.372 73.37 73.369 73.369 73.369 73.37 73.372 73.375 73.378 73.382 73.386 73.391 73.397
74.872 74.836 74.801 74.765 74.73 74.694 74.659 74.623 74.588 74.553 74.519 74.485 74.451 74.417 74.384 74.351 74.319 74.287 74.256 74.225 74.195 74.165 74.136 74.108 74.081 74.054 74.027 74.002 73.977 73.953 73.929 73.906 73.884 73.863 73.843 73.823 73.804 73.786 73.768 73.751 73.735 73.72 73.705 73.692 73.679 73.666 73.655 73.644 73.634 73.625 73.616 73.608 73.601 73.595 73.589 73.584 73.58 73.576 73.573 73.571 73.57 73.569 73.569 73.57 73.571 73.573 73.576 73.579 73.583 73.588 73.593 73.6
75.02 74.986 74.952 74.918 74.884 74.849 74.815 74.781 74.747 74.714 74.681 74.647 74.615 74.582 74.55 74.519 74.488 74.457 74.427 74.397 74.368 74.339 74.312 74.284 74.257 74.231 74.206 74.181 74.157 74.134 74.111 74.089 74.068 74.047 74.028 74.008 73.99 73.972 73.956 73.939 73.924 73.909 73.895 73.882 73.87 73.858 73.847 73.836 73.827 73.818 73.81 73.802 73.796 73.79 73.784 73.78 73.776 73.773 73.77 73.768 73.767 73.767 73.767 73.768 73.77 73.772 73.775 73.778 73.783 73.788 73.793 73.8
75.168 75.135 75.102 75.069 75.036 75.003 74.97 74.938 74.905 74.873 74.841 74.809 74.777 74.746 74.715 74.685 74.655 74.625 74.596 74.567 74.539 74.512 74.485 74.458 74.433 74.407 74.383 74.359 74.336 74.313 74.291 74.27 74.249 74.23 74.21 74.192 74.174 74.157 74.141 74.125 74.111 74.096 74.083 74.07 74.058 74.047 74.036 74.027 74.017 74.009 74.001 73.994 73.988 73.982 73.977 73.973 73.97 73.967 73.965 73.963 73.962 73.962 73.963 73.964 73.966 73.969 73.972 73.976 73.98 73.986 73.991 73.998
75.314 75.282 75.251 75.219 75.187 75.156 75.124 75.093 75.061 75.03 74.999 74.968 74.938 74.908 74.878 74.849 74.82 74.791 74.763 74.736 74.709 74.682 74.656 74.631 74.606 74.581 74.558 74.535 74.512 74.49 74.469 74.449 74.429 74.41 74.391 74.374 74.357 74.34 74.325 74.31 74.295 74.282 74.269 74.257 74.245 74.234 74.224 74.215 74.206 74.198 74.191 74.184 74.178 74.173 74.169 74.165 74.161 74.159 74.157 74.156 74.156 74.156 74.157 74.158 74.16 74.163 74.167 74.171 74.176 74.181 74.187 74.194
75.459 75.429 75.398 75.368 75.337 75.307 75.276 75.246 75.216 75.186 75.156 75.127 75.097 75.068 75.04 75.011 74.984 74.956 74.929 74.902 74.876 74.851 74.826 74.801 74.777 74.754 74.731 74.709 74.687 74.666 74.646 74.626 74.607 74.588 74.571 74.553 74.537 74.521 74.506 74.492 74.478 74.465 74.453 74.441 74.43 74.42 74.41 74.401 74.393 74.385 74.378 74.372 74.367 74.362 74.358 74.354 74.351 74.349 74.348 74.347 74.347 74.347 74.348 74.35 74.353 74.356 74.36 74.364 74.369 74.375 74.381 74.388
75.603 75.574 75.544 75.515 75.486 75.456 75.427 75.398 75.369 75.34 75.312 75.283 75.255 75.227 75.2 75.172 75.146 75.119 75.093 75.067 75.042 75.018 74.993 74.97 74.947 74.924 74.902 74.881 74.86 74.84 74.82 74.801 74.783 74.765 74.748 74.731 74.715 74.7 74.686 74.672 74.659 74.646 74.634 74.623 74.613 74.603 74.594 74.585 74.578 74.57 74.564 74.558 74.553 74.549 74.545 74.542 74.539 74.537 74.536 74.536 74.536 74.537 74.538 74.54 74.543 74.546 74.55 74.555 74.56 74.566 74.573 74.58
75.746 75.717 75.689 75.661 75.633 75.605 75.577 75.549 75.521 75.493 75.466 75.438 75.411 75.384 75.358 75.332 75.306 75.28 75.255 75.231 75.206 75.183 75.159 75.137 75.114 75.093 75.071 75.051 75.031 75.011 74.992 74.974 74.956 74.939 74.923 74.907 74.892 74.877 74.864 74.85 74.838 74.826 74.814 74.804 74.794 74.784 74.776 74.768 74.76 74.754 74.748 74.742 74.738 74.733 74.73 74.727 74.725 74.724 74.723 74.723 74.723 74.724 74.726 74.728 74.731 74.735 74.739 74.744 74.75 74.756 74.763 74.77
75.887 75.86 75.833 75.806 75.779 75.752 75.725 75.698 75.671 75.645 75.618 75.592 75.566 75.54 75.515 75.489 75.465 75.44 75.416 75.392 75.369 75.346 75.324 75.302 75.28 75.26 75.239 75.219 75.2 75.181 75.163 75.146 75.129 75.112 75.096 75.081 75.067 75.053 75.039 75.027 75.015 75.003 74.993 74.982 74.973 74.964 74.956 74.948 74.941 74.935 74.929 74.924 74.92 74.916 74.913 74.911 74.909 74.908 74.907 74.908 74.908 74.91 74.912 74.914 74.918 74.922 74.926 74.931 74.937 74.944 74.951 74.958
76.027 76.002 75.976 75.95 75.924 75.898 75.872 75.846 75.82 75.795 75.769 75.744 75.719 75.694 75.67 75.646 75.622 75.598 75.575 75.552 75.53 75.508 75.486 75.465 75.445 75.425 75.405 75.386 75.368 75.35 75.332 75.315 75.299 75.283 75.268 75.254 75.24 75.226 75.214 75.201 75.19 75.179 75.169 75.159 75.15 75.142 75.134 75.127 75.12 75.115 75.109 75.105 75.101 75.097 75.095 75.093 75.091 75.09 75.09 75.091 75.092 75.093 75.096 75.099 75.102 75.106 75.111 75.117 75.123 75.129 75.136 75.144
76.167 76.142 76.117 76.092 76.067 76.042 76.018 75.993 75.968 75.944 75.919 75.895 75.871 75.847 75.824 75.8 75.777 75.755 75.733 75.711 75.689 75.668 75.647 75.627 75.607 75.588 75.569 75.551 75.533 75.516 75.499 75.483 75.468 75.452 75.438 75.424 75.411 75.398 75.386 75.374 75.363 75.353 75.343 75.334 75.326 75.318 75.31 75.304 75.298 75.292 75.287 75.283 75.28 75.277 75.274 75.272 75.271 75.271 75.271 75.272 75.273 75.275 75.278 75.281 75.285 75.289 75.294 75.3 75.306 75.313 75.32 75.329
76.305 76.281 76.257 76.234 76.21 76.186 76.162 76.138 76.115 76.091 76.068 76.044 76.021 75.999 75.976 75.954 75.932 75.91 75.889 75.868 75.847 75.827 75.807 75.788 75.769 75.75 75.732 75.714 75.697 75.681 75.665 75.649 75.634 75.62 75.606 75.593 75.58 75.568 75.556 75.545 75.535 75.525 75.516 75.507 75.499 75.492 75.485 75.479 75.473 75.468 75.464 75.46 75.456 75.454 75.452 75.451 75.45 75.45 75.45 75.451 75.453 75.455 75.458 75.461 75.465 75.47 75.475 75.481 75.488 75.495 75.502 75.511
76.442 76.419 76.397 76.374 76.351 76.328 76.305 76.282 76.26 76.237 76.215 76.192 76.17 76.149 76.127 76.105 76.084 76.064 76.043 76.023 76.003 75.984 75.965 75.946 75.928 75.91 75.893 75.876 75.86 75.844 75.829 75.814 75.8 75.786 75.773 75.76 75.748 75.736 75.725 75.715 75.705 75.695 75.687 75.678 75.671 75.664 75.658 75.652 75.647 75.642 75.638 75.634 75.632 75.629 75.628 75.627 75.626 75.626 75.627 75.629 75.63 75.633 75.636 75.64 75.644 75.649 75.655 75.661 75.667 75.675 75.683 75.691
76.578 76.556 76.535 76.513 76.491 76.469 76.447 76.425 76.404 76.382 76.361 76.339 76.318 76.297 76.276 76.256 76.236 76.216 76.196 76.177 76.158 76.139 76.121 76.103 76.086 76.069 76.052 76.036 76.021 76.006 75.991 75.977 75.963 75.95 75.937 75.925 75.914 75.903 75.892 75.882 75.873 75.864 75.856 75.848 75.841 75.834 75.829 75.823 75.818 75.814 75.811 75.807 75.805 75.803 75.802 75.801 75.801 75.801 75.803 75.804 75.806 75.809 75.813 75.817 75.821 75.826 75.832 75.838 75.845 75.853 75.861 75.87
76.713 76.692 76.671 76.651 76.63 76.609 76.588 76.567 76.546 76.526 76.505 76.485 76.464 76.444 76.424 76.405 76.386 76.366 76.348 76.329 76.311 76.293 76.276 76.259 76.242 76.226 76.21 76.195 76.18 76.165 76.151 76.138 76.125 76.112 76.1 76.089 76.078 76.067 76.057 76.048 76.039 76.031 76.023 76.016 76.009 76.003 75.998 75.993 75.988 75.985 75.981 75.979 75.977 75.975 75.974 75.974 75.974 75.975 75.976 75.978 75.981 75.984 75.987 75.992 75.996 76.002 76.008 76.014 76.021 76.029 76.037 76.046
76.847 76.827 76.807 76.787 76.767 76.747 76.727 76.708 76.688 76.668 76.648 76.629 76.609 76.59 76.571 76.553 76.534 76.516 76.498 76.48 76.463 76.446 76.429 76.413 76.397 76.382 76.366 76.352 76.338 76.324 76.31 76.298 76.285 76.273 76.262 76.251 76.24 76.231 76.221 76.212 76.204 76.196 76.189 76.182 76.176 76.17 76.165 76.161 76.157 76.153 76.15 76.148 76.146 76.145 76.145 76.145 76.145 76.146 76.148 76.15 76.153 76.156 76.16 76.165 76.17 76.175 76.182 76.188 76.196 76.204 76.212 76.221
76.98 76.961 76.942 76.923 76.904 76.885 76.866 76.847 76.828 76.809 76.79 76.772 76.753 76.735 76.717 76.699 76.681 76.664 76.647 76.63 76.613 76.597 76.581 76.566 76.55 76.536 76.521 76.507 76.494 76.48 76.468 76.456 76.444 76.432 76.422 76.411 76.401 76.392 76.383 76.375 76.367 76.36 76.353 76.347 76.341 76.336 76.331 76.327 76.323 76.32 76.318 76.316 76.315 76.314 76.314 76.314 76.315 76.316 76.318 76.32 76.324 76.327 76.331 76.336 76.341 76.347 76.354 76.361 76.368 76.376 76.385 76.394
77.112 77.094 77.076 77.058 77.04 77.021 77.003 76.985 76.967 76.949 76.931 76.913 76.896 76.878 76.861 76.844 76.827 76.81 76.794 76.778 76.762 76.747 76.731 76.717 76.702 76.688 76.674 76.661 76.648 76.636 76.624 76.612 76.601 76.59 76.58 76.57 76.561 76.552 76.544 76.536 76.528 76.522 76.515 76.51 76.504 76.499 76.495 76.492 76.488 76.486 76.484 76.482 76.481 76.481 76.481 76.481 76.482 76.484 76.486 76.489 76.492 76.496 76.501 76.506 76.511 76.517 76.524 76.531 76.539 76.547 76.556 76.565
