raw_data/humedad_relativa/hora15/rh15jul.txt
ncols         501
nrows         361
xllcorner     109.95
yllcorner     -45.05
cellsize      0.1
NODATA_value  -9999
[rows 32 to 63 of 361, columns 360 to 431 of 501]
66.05 66.303 66.552 66.798 67.04 67.277 67.51 67.739 67.963 68.182 68.396 68.605 68.81 69.009 69.202 69.391 69.574 69.753 69.926 70.094 70.256 70.414 70.567 70.715 70.858 70.997 71.131 71.26 71.385 71.506 71.622 71.735 71.843 71.948 72.049 72.147 72.241 72.331 72.419 72.503 72.585 72.663 72.739 72.812 72.882 72.95 73.016 73.079 73.14 73.199 73.256 73.311 73.365 73.416 73.466 73.514 73.561 73.606 73.649 73.692 73.733 73.773 73.811 73.849 73.885 73.92 73.955 73.988 74.02 74.052 74.083 74.113
66.022 66.279 66.534 66.784 67.03 67.272 67.509 67.742 67.969 68.192 68.41 68.622 68.829 69.03 69.226 69.417 69.602 69.782 69.957 70.126 70.29 70.449 70.602 70.751 70.894 71.033 71.167 71.297 71.422 71.542 71.658 71.771 71.879 71.983 72.084 72.18 72.274 72.364 72.45 72.534 72.615 72.692 72.767 72.839 72.909 72.976 73.041 73.103 73.163 73.221 73.277 73.332 73.384 73.435 73.484 73.531 73.577 73.621 73.664 73.705 73.746 73.785 73.822 73.859 73.895 73.93 73.963 73.996 74.028 74.059 74.089 74.119
65.992 66.255 66.515 66.77 67.021 67.267 67.509 67.745 67.977 68.203 68.424 68.639 68.848 69.053 69.251 69.444 69.631 69.813 69.989 70.159 70.324 70.484 70.638 70.787 70.931 71.07 71.204 71.334 71.458 71.579 71.695 71.806 71.914 72.018 72.118 72.214 72.306 72.396 72.481 72.564 72.644 72.721 72.795 72.866 72.934 73.001 73.064 73.126 73.185 73.242 73.297 73.351 73.402 73.452 73.5 73.546 73.591 73.635 73.677 73.718 73.757 73.795 73.832 73.868 73.903 73.937 73.97 74.003 74.034 74.064 74.094 74.123
65.962 66.231 66.496 66.756 67.012 67.262 67.508 67.749 67.984 68.214 68.438 68.657 68.869 69.076 69.277 69.472 69.661 69.844 70.021 70.193 70.359 70.519 70.674 70.824 70.968 71.107 71.241 71.371 71.495 71.615 71.731 71.842 71.949 72.052 72.151 72.247 72.338 72.427 72.512 72.594 72.672 72.748 72.821 72.891 72.959 73.024 73.087 73.147 73.206 73.262 73.316 73.368 73.419 73.468 73.515 73.56 73.604 73.647 73.688 73.728 73.767 73.804 73.841 73.876 73.91 73.944 73.976 74.008 74.038 74.068 74.097 74.125
65.932 66.206 66.476 66.742 67.002 67.258 67.509 67.754 67.993 68.226 68.454 68.676 68.891 69.1 69.304 69.501 69.691 69.876 70.055 70.228 70.395 70.556 70.711 70.861 71.006 71.145 71.279 71.408 71.532 71.652 71.767 71.878 71.984 72.086 72.185 72.279 72.37 72.457 72.541 72.622 72.7 72.775 72.847 72.916 72.982 73.046 73.108 73.168 73.225 73.28 73.333 73.385 73.434 73.482 73.528 73.573 73.616 73.658 73.698 73.737 73.775 73.812 73.848 73.882 73.916 73.948 73.98 74.011 74.041 74.07 74.099 74.127
65.9 66.18 66.456 66.727 66.993 67.254 67.509 67.759 68.002 68.24 68.471 68.696 68.914 69.126 69.331 69.531 69.723 69.91 70.09 70.263 70.431 70.593 70.749 70.899 71.044 71.183 71.317 71.446 71.569 71.688 71.803 71.913 72.018 72.12 72.217 72.311 72.401 72.487 72.57 72.65 72.727 72.8 72.871 72.939 73.005 73.068 73.128 73.187 73.243 73.297 73.349 73.4 73.448 73.495 73.54 73.584 73.626 73.667 73.707 73.745 73.782 73.818 73.853 73.887 73.92 73.951 73.982 74.013 74.042 74.071 74.099 74.126
65.868 66.154 66.436 66.713 66.985 67.251 67.511 67.765 68.013 68.254 68.489 68.717 68.938 69.153 69.361 69.562 69.756 69.944 70.125 70.3 70.469 70.631 70.787 70.938 71.082 71.221 71.355 71.483 71.607 71.725 71.839 71.948 72.052 72.153 72.249 72.342 72.431 72.516 72.598 72.677 72.752 72.825 72.894 72.961 73.026 73.087 73.147 73.204 73.259 73.312 73.364 73.413 73.46 73.506 73.551 73.593 73.635 73.675 73.713 73.751 73.787 73.822 73.856 73.889 73.922 73.953 73.983 74.013 74.042 74.07 74.097 74.124
65.835 66.128 66.416 66.699 66.977 67.248 67.513 67.772 68.024 68.269 68.508 68.739 68.964 69.181 69.391 69.594 69.79 69.979 70.162 70.338 70.507 70.67 70.826 70.977 71.121 71.26 71.393 71.521 71.644 71.761 71.874 71.982 72.086 72.186 72.281 72.372 72.46 72.544 72.625 72.702 72.777 72.848 72.916 72.982 73.045 73.106 73.164 73.22 73.274 73.326 73.376 73.425 73.471 73.516 73.559 73.601 73.641 73.681 73.718 73.755 73.79 73.825 73.858 73.89 73.922 73.952 73.982 74.011 74.039 74.067 74.094 74.12
65.802 66.102 66.397 66.686 66.969 67.246 67.517 67.78 68.037 68.286 68.528 68.763 68.99 69.21 69.423 69.628 69.826 70.016 70.2 70.376 70.546 70.709 70.866 71.016 71.161 71.299 71.432 71.559 71.681 71.798 71.909 72.017 72.119 72.218 72.312 72.402 72.489 72.571 72.651 72.727 72.8 72.87 72.937 73.001 73.063 73.123 73.18 73.235 73.288 73.338 73.387 73.435 73.48 73.524 73.566 73.607 73.646 73.685 73.721 73.757 73.792 73.825 73.858 73.89 73.92 73.95 73.979 74.008 74.035 74.062 74.088 74.114
65.767 66.075 66.377 66.673 66.962 67.245 67.521 67.79 68.051 68.305 68.55 68.789 69.019 69.241 69.456 69.663 69.862 70.054 70.239 70.416 70.586 70.75 70.906 71.056 71.2 71.338 71.47 71.597 71.718 71.834 71.944 72.05 72.152 72.249 72.342 72.431 72.516 72.597 72.675 72.75 72.822 72.89 72.956 73.019 73.08 73.138 73.194 73.248 73.299 73.349 73.397 73.443 73.487 73.53 73.571 73.611 73.649 73.687 73.723 73.758 73.791 73.824 73.856 73.887 73.917 73.946 73.975 74.002 74.029 74.056 74.081 74.106
65.733 66.048 66.357 66.66 66.956 67.245 67.527 67.801 68.067 68.324 68.574 68.816 69.049 69.274 69.491 69.7 69.901 70.094 70.279 70.457 70.627 70.791 70.947 71.097 71.241 71.378 71.509 71.634 71.754 71.869 71.979 72.084 72.184 72.279 72.371 72.458 72.542 72.622 72.699 72.772 72.842 72.909 72.974 73.036 73.095 73.152 73.206 73.259 73.309 73.357 73.404 73.449 73.492 73.534 73.574 73.613 73.651 73.687 73.722 73.756 73.789 73.821 73.852 73.882 73.911 73.94 73.968 73.995 74.021 74.047 74.072 74.097
65.698 66.022 66.339 66.649 66.952 67.247 67.534 67.813 68.084 68.346 68.6 68.845 69.081 69.309 69.528 69.738 69.94 70.134 70.32 70.499 70.669 70.833 70.989 71.138 71.281 71.417 71.548 71.672 71.791 71.904 72.013 72.116 72.215 72.309 72.399 72.485 72.567 72.646 72.721 72.792 72.861 72.927 72.99 73.05 73.108 73.163 73.217 73.268 73.317 73.364 73.409 73.453 73.495 73.536 73.575 73.613 73.65 73.685 73.719 73.752 73.784 73.816 73.846 73.875 73.904 73.932 73.959 73.986 74.011 74.037 74.061 74.086
65.663 65.995 66.32 66.638 66.948 67.25 67.543 67.828 68.103 68.37 68.628 68.876 69.115 69.345 69.566 69.778 69.982 70.176 70.363 70.542 70.712 70.875 71.031 71.18 71.322 71.457 71.586 71.71 71.827 71.939 72.046 72.148 72.245 72.337 72.426 72.51 72.591 72.668 72.741 72.811 72.878 72.943 73.004 73.063 73.119 73.173 73.225 73.275 73.323 73.369 73.413 73.455 73.496 73.536 73.574 73.611 73.646 73.681 73.714 73.746 73.778 73.808 73.838 73.866 73.894 73.922 73.948 73.974 74 74.024 74.048 74.072
65.629 65.97 66.303 66.629 66.946 67.255 67.554 67.844 68.125 68.396 68.658 68.909 69.151 69.383 69.606 69.82 70.025 70.22 70.407 70.586 70.756 70.919 71.074 71.222 71.363 71.497 71.625 71.747 71.863 71.973 72.078 72.178 72.274 72.365 72.451 72.534 72.613 72.688 72.76 72.828 72.894 72.956 73.016 73.074 73.128 73.181 73.231 73.28 73.326 73.371 73.414 73.455 73.495 73.533 73.57 73.606 73.641 73.674 73.707 73.738 73.769 73.799 73.827 73.855 73.883 73.909 73.935 73.961 73.985 74.01 74.033 74.057
65.595 65.945 66.287 66.621 66.946 67.262 67.568 67.864 68.149 68.425 68.69 68.945 69.19 69.424 69.649 69.864 70.069 70.265 70.453 70.631 70.801 70.963 71.117 71.264 71.404 71.537 71.663 71.783 71.898 72.006 72.11 72.208 72.302 72.391 72.476 72.556 72.633 72.707 72.777 72.843 72.907 72.968 73.026 73.082 73.135 73.186 73.235 73.282 73.327 73.371 73.413 73.453 73.491 73.529 73.565 73.6 73.633 73.666 73.697 73.728 73.758 73.787 73.815 73.842 73.869 73.895 73.92 73.945 73.969 73.993 74.016 74.039
65.561 65.921 66.273 66.616 66.949 67.271 67.584 67.885 68.176 68.456 68.725 68.983 69.231 69.467 69.694 69.91 70.116 70.312 70.499 70.678 70.847 71.008 71.161 71.307 71.445 71.576 71.701 71.819 71.932 72.039 72.14 72.237 72.328 72.415 72.498 72.577 72.652 72.723 72.792 72.857 72.919 72.978 73.034 73.088 73.14 73.19 73.237 73.283 73.326 73.368 73.409 73.448 73.485 73.522 73.556 73.59 73.623 73.655 73.685 73.715 73.744 73.772 73.8 73.826 73.852 73.878 73.903 73.927 73.951 73.974 73.997 74.019
65.529 65.899 66.261 66.613 66.954 67.284 67.603 67.91 68.206 68.491 68.763 69.025 69.274 69.513 69.741 69.958 70.164 70.361 70.548 70.725 70.894 71.054 71.205 71.349 71.486 71.616 71.738 71.855 71.965 72.07 72.169 72.264 72.353 72.438 72.519 72.596 72.669 72.738 72.804 72.867 72.928 72.985 73.04 73.092 73.142 73.19 73.236 73.28 73.323 73.363 73.403 73.44 73.477 73.512 73.546 73.578 73.61 73.641 73.671 73.7 73.728 73.756 73.782 73.808 73.834 73.859 73.883 73.907 73.93 73.953 73.975 73.997
65.498 65.88 66.251 66.612 66.962 67.299 67.625 67.939 68.24 68.528 68.805 69.069 69.321 69.561 69.79 70.008 70.214 70.411 70.597 70.774 70.941 71.1 71.25 71.392 71.527 71.654 71.775 71.889 71.997 72.1 72.197 72.289 72.376 72.459 72.538 72.612 72.683 72.751 72.815 72.876 72.934 72.99 73.043 73.093 73.142 73.188 73.233 73.275 73.316 73.356 73.394 73.43 73.465 73.499 73.532 73.564 73.595 73.625 73.654 73.682 73.709 73.736 73.762 73.788 73.813 73.837 73.861 73.884 73.907 73.929 73.952 73.973
65.469 65.862 66.244 66.615 66.973 67.319 67.651 67.971 68.277 68.57 68.849 69.116 69.371 69.612 69.842 70.06 70.267 70.462 70.648 70.823 70.989 71.146 71.294 71.435 71.567 71.692 71.811 71.923 72.028 72.128 72.223 72.313 72.398 72.478 72.554 72.627 72.695 72.761 72.823 72.882 72.938 72.992 73.043 73.092 73.138 73.183 73.226 73.267 73.307 73.345 73.382 73.417 73.451 73.484 73.516 73.547 73.577 73.606 73.634 73.661 73.688 73.714 73.74 73.765 73.789 73.813 73.836 73.859 73.881 73.904 73.925 73.947
65.442 65.848 66.241 66.621 66.988 67.342 67.681 68.007 68.318 68.615 68.898 69.167 69.423 69.666 69.896 70.114 70.321 70.516 70.7 70.874 71.038 71.193 71.339 71.477 71.607 71.73 71.845 71.955 72.058 72.155 72.247 72.334 72.417 72.495 72.568 72.638 72.705 72.768 72.828 72.885 72.939 72.991 73.04 73.087 73.132 73.175 73.217 73.257 73.295 73.331 73.367 73.401 73.434 73.466 73.497 73.527 73.556 73.584 73.611 73.638 73.664 73.69 73.714 73.739 73.763 73.786 73.809 73.831 73.853 73.875 73.897 73.918
65.419 65.837 66.242 66.632 67.008 67.37 67.716 68.047 68.363 68.664 68.95 69.222 69.479 69.723 69.954 70.171 70.377 70.57 70.753 70.925 71.087 71.24 71.383 71.519 71.646 71.766 71.879 71.985 72.086 72.18 72.27 72.354 72.433 72.509 72.58 72.648 72.712 72.772 72.83 72.885 72.937 72.987 73.034 73.08 73.123 73.164 73.204 73.243 73.279 73.315 73.349 73.382 73.414 73.445 73.474 73.503 73.532 73.559 73.586 73.612 73.637 73.662 73.686 73.71 73.733 73.756 73.779 73.801 73.823 73.844 73.866 73.886
65.4 65.83 66.247 66.648 67.034 67.403 67.756 68.093 68.414 68.718 69.007 69.281 69.539 69.783 70.013 70.23 70.434 70.626 70.807 70.977 71.136 71.286 71.427 71.559 71.684 71.801 71.911 72.014 72.111 72.203 72.289 72.371 72.448 72.52 72.589 72.654 72.715 72.773 72.829 72.882 72.932 72.979 73.025 73.069 73.11 73.15 73.188 73.225 73.261 73.295 73.328 73.36 73.39 73.42 73.449 73.477 73.505 73.531 73.557 73.583 73.607 73.632 73.655 73.679 73.702 73.724 73.746 73.768 73.79 73.811 73.832 73.853
65.385 65.829 66.257 66.669 67.064 67.442 67.802 68.144 68.469 68.777 69.068 69.343 69.602 69.846 70.076 70.291 70.494 70.684 70.862 71.029 71.186 71.333 71.47 71.599 71.72 71.834 71.94 72.041 72.135 72.223 72.306 72.385 72.459 72.528 72.594 72.656 72.715 72.771 72.824 72.875 72.923 72.969 73.012 73.054 73.094 73.132 73.169 73.204 73.238 73.271 73.303 73.334 73.364 73.392 73.42 73.448 73.474 73.5 73.525 73.55 73.575 73.598 73.622 73.644 73.667 73.689 73.711 73.733 73.754 73.775 73.796 73.816
65.375 65.833 66.274 66.697 67.101 67.487 67.854 68.201 68.53 68.841 69.134 69.41 69.669 69.913 70.141 70.355 70.555 70.742 70.918 71.082 71.235 71.378 71.512 71.638 71.755 71.865 71.968 72.065 72.155 72.24 72.32 72.396 72.466 72.533 72.596 72.656 72.712 72.766 72.816 72.865 72.91 72.954 72.996 73.036 73.074 73.111 73.146 73.18 73.213 73.244 73.275 73.305 73.333 73.361 73.388 73.415 73.441 73.466 73.491 73.515 73.539 73.562 73.585 73.607 73.629 73.651 73.673 73.694 73.715 73.736 73.757 73.777
65.371 65.844 66.298 66.732 67.146 67.539 67.912 68.265 68.597 68.911 69.205 69.481 69.74 69.982 70.209 70.42 70.617 70.802 70.974 71.134 71.283 71.423 71.553 71.674 71.788 71.894 71.993 72.086 72.173 72.255 72.331 72.403 72.471 72.534 72.594 72.651 72.705 72.756 72.804 72.85 72.894 72.936 72.975 73.014 73.05 73.085 73.119 73.152 73.183 73.214 73.243 73.272 73.299 73.326 73.353 73.378 73.404 73.428 73.452 73.476 73.499 73.522 73.545 73.567 73.589 73.61 73.632 73.653 73.674 73.695 73.715 73.736
65.375 65.862 66.329 66.774 67.198 67.599 67.978 68.335 68.671 68.986 69.281 69.557 69.814 70.055 70.279 70.487 70.681 70.862 71.029 71.186 71.331 71.466 71.592 71.709 71.818 71.92 72.015 72.104 72.187 72.265 72.338 72.407 72.471 72.531 72.589 72.643 72.694 72.742 72.788 72.832 72.873 72.913 72.951 72.987 73.022 73.056 73.088 73.119 73.15 73.179 73.207 73.235 73.262 73.288 73.314 73.339 73.363 73.387 73.411 73.434 73.457 73.479 73.502 73.524 73.545 73.567 73.588 73.609 73.63 73.65 73.671 73.691
65.386 65.889 66.369 66.826 67.258 67.666 68.051 68.412 68.75 69.067 69.362 69.637 69.892 70.13 70.351 70.555 70.745 70.922 71.085 71.236 71.377 71.507 71.628 71.741 71.846 71.943 72.034 72.119 72.198 72.272 72.341 72.406 72.467 72.524 72.578 72.629 72.678 72.724 72.767 72.809 72.848 72.886 72.922 72.956 72.99 73.022 73.053 73.083 73.112 73.14 73.167 73.194 73.22 73.246 73.271 73.295 73.319 73.342 73.366 73.388 73.411 73.433 73.455 73.477 73.498 73.52 73.541 73.562 73.583 73.603 73.624 73.644
65.407 65.926 66.419 66.886 67.328 67.743 68.133 68.497 68.837 69.154 69.448 69.721 69.974 70.208 70.425 70.625 70.81 70.981 71.139 71.286 71.421 71.546 71.662 71.77 71.87 71.962 72.048 72.129 72.204 72.274 72.339 72.4 72.458 72.512 72.563 72.611 72.657 72.7 72.742 72.781 72.818 72.854 72.888 72.921 72.953 72.984 73.013 73.042 73.07 73.097 73.123 73.149 73.175 73.199 73.224 73.247 73.271 73.294 73.317 73.339 73.362 73.384 73.405 73.427 73.448 73.47 73.491 73.512 73.532 73.553 73.574 73.594
65.438 65.972 66.479 66.958 67.408 67.829 68.223 68.59 68.931 69.247 69.539 69.809 70.059 70.288 70.5 70.695 70.875 71.04 71.193 71.333 71.463 71.582 71.693 71.795 71.889 71.977 72.059 72.134 72.205 72.271 72.332 72.39 72.444 72.495 72.543 72.588 72.631 72.672 72.711 72.748 72.783 72.817 72.85 72.881 72.911 72.94 72.969 72.996 73.023 73.05 73.075 73.1 73.125 73.149 73.173 73.196 73.219 73.242 73.264 73.287 73.309 73.331 73.352 73.374 73.395 73.416 73.437 73.458 73.479 73.5 73.521 73.542
65.481 66.031 66.551 67.04 67.498 67.926 68.323 68.692 69.032 69.346 69.636 69.902 70.146 70.371 70.576 70.765 70.938 71.097 71.243 71.377 71.501 71.614 71.719 71.815 71.905 71.987 72.064 72.135 72.201 72.263 72.32 72.374 72.425 72.472 72.517 72.56 72.6 72.638 72.675 72.709 72.743 72.775 72.806 72.836 72.864 72.892 72.92 72.946 72.972 72.997 73.022 73.047 73.071 73.094 73.118 73.141 73.163 73.186 73.208 73.23 73.252 73.274 73.296 73.317 73.339 73.36 73.381 73.402 73.423 73.444 73.465 73.486
65.536 66.102 66.636 67.135 67.601 68.033 68.433 68.801 69.141 69.452 69.737 69.998 70.236 70.454 70.653 70.835 71.001 71.152 71.291 71.418 71.535 71.642 71.74 71.831 71.915 71.992 72.063 72.129 72.191 72.248 72.302 72.352 72.399 72.444 72.485 72.525 72.563 72.599 72.633 72.666 72.697 72.727 72.757 72.785 72.813 72.839 72.866 72.891 72.916 72.941 72.965 72.989 73.012 73.035 73.058 73.081 73.104 73.126 73.148 73.17 73.192 73.214 73.235 73.257 73.278 73.3 73.321 73.343 73.364 73.385 73.406 73.427
65.605 66.188 66.734 67.243 67.715 68.151 68.552 68.92 69.256 69.563 69.842 70.096 70.328 70.538 70.729 70.902 71.06 71.204 71.335 71.455 71.564 71.665 71.756 71.841 71.918 71.99 72.056 72.117 72.174 72.228 72.277 72.324 72.367 72.408 72.447 72.484 72.519 72.553 72.585 72.616 72.645 72.674 72.702 72.729 72.755 72.781 72.806 72.831 72.855 72.879 72.903 72.926 72.949 72.972 72.995 73.017 73.039 73.062 73.084 73.106 73.128 73.15 73.172 73.193 73.215 73.237 73.258 73.28 73.301 73.323 73.344 73.366
