raw_data/humedad_relativa/hora15/rh15nov.txt
ncols         501
nrows         361
xllcorner     109.95
yllcorner     -45.05
cellsize      0.1
NODATA_value  -9999
[rows 192 to 223 of 361, columns 0 to 71 of 501]
58.374 58.285 58.192 58.097 57.998 57.896 57.79 57.68 57.566 57.449 57.326 57.2 57.068 56.932 56.79 56.643 56.491 56.332 56.167 55.996 55.818 55.633 55.441 55.242 55.035 54.819 54.596 54.364 54.122 53.872 53.612 53.342 53.062 52.771 52.468 52.153 51.826 51.483 51.125 50.749 50.351 49.927 49.472 48.462 47.675 45.816 44.938 44.216 43.301 42.407 41.503 40.347 39.576 38.685 37.583 36.782 35.545 34.446 33.459 32.374 31.273 30.23 29.249 28.337 27.677 27.027 26.39 25.525 24.816 24.252 23.426 22.809
58.529 58.442 58.351 58.257 58.16 58.06 57.956 57.849 57.738 57.623 57.503 57.379 57.251 57.118 56.98 56.837 56.688 56.534 56.374 56.208 56.036 55.857 55.672 55.479 55.28 55.073 54.859 54.637 54.407 54.169 53.922 53.667 53.403 53.13 52.847 52.554 52.251 51.935 51.607 51.264 50.903 50.521 50.111 49.665 48.63 47.4 46.58 45.277 44.077 43.291 42.373 41.082 40.383 39.397 38.494 37.289 35.925 34.618 34.024 32.579 32.017 30.872 29.844 29.045 28.387 27.762 27.057 26.274 25.22 24.936 24.342 23.806
58.683 58.597 58.508 58.416 58.321 58.223 58.122 58.016 57.908 57.795 57.678 57.557 57.432 57.302 57.167 57.028 56.883 56.733 56.578 56.417 56.25 56.078 55.899 55.713 55.521 55.323 55.118 54.905 54.686 54.459 54.225 53.984 53.735 53.479 53.215 52.942 52.662 52.372 52.072 51.762 51.438 51.097 50.735 50.342 49.905 48.905 47.355 46.505 45.338 44.156 43.172 42.248 41.085 40.492 39.303 37.921 36.513 35.228 34.156 33.551 32.544 31.49 30.284 29.439 29.05 28.363 27.507 26.78 26.026 25.548 24.726 24.245
58.835 58.751 58.664 58.574 58.481 58.385 58.285 58.182 58.076 57.965 57.851 57.733 57.611 57.484 57.353 57.217 57.076 56.931 56.78 56.624 56.462 56.295 56.122 55.943 55.759 55.568 55.371 55.167 54.958 54.742 54.52 54.291 54.057 53.815 53.568 53.315 53.055 52.788 52.515 52.234 51.945 51.644 51.329 50.992 50.619 50.189 48.868 46.965 46.886 45.163 44.058 43.004 42.504 41.076 39.59 38.558 37.141 36.064 34.783 33.913 32.908 31.759 30.841 30.082 29.705 28.822 27.966 26.824 26.522 25.959 24.988 24.466
58.986 58.903 58.818 58.73 58.639 58.544 58.447 58.346 58.242 58.134 58.023 57.907 57.788 57.664 57.536 57.404 57.267 57.125 56.979 56.827 56.67 56.508 56.341 56.169 55.99 55.807 55.617 55.423 55.222 55.016 54.804 54.587 54.365 54.137 53.905 53.667 53.426 53.179 52.929 52.674 52.415 52.15 51.878 51.594 51.29 50.944 50.097 49.03 47.268 46.6 44.789 44.435 42.558 42.019 40.622 38.878 37.487 36.727 35.253 34.28 33.285 32.298 31.639 30.867 30.235 28.977 28.646 27.778 26.843 26.116 25.591 24.755
59.135 59.054 58.971 58.884 58.795 58.703 58.607 58.508 58.406 58.301 58.192 58.079 57.962 57.842 57.717 57.588 57.454 57.316 57.174 57.027 56.875 56.718 56.556 56.389 56.217 56.039 55.857 55.67 55.477 55.28 55.077 54.87 54.658 54.442 54.222 53.999 53.771 53.541 53.309 53.074 52.838 52.601 52.362 52.122 51.877 51.618 51.309 49.859 48.883 46.501 45.811 44.569 43 41.762 41.239 39.921 38.536 37.402 36.201 34.958 33.878 32.83 31.67 31.388 30.84 29.442 28.908 28.128 27.41 26.463 25.826 25.117
59.283 59.203 59.121 59.037 58.949 58.859 58.765 58.669 58.569 58.466 58.359 58.248 58.134 58.016 57.895 57.769 57.639 57.504 57.365 57.222 57.074 56.922 56.765 56.603 56.437 56.265 56.089 55.908 55.723 55.532 55.338 55.139 54.936 54.73 54.519 54.306 54.09 53.872 53.652 53.431 53.209 52.988 52.768 52.55 52.334 52.121 51.801 51.431 49.612 47.608 45.983 45.426 43.661 42.093 41.603 40.249 38.73 37.807 36.336 35.327 34.555 33.655 32.832 32.025 31.212 29.639 28.983 28.218 27.699 26.658 26.223 25.715
59.429 59.351 59.271 59.188 59.102 59.013 58.922 58.827 58.729 58.628 58.523 58.415 58.304 58.189 58.069 57.947 57.82 57.688 57.553 57.414 57.27 57.121 56.969 56.811 56.65 56.483 56.313 56.137 55.958 55.774 55.586 55.393 55.198 54.998 54.795 54.589 54.38 54.169 53.956 53.741 53.526 53.308 53.09 52.869 52.642 52.398 52.098 51.402 50.435 47.73 46.85 45.287 44.129 42.779 41.688 40.556 39.696 38.169 37.006 35.66 35.181 34.085 33.032 32.5 31.794 30.418 29.432 28.553 27.806 26.956 26.496 26.194
59.573 59.497 59.418 59.337 59.252 59.165 59.076 58.983 58.887 58.788 58.686 58.58 58.471 58.358 58.241 58.121 57.997 57.869 57.737 57.601 57.46 57.316 57.167 57.013 56.856 56.694 56.528 56.357 56.182 56.003 55.82 55.633 55.442 55.247 55.049 54.847 54.642 54.434 54.222 54.007 53.788 53.564 53.333 53.089 52.824 52.513 52.11 51.531 50.6 49.467 46.846 45.705 44.316 43.264 42.594 41.529 39.98 38.501 37.604 36.761 35.512 34.534 33.611 32.906 32.217 30.728 30.022 28.997 28.017 27.094 26.691 26.423
59.716 59.641 59.564 59.484 59.401 59.316 59.228 59.137 59.043 58.945 58.845 58.741 58.634 58.524 58.41 58.292 58.171 58.045 57.916 57.783 57.646 57.504 57.359 57.209 57.055 56.897 56.734 56.567 56.396 56.221 56.042 55.858 55.67 55.478 55.282 55.081 54.877 54.667 54.452 54.232 54.003 53.765 53.511 53.235 52.924 52.553 52.086 51.482 50.721 49.675 48.321 46.479 44.942 43.577 43.414 42.18 40.845 39.18 37.752 37.128 36.142 35.022 34.036 33.258 32.626 31.556 30.424 29.364 28.591 27.376 26.718 24.949
59.857 59.783 59.707 59.629 59.548 59.464 59.378 59.288 59.196 59.1 59.002 58.9 58.795 58.687 58.575 58.46 58.341 58.218 58.091 57.961 57.826 57.687 57.545 57.398 57.247 57.092 56.932 56.768 56.6 56.427 56.25 56.068 55.882 55.691 55.495 55.293 55.086 54.872 54.651 54.42 54.178 53.921 53.642 53.333 52.979 52.563 52.059 51.445 50.713 49.873 48.683 47.236 45.747 44.999 43.713 42.519 41.378 39.652 37.85 37.517 36.47 35.713 33.426 33.785 32.729 31.861 30.88 29.933 29.123 27.937 26.826 26.932
59.996 59.924 59.849 59.772 59.692 59.61 59.525 59.437 59.347 59.253 59.156 59.056 58.953 58.847 58.737 58.624 58.507 58.386 58.262 58.133 58.001 57.865 57.725 57.58 57.432 57.279 57.121 56.96 56.793 56.622 56.446 56.265 56.079 55.887 55.689 55.485 55.273 55.053 54.822 54.58 54.322 54.044 53.74 53.4 53.014 52.566 52.04 51.423 50.711 49.911 48.731 47.661 46.412 44.974 42.828 41.855 41.188 40.002 38.531 37.765 37.094 35.953 34.819 33.82 32.975 32.261 31.438 30.339 29.533 28.608 27.924 27.468
60.134 60.063 59.989 59.913 59.835 59.754 59.671 59.584 59.495 59.403 59.308 59.21 59.108 59.004 58.896 58.784 58.669 58.55 58.428 58.302 58.171 58.037 57.899 57.756 57.61 57.458 57.302 57.142 56.977 56.806 56.63 56.449 56.262 56.068 55.867 55.658 55.44 55.212 54.971 54.716 54.442 54.144 53.817 53.453 53.041 52.571 52.031 51.415 50.72 49.949 49.091 47.888 46.184 44.419 43.296 41.972 41.253 40.352 39.287 38.305 37.078 35.873 35.026 34.304 33.331 32.661 31.369 30.906 30.098 29.302 28.328 27.496
60.269 60.199 60.127 60.053 59.976 59.896 59.814 59.729 59.641 59.55 59.457 59.36 59.26 59.157 59.051 58.941 58.827 58.71 58.59 58.465 58.337 58.204 58.067 57.926 57.781 57.631 57.476 57.316 57.151 56.98 56.804 56.621 56.432 56.235 56.03 55.816 55.592 55.355 55.103 54.834 54.545 54.23 53.883 53.498 53.068 52.583 52.036 51.422 50.741 49.994 49.17 48.018 46.661 44.941 44.001 42.539 41.676 40.47 39.681 38.578 37.365 36.263 35.358 34.368 33.793 32.646 31.792 31.302 30.364 29.617 28.492 27.489
60.403 60.334 60.263 60.19 60.114 60.036 59.955 59.871 59.784 59.695 59.603 59.507 59.409 59.307 59.202 59.094 58.982 58.866 58.747 58.624 58.497 58.365 58.23 58.09 57.945 57.796 57.641 57.482 57.316 57.145 56.968 56.783 56.591 56.391 56.181 55.961 55.73 55.484 55.222 54.941 54.637 54.307 53.944 53.544 53.099 52.604 52.053 51.444 50.775 50.048 49.13 48.189 47.086 45.716 44.441 42.955 41.541 40.575 39.937 38.749 37.845 36.835 35.616 34.664 33.894 32.76 31.934 31.246 30.581 29.55 28.855 27.954
60.535 60.467 60.397 60.325 60.25 60.173 60.093 60.011 59.925 59.837 59.746 59.652 59.555 59.454 59.351 59.244 59.133 59.018 58.9 58.778 58.652 58.522 58.387 58.248 58.104 57.955 57.8 57.64 57.474 57.302 57.123 56.936 56.741 56.537 56.322 56.096 55.857 55.603 55.331 55.039 54.724 54.38 54.005 53.592 53.138 52.637 52.085 51.48 50.822 50.112 49.087 48.264 47.302 45.585 44.222 42.918 41.69 40.828 40.296 39.067 37.923 36.669 35.806 35.27 34.29 33.245 32.108 31.651 30.787 29.779 28.878 27.958
60.666 60.599 60.53 60.458 60.384 60.308 60.229 60.148 60.064 59.977 59.887 59.794 59.698 59.598 59.496 59.39 59.28 59.167 59.05 58.928 58.803 58.673 58.539 58.4 58.257 58.107 57.953 57.792 57.625 57.451 57.27 57.081 56.882 56.674 56.455 56.223 55.977 55.715 55.435 55.133 54.807 54.453 54.068 53.647 53.186 52.681 52.13 51.531 50.884 50.189 49.431 48.317 47.357 45.857 44.094 42.902 42.026 41.102 40.414 39.562 38.355 37.286 36.408 35.633 34.522 33.487 32.153 31.897 31.231 30.253 29.137 28.257
60.794 60.728 60.66 60.589 60.517 60.441 60.363 60.283 60.2 60.114 60.025 59.933 59.838 59.739 59.638 59.533 59.424 59.311 59.195 59.074 58.95 58.821 58.687 58.548 58.404 58.255 58.099 57.938 57.77 57.594 57.411 57.219 57.017 56.805 56.581 56.344 56.091 55.822 55.534 55.225 54.891 54.529 54.136 53.709 53.244 52.738 52.19 51.597 50.96 50.279 49.514 47.986 47.644 46.059 44.674 43.592 42.512 41.437 40.752 39.943 38.894 37.609 36.919 35.654 34.685 33.573 32.739 31.997 31.524 30.544 29.637 28.827
60.921 60.856 60.788 60.719 60.647 60.572 60.495 60.416 60.333 60.248 60.16 60.069 59.975 59.877 59.776 59.672 59.564 59.452 59.336 59.216 59.092 58.963 58.83 58.691 58.547 58.397 58.241 58.078 57.909 57.732 57.546 57.351 57.146 56.93 56.702 56.46 56.202 55.927 55.633 55.317 54.976 54.608 54.21 53.78 53.313 52.808 52.264 51.678 51.05 50.382 49.652 48.484 46.961 45.489 45.028 43.075 42.401 41.54 40.992 40.199 39.021 37.837 37.107 35.851 34.705 34.032 32.879 32.156 31.688 30.797 30.054 29.259
61.045 60.981 60.915 60.846 60.775 60.701 60.625 60.546 60.465 60.38 60.293 60.203 60.109 60.012 59.912 59.809 59.701 59.59 59.474 59.355 59.231 59.102 58.968 58.83 58.685 58.535 58.378 58.214 58.043 57.864 57.676 57.479 57.271 57.052 56.82 56.573 56.311 56.031 55.732 55.411 55.065 54.693 54.292 53.86 53.393 52.891 52.351 51.773 51.155 50.5 49.708 48.343 46.467 46.377 44.372 43.547 42.413 42.045 41.082 40.491 39.229 37.87 37.192 36.135 35.041 34.288 33.334 32.361 31.706 30.987 30.307 29.358
61.169 61.105 61.039 60.971 60.901 60.828 60.753 60.674 60.594 60.51 60.423 60.334 60.241 60.145 60.045 59.942 59.835 59.724 59.609 59.49 59.366 59.237 59.103 58.964 58.819 58.668 58.511 58.346 58.173 57.993 57.803 57.603 57.393 57.17 56.935 56.685 56.419 56.135 55.832 55.507 55.159 54.785 54.382 53.95 53.485 52.987 52.452 51.882 51.275 50.631 49.952 48.366 46.517 46.564 45.131 44.199 42.717 41.968 41.291 40.738 39.631 38.171 37.273 36.167 35.304 34.701 33.573 32.593 31.723 30.764 30.221 29.757
61.29 61.227 61.162 61.095 61.025 60.953 60.878 60.801 60.72 60.637 60.551 60.462 60.37 60.275 60.175 60.073 59.966 59.856 59.741 59.622 59.498 59.369 59.235 59.095 58.95 58.798 58.64 58.474 58.3 58.118 57.926 57.725 57.512 57.287 57.049 56.796 56.527 56.241 55.935 55.608 55.258 54.883 54.481 54.05 53.588 53.095 52.567 52.006 51.409 50.778 50.112 49.169 48.254 47.327 46.145 44.555 42.927 42.035 41.616 40.935 39.644 38.69 37.616 36.565 35.566 34.975 33.807 32.918 32.205 31.233 30.476 29.844
61.41 61.347 61.283 61.216 61.147 61.076 61.001 60.925 60.845 60.763 60.677 60.589 60.497 60.402 60.303 60.201 60.094 59.984 59.869 59.75 59.627 59.498 59.363 59.224 59.078 58.925 58.766 58.599 58.424 58.24 58.047 57.844 57.629 57.402 57.162 56.907 56.637 56.348 56.041 55.713 55.363 54.988 54.588 54.16 53.703 53.215 52.695 52.143 51.558 50.939 50.286 49.303 48.009 46.496 45.153 44.737 43.616 42.484 42.032 41.109 40.323 39.118 37.991 37.124 36.231 35.24 33.971 33.335 32.376 31.283 30.406 29.799
61.528 61.466 61.402 61.336 61.268 61.197 61.123 61.047 60.968 60.886 60.801 60.713 60.621 60.526 60.428 60.326 60.22 60.11 59.995 59.876 59.752 59.623 59.489 59.349 59.202 59.049 58.889 58.721 58.546 58.361 58.166 57.962 57.746 57.517 57.276 57.02 56.748 56.458 56.151 55.823 55.474 55.101 54.703 54.28 53.828 53.347 52.836 52.294 51.72 51.114 50.475 49.688 48.63 47.754 45.766 45.217 44.107 42.627 42.405 41.463 40.751 39.422 38.538 37.568 36.452 35.045 34.436 33.695 32.495 31.515 30.322 29.98
61.644 61.583 61.52 61.454 61.386 61.316 61.242 61.167 61.088 61.007 60.922 60.834 60.743 60.649 60.551 60.449 60.343 60.233 60.119 60 59.876 59.747 59.612 59.471 59.325 59.171 59.01 58.842 58.665 58.479 58.284 58.078 57.861 57.632 57.39 57.133 56.861 56.572 56.264 55.938 55.59 55.221 54.827 54.408 53.963 53.491 52.989 52.458 51.897 51.304 50.679 50.022 48.719 48.163 47.089 45.891 43.995 43.581 42.93 41.727 41.069 39.959 38.765 37.644 36.495 35.499 34.714 33.61 32.72 31.969 30.9 29.605
61.759 61.698 61.636 61.57 61.503 61.433 61.36 61.285 61.207 61.126 61.041 60.954 60.863 60.769 60.671 60.57 60.464 60.354 60.24 60.121 59.997 59.868 59.733 59.592 59.445 59.291 59.13 58.961 58.783 58.597 58.401 58.195 57.977 57.748 57.505 57.248 56.976 56.688 56.382 56.058 55.713 55.347 54.959 54.546 54.109 53.645 53.154 52.634 52.086 51.507 50.897 50.255 48.802 48.34 47.684 46.141 45.288 44.115 42.787 41.973 41.413 40.176 38.729 37.607 36.745 35.701 35.034 33.748 33.1 32.133 31.261 30.092
61.872 61.812 61.75 61.685 61.618 61.548 61.476 61.401 61.323 61.243 61.159 61.072 60.981 60.888 60.79 60.689 60.583 60.473 60.359 60.24 60.116 59.986 59.851 59.71 59.563 59.409 59.247 59.078 58.9 58.713 58.517 58.311 58.093 57.863 57.621 57.365 57.094 56.807 56.504 56.182 55.841 55.48 55.097 54.692 54.263 53.809 53.329 52.822 52.287 51.723 51.129 50.503 49.764 48.512 47.883 46.994 45.985 44.863 43.514 42.624 41.756 39.925 38.623 38.291 37.13 36.197 34.695 34.009 33.034 32.231 30.983 30.157
61.984 61.924 61.863 61.798 61.731 61.662 61.59 61.516 61.438 61.358 61.274 61.188 61.098 61.004 60.907 60.805 60.7 60.59 60.476 60.357 60.233 60.103 59.968 59.827 59.68 59.525 59.363 59.194 59.016 58.829 58.633 58.427 58.209 57.98 57.739 57.484 57.214 56.93 56.629 56.311 55.974 55.619 55.242 54.845 54.425 53.981 53.513 53.02 52.499 51.951 51.374 50.766 50.126 48.795 47.837 47.42 46.244 44.761 44.411 42.752 42.076 40.299 39.778 38.701 37.483 36.175 35.215 34.233 32.92 32.041 31.276 30.086
62.095 62.035 61.974 61.91 61.843 61.775 61.703 61.629 61.552 61.472 61.388 61.302 61.212 61.119 61.021 60.92 60.815 60.705 60.591 60.472 60.348 60.219 60.084 59.942 59.795 59.64 59.479 59.309 59.131 58.945 58.749 58.543 58.326 58.098 57.857 57.604 57.337 57.055 56.757 56.443 56.112 55.762 55.393 55.004 54.594 54.161 53.706 53.226 52.721 52.19 51.631 51.041 50.421 49.766 48 47.672 46.973 46.066 44.596 43.584 42.606 41.042 40.327 38.929 37.758 36.252 35.328 34.76 33.19 32.353 31.118 30.674
62.204 62.145 62.083 62.02 61.954 61.885 61.814 61.74 61.663 61.583 61.501 61.414 61.325 61.231 61.134 61.033 60.928 60.819 60.705 60.586 60.462 60.333 60.198 60.056 59.909 59.754 59.593 59.423 59.246 59.06 58.864 58.659 58.443 58.216 57.977 57.726 57.461 57.183 56.889 56.58 56.254 55.911 55.549 55.169 54.769 54.348 53.905 53.44 52.951 52.438 51.897 51.328 50.729 50.095 49.27 48.344 47.51 46.537 45.026 44.116 43.036 41.207 39.796 38.617 37.621 36.769 35.608 35.032 33.398 32.445 31.603 30.4
62.311 62.253 62.192 62.128 62.063 61.995 61.924 61.85 61.773 61.694 61.611 61.525 61.436 61.343 61.246 61.145 61.04 60.931 60.817 60.698 60.574 60.445 60.31 60.169 60.022 59.868 59.706 59.537 59.36 59.175 58.98 58.776 58.561 58.336 58.099 57.85 57.588 57.313 57.023 56.719 56.399 56.062 55.709 55.338 54.948 54.539 54.11 53.66 53.187 52.692 52.172 51.624 51.048 50.438 49.792 48.661 47.57 47.152 46.267 43.853 43.213 41.795 39.692 39.051 38.003 36.751 35.979 35.084 33.75 32.693 31.663 30.87
62.417 62.359 62.299 62.236 62.17 62.102 62.032 61.958 61.882 61.803 61.72 61.635 61.545 61.453 61.356 61.255 61.151 61.042 60.928 60.809 60.686 60.556 60.422 60.281 60.134 59.98 59.819 59.651 59.474 59.289 59.096 58.893 58.679 58.456 58.221 57.975 57.716 57.445 57.16 56.86 56.546 56.217 55.872 55.51 55.13 54.733 54.317 53.882 53.427 52.95 52.451 51.926 51.375 50.792 50.173 49.159 48.572 47.731 46.775 44.947 43.566 42.879 41.334 38.258 38.078 37.604 35.978 34.92 33.986 32.614 31.909 30.903
