raw_data/humedad_relativa/hora15/rh15feb.txt
ncols         501
nrows         361
xllcorner     109.95
yllcorner     -45.05
cellsize      0.1
NODATA_value  -9999
[rows 96 to 127 of 361, columns 288 to 359 of 501]
50.872 50.997 51.165 51.607 51.873 52.129 52.348 52.521 52.764 52.942 53.109 53.184 53.26 53.346 53.401 53.4 53.412 53.435 53.522 53.709 53.752 53.806 53.885 53.931 53.984 54.074 54.113 54.158 54.193 54.185 54.2 54.196 54.197 54.179 54.169 54.132 53.786 53.85 53.396 52.17 52.612 52.725 53.198 53.159 52.951 53.12 52.975 52.095 52.565 51.562 51.25 51.101 52.633 53.487 53.779 53.312 53.794 53.992 54.419 54.554 55.326 55.579 56.524 57.136 56.833 58.073 58.388 57.706 58.892 59.182 62.518 65.045
49.646 49.772 50.172 50.851 51.195 51.374 51.603 51.814 52.021 52.211 52.406 52.442 52.423 52.557 52.7 52.794 52.727 52.806 52.99 53.062 53.121 53.167 53.286 53.309 53.373 53.457 53.499 53.547 53.576 53.572 53.572 53.563 53.564 53.536 53.513 53.477 53.403 53.01 53.012 52.548 52.211 52.118 52.475 52.289 52.219 52.491 51.735 52.086 51.431 50.613 51.19 50.732 50.94 52.805 53.033 53.473 53.683 53.944 53.712 54.772 55.323 55.08 56.28 56.596 56.867 57.165 57.482 57.808 58.665 57.699 59.627 61.175
48.477 48.787 49.251 50.11 50.421 50.532 50.825 51.11 51.354 51.543 51.698 51.719 51.729 51.881 52.001 52.078 52.125 52.274 52.354 52.41 52.46 52.555 52.664 52.692 52.757 52.814 52.871 52.907 52.916 52.934 52.933 52.906 52.904 52.864 52.868 52.79 52.742 52.615 52.559 52.247 51.887 51.369 51.715 51.303 51.415 51.728 51.998 51.744 51.708 51.297 49.875 50.231 51.607 52.089 52.245 52.358 52.987 52.744 53.149 53.93 54.678 55.442 55.885 55.762 56.749 57.261 57.928 58.096 58.298 58.71 57.973 59.648
47.771 49.064 49.436 49.404 49.421 49.717 49.993 49.529 50.446 50.687 50.992 50.991 51.062 51.163 51.29 51.337 51.429 51.601 51.702 51.754 51.803 51.929 51.982 52.045 52.123 52.177 52.223 52.244 52.324 52.294 52.284 52.285 52.253 52.24 52.207 52.198 52.11 52.054 51.906 51.812 51.442 50.429 51.036 50.362 50.832 51.067 50.998 51.148 50.526 50.595 49.16 49.641 50.732 51.01 51.627 51.99 52.44 52.579 53.064 52.862 53.917 54.842 55.483 55.108 56.071 56.547 57.359 57.651 57.416 58.892 57.896 57.667
46.835 47.371 47.965 47.596 48.672 48.742 48.591 49.223 49.761 50.001 50.183 50.255 50.352 50.488 50.605 50.598 50.718 50.868 51.046 51.107 51.189 51.27 51.316 51.416 51.479 51.522 51.557 51.61 51.607 51.658 51.656 51.648 51.589 51.587 51.539 51.487 51.457 51.415 51.331 51.234 51.05 50.635 50.447 50.291 49.905 49.985 50.312 49.591 49.845 49.596 49.555 49.274 48.269 50.623 49.482 49.887 51.72 52.028 52.452 52.491 53.136 53.596 54.69 55.067 55.989 56.482 56.827 57.484 58.03 58.89 56.792 57.433
46.918 46.978 47.476 46.819 47.048 47.027 48.135 48.159 48.753 49.104 49.378 49.65 49.701 49.776 49.861 49.893 50.008 50.252 50.392 50.467 50.554 50.618 50.668 50.733 50.835 50.884 50.909 50.898 50.964 51.015 50.999 50.97 50.952 50.916 50.87 50.836 50.763 50.743 50.673 50.555 50.413 50.337 50.08 49.856 49.281 49.184 49.442 49.73 49.107 48.943 48.528 48.464 48.758 48.629 48.46 49.139 50.993 51.22 51.717 51.86 52.096 53.61 53.405 53.722 54.577 54.073 56.078 55.414 56.991 58.215 58.394 56.975
45.967 45.827 46.464 45.925 46.851 46.571 47.179 47.221 47.999 48.403 48.572 48.867 49.013 49.045 49.174 49.195 49.461 49.523 49.689 49.824 49.865 49.937 50.024 50.085 50.185 50.243 50.265 50.277 50.337 50.368 50.349 50.342 50.304 50.273 50.229 50.234 50.104 50.047 50.069 49.957 49.825 49.73 49.655 49.463 48.885 48.494 48.331 49.258 48.913 48.966 48.399 48.363 47.763 47.588 49.066 48.876 50.143 50.456 50.95 50.348 51.653 52.73 52.852 53.046 54.157 54.134 55.66 56.36 54.71 57.128 58.079 56.874
45.188 45.097 45.547 44.881 45.211 45.152 45.464 45.801 46.616 47.492 47.859 48.179 48.462 48.319 48.399 48.52 48.749 48.661 48.846 49.102 49.249 49.312 49.378 49.442 49.522 49.611 49.593 49.654 49.692 49.724 49.744 49.707 49.697 49.675 49.637 49.632 49.518 49.447 49.411 49.338 49.256 49.134 49.065 49.003 48.859 48.036 47.765 48.074 48.491 48.436 47.982 48.061 47.286 47.723 47.692 48.074 49.261 49.532 48.794 50.076 51.136 51.501 51.748 52.28 53.453 54.406 54.872 54.765 55.202 56.2 57.323 57.276
45.675 45.49 44.529 44.706 44.555 45.027 45.259 46.139 46.66 46.957 47.161 47.347 47.447 47.601 47.667 47.752 48.057 48.01 48.021 48.343 48.574 48.646 48.714 48.79 48.875 48.945 48.984 49.027 49.054 49.081 49.12 49.1 49.089 49.047 49.001 49.036 48.93 48.847 48.793 48.74 48.692 48.481 48.368 48.265 48.051 47.045 46.546 46.833 47.591 47.392 47.577 47.286 46.767 46.547 46.884 47.205 46.203 47.033 48.62 49.842 50.457 51.196 51.833 52.746 52.917 53.55 53.591 52.48 53.755 55.341 56.385 56.955
44.098 44.107 43.846 44.07 43.724 43.985 45.074 45.423 45.612 45.995 46.282 46.537 46.733 46.803 46.955 47.073 47.352 47.276 47.469 47.583 47.833 47.979 48.067 48.145 48.229 48.285 48.361 48.364 48.412 48.445 48.484 48.507 48.474 48.466 48.413 48.386 48.283 48.205 48.159 48.054 48.009 47.86 47.644 47.449 47.178 46.82 46.425 46.041 45.688 45.784 45.702 44.817 45.652 45.373 45.89 45.651 46.975 47.4 49.064 49.75 50.413 51.026 51.541 51.247 52.199 52.44 52.723 53.026 54.236 54.609 55.614 56.258
43.017 43.352 43.104 43.452 43.221 43.7 44.34 43.763 44.559 45.243 45.633 45.653 45.878 46.437 46.131 46.302 46.6 46.579 46.821 47.043 47.228 47.322 47.41 47.528 47.594 47.663 47.743 47.755 47.772 47.799 47.828 47.869 47.883 47.857 47.784 47.74 47.678 47.623 47.517 47.433 47.343 47.39 47.238 46.882 46.88 46.635 46.159 45.322 44.815 44.714 44.721 44.586 44.057 44.825 44.967 45.335 45.224 46.966 48.155 48.849 49.479 49.83 49.989 50.919 51.136 51.528 51.99 52.609 53.388 54.113 54.842 55.414
42.3 42.601 42.406 42.49 42.521 42.877 42.965 43.431 43.982 44.521 44.783 44.743 45.826 45.467 45.451 45.584 45.883 45.896 46.232 46.451 46.522 46.65 46.789 46.891 46.964 47.033 47.1 47.127 47.148 47.168 47.181 47.211 47.257 47.245 47.189 47.14 47.066 47.021 46.927 46.84 46.827 46.754 46.605 46.585 46.21 45.878 46.017 45.235 44.546 44.124 43.874 44.291 44.552 44.953 44.413 45.217 46.425 46.241 47.666 47.832 48.553 48.966 48.746 49.419 50.502 51.149 51.966 52.493 52.904 53.366 53.842 54.513
41.29 41.574 41.462 41.813 42.11 42.684 42.042 42.31 42.781 43.478 43.218 43.754 44.467 44.677 44.761 44.941 45.252 45.31 45.583 45.798 45.84 46.013 46.132 46.267 46.358 46.414 46.487 46.523 46.538 46.581 46.581 46.573 46.61 46.658 46.608 46.547 46.473 46.403 46.38 46.365 46.218 46.132 46.06 45.923 45.961 46.054 45.122 44.241 44.053 44.037 43.876 44.41 44.779 44.269 43.997 44.509 45.536 45.418 46.073 46.35 47.264 47.513 47.722 48.906 49.137 49.771 50.881 51.562 51.849 52.405 52.958 53.412
40.854 40.961 41.635 40.931 41.022 41.922 41.04 41.474 42.116 42.324 42.599 43.278 43.592 43.99 43.986 44.169 44.561 44.734 44.937 45.115 45.227 45.351 45.527 45.664 45.761 45.82 45.86 45.945 45.967 45.978 45.969 45.98 45.984 45.996 46.004 45.996 45.943 45.885 45.867 45.807 45.752 45.73 45.673 45.536 45.576 45.564 45.15 45.079 44.653 43.98 43.855 44.47 44.158 44.005 43.924 43.671 44.351 44.298 44.961 45.796 46.038 46.407 47.335 47.876 48.626 49.13 49.929 50.483 51.155 51.65 52.057 52.415
40.255 41.351 40.363 40.334 40.343 40.968 41.09 41.02 41.386 42.025 42.389 42.173 43.015 43.295 43.205 43.525 43.902 44.059 44.286 44.43 44.528 44.708 44.872 45.009 45.164 45.235 45.289 45.345 45.389 45.386 45.428 45.462 45.479 45.426 45.465 45.461 45.438 45.384 45.358 45.269 45.262 45.239 45.187 45.129 45.176 44.974 44.965 44.889 44.667 45.047 44.554 43.627 44.104 43.393 43.458 43.304 43.401 43.72 43.644 45.166 45.47 46.064 46.278 46.781 47.511 48.395 49.116 49.747 50.151 50.754 51.151 51.605
40.656 39.673 39.712 39.778 39.913 39.708 39.938 39.854 39.918 41.031 41.422 41.994 42.286 42.567 42.681 42.924 43.178 43.405 43.59 43.751 43.898 44.108 44.238 44.336 44.589 44.667 44.719 44.755 44.799 44.855 44.882 44.931 44.934 44.93 44.863 44.937 44.912 44.895 44.892 44.766 44.798 44.658 44.601 44.704 44.546 44.572 44.598 44.609 44.744 44.668 44.627 44.958 43.629 43.857 43.352 43.021 43.437 43.988 43.597 45.184 44.855 45.467 45.975 46.433 47.294 47.805 48.47 49.035 49.453 49.608 50.262 50.623
39.801 39.384 39.312 39.292 39.17 38.976 39.313 39.418 40.113 40.613 40.335 40.97 41.159 41.866 41.603 42.205 42.489 42.777 42.961 43.128 43.281 43.425 43.628 43.874 44.003 44.078 44.174 44.219 44.241 44.235 44.358 44.398 44.363 44.443 44.428 44.413 44.34 44.367 44.377 44.311 44.294 44.287 45.129 44.141 44.131 44.289 44.26 44.295 44.35 44.386 44.316 44.514 44.131 43.845 43.431 43.104 42.974 43.591 43.384 44.236 44.77 45.19 45.623 46.121 46.296 46.113 47.083 45.647 48.159 49.066 49.277 50.009
38.684 38.781 38.742 38.658 37.921 38.232 38.503 38.603 39.118 39.412 39.842 40.252 40.387 41.03 41.057 41.395 41.879 42.124 42.316 42.515 42.65 42.791 43.035 43.308 43.443 43.511 43.532 43.672 43.726 43.701 43.746 43.864 43.912 43.955 43.967 43.939 43.871 43.76 43.77 43.742 43.729 44.205 44.225 43.693 43.651 43.71 43.772 43.654 43.757 44.026 44.164 44.081 43.667 43.217 42.996 43.112 42.991 43.593 43.236 44.428 45.012 44.037 45.187 45.065 44.988 45.104 46.215 47.065 48.405 48.579 49.309 49.614
37.897 38.118 38.142 38.096 37.668 37.849 37.949 38.365 38.108 39.154 39.29 39.036 39.557 40.362 40.534 41.069 41.312 41.461 41.698 41.829 42.013 42.237 42.54 42.688 42.878 42.982 43.005 43.114 43.178 43.233 43.201 43.221 43.405 43.384 43.414 43.435 43.409 43.336 43.257 43.237 43.205 43.719 43.473 43.335 43.381 43.391 43.544 43.58 43.598 43.775 43.959 43.798 43.735 43.545 43.299 42.815 43.659 43.398 43.534 44.718 43.422 43.886 44.158 45.041 46.188 46.639 46.665 47.465 48.107 48.461 48.826 49.272
37.552 37.737 37.67 37.33 37.398 37.265 36.627 37.074 37.409 38.141 38.395 38.069 39.429 38.51 39.214 40.427 40.628 40.812 41.103 41.299 41.528 41.729 41.966 42.13 42.312 42.477 42.496 42.569 42.603 42.676 42.646 42.601 42.794 42.941 42.941 42.894 42.959 42.9 42.837 42.802 42.745 43.265 42.833 42.936 42.962 43.018 43.116 43.117 43.326 43.412 43.253 43.353 44.11 43.087 43.29 43.683 44.099 43.494 43.763 43.743 43.545 43.278 44.639 44.358 44.428 44.54 46.698 47.165 47.54 48.034 48.404 48.727
37.27 36.965 37.175 36.709 36.739 36.889 36.572 37.188 36.926 37.756 37.149 37.252 37.526 38.647 38.666 39.395 39.898 40.28 40.461 40.515 40.95 41.223 41.378 41.563 41.714 41.86 42.06 42.094 42.086 42.17 42.165 42.128 42.172 42.349 42.44 42.556 42.611 42.662 42.515 42.499 42.484 42.81 42.487 42.404 42.323 42.534 42.725 42.783 42.696 42.653 43.236 43.7 43.599 42.997 43.329 43.637 44.076 43.435 43.577 43.865 43.813 43.8 44.428 44.422 44.968 45.633 45.964 46.515 47.134 47.619 48.518 48.589
36.838 36.792 36.761 36.644 36.451 36.092 36.203 36.538 36.82 37.292 37.232 36.214 37.069 37.873 38.798 38.412 39.211 39.71 39.793 40.054 40.405 40.598 40.786 40.975 41.067 41.213 41.379 41.438 41.569 41.593 41.659 41.665 41.648 41.754 41.842 41.867 41.886 41.889 41.967 42.08 42.115 42.099 41.854 41.941 41.926 42.112 42.324 42.336 42.272 42.764 43.148 43.288 43.382 43.352 43.107 43.109 43.521 43.201 43.542 43.56 43.799 43.875 44.101 44.119 44.384 44.954 45.752 45.853 46.754 47.124 47.509 48.241
36.5 36.371 36.265 36.104 35.939 35.59 35.42 36.045 35.616 36.145 36.413 35.532 36.926 37.864 37.175 37.351 38.719 39.164 38.639 39.076 39.781 40.027 40.239 40.381 40.536 40.708 40.85 40.946 41.06 41.118 41.133 41.17 41.178 41.203 41.333 41.391 41.429 41.44 41.428 41.43 41.439 41.396 41.309 41.383 41.501 41.645 41.863 42.076 42.385 42.477 42.539 42.582 42.788 42.982 43.044 43.147 42.383 42.713 43.05 43.241 43.558 43.654 43.747 44.113 44.036 44.918 45.03 45.366 45.591 46.422 47.389 47.804
36.115 35.875 35.894 35.722 35.552 35.07 34.455 35.233 35.188 34.814 35.726 35.477 36.63 36.915 36.654 37.999 38.198 37.692 38.539 37.9 39.164 39.373 39.557 39.794 40.004 40.179 40.335 40.438 40.53 40.566 40.673 40.627 40.718 40.731 40.81 40.925 40.988 40.947 40.958 40.928 40.996 41.005 40.978 41.027 41.055 41.149 41.228 41.477 41.745 41.828 42.09 42.185 42.262 42.256 42.091 42.551 42.151 42.571 42.663 42.929 43.237 43.371 43.554 43.887 44.229 44.16 44.505 44.773 45.305 46.149 46.793 47.529
35.788 35.736 35.62 35.529 35.334 35.294 34.938 34.763 34.936 35.249 34.586 35.672 36.4 36.607 37.166 37.483 37.43 38.021 37.492 37.438 38.504 38.851 39.087 39.231 39.449 39.704 39.827 39.932 40.019 40.086 40.167 40.189 40.146 40.196 40.283 40.395 40.543 40.535 40.527 40.476 40.515 40.575 40.583 40.551 40.55 40.756 40.876 41.008 41.236 41.41 41.629 41.813 41.986 41.877 42.099 41.763 42.25 42.166 42.379 42.612 42.921 43.115 43.37 43.601 43.912 43.794 44.41 44.929 45.049 45.863 46.484 46.915
35.481 35.415 35.34 35.223 35.122 35.072 34.805 33.923 34.548 34.993 35.144 35.663 36.357 36.594 36.865 37.109 37.387 37.248 37.343 37.519 38.003 38.367 38.558 38.781 39.016 39.193 39.306 39.393 39.472 39.554 39.641 39.752 39.738 39.69 39.766 39.94 40.113 40.165 40.115 40.036 40.014 40.129 40.129 40.131 40.14 40.213 40.405 40.508 40.732 40.912 41.114 41.299 41.425 41.654 41.699 41.616 41.354 41.826 42.082 42.321 42.605 42.906 43.084 43.336 43.545 43.516 43.753 44.5 45.173 45.582 45.962 46.401
35.185 35.1 34.981 34.926 34.864 34.708 34.481 34.136 34.342 34.728 34.904 35.273 35.642 36.016 36.338 36.573 36.497 36.384 36.437 36.659 37.345 37.807 38.096 38.294 38.494 38.69 38.758 38.874 38.954 39.03 39.12 39.168 39.304 39.255 39.3 39.447 39.591 39.702 39.7 39.658 39.615 39.686 39.677 39.691 39.723 39.777 39.946 40.069 40.155 40.42 40.638 40.816 40.984 41.157 41.292 41.439 41.439 41.409 41.779 42.012 42.328 42.586 42.826 43.057 43.387 43.641 43.968 44.257 44.549 44.854 45.201 45.79
34.854 34.751 34.684 34.701 34.603 34.461 34.263 33.921 34.129 34.554 34.659 34.95 35.33 35.54 35.951 36.053 35.969 35.956 35.774 35.53 36.543 37.222 37.648 37.83 38.072 38.186 38.166 38.362 38.446 38.497 38.578 38.638 38.835 38.806 38.863 38.953 39.112 39.251 39.313 39.338 39.311 39.216 39.276 39.306 39.362 39.444 39.517 39.637 39.648 39.891 40.125 40.357 40.557 40.802 40.982 41.211 41.348 41.252 41.448 41.703 42.019 42.281 42.533 42.757 43.137 43.213 43.546 43.6 43.763 44.478 44.769 45.142
34.519 34.46 34.479 34.422 34.388 34.267 34.139 33.878 33.918 34.172 34.483 34.825 35.096 35.289 35.474 35.522 35.55 35.627 35.617 35.688 35.828 36.699 37.131 37.395 37.597 37.62 37.667 37.801 37.86 37.974 38.067 38.105 38.306 38.308 38.39 38.549 38.7 38.768 38.848 38.93 38.963 38.87 38.84 38.889 38.965 39.09 39.202 39.243 39.225 39.493 39.727 40.031 40.207 40.432 40.705 40.875 40.902 40.869 41.159 41.42 41.706 42.035 42.314 42.552 42.856 43.007 43.011 43.129 43.283 44.012 44.633 44.759
34.237 34.252 34.214 34.151 34.092 33.857 33.666 33.508 33.799 34.208 34.36 34.677 34.888 35.082 35.05 35.068 35.025 35.096 35.009 34.723 35.082 36.205 36.683 36.975 37.03 37.084 37.147 37.197 37.286 37.472 37.499 37.61 37.773 37.752 37.894 38.07 38.247 38.294 38.343 38.46 38.472 38.489 38.485 38.616 38.728 38.807 38.893 38.905 38.879 39.169 39.402 39.703 39.939 40.185 40.36 40.479 40.658 40.533 40.902 41.1 41.409 41.67 42.007 42.304 42.61 42.909 42.955 42.677 42.83 43.544 44.267 44.644
34.035 34.023 33.939 33.853 33.757 33.667 33.426 33.43 33.825 34.096 34.059 34.035 34.495 34.858 34.726 34.812 34.755 34.723 34.702 34.558 35.186 35.734 36.294 36.451 36.481 36.448 36.534 36.707 36.656 36.915 37.158 37.293 37.434 37.544 37.604 37.641 37.776 37.824 37.849 37.954 38.047 38.153 38.277 38.341 38.35 38.278 38.412 38.561 38.47 38.735 39.035 39.237 39.532 39.878 40.057 40.236 40.367 40.286 40.62 40.776 41.069 41.401 41.711 42.022 42.318 42.638 42.812 42.805 43.236 43.576 43.966 44.301
33.738 33.734 33.676 33.604 33.467 33.412 33.239 33.387 33.696 33.894 33.842 34.115 34.329 34.624 34.532 34.578 34.658 34.645 34.414 34.793 35.17 35.207 35.761 35.79 36.028 35.93 36.047 36.276 36.475 36.565 36.574 36.787 36.788 36.996 37.325 37.377 37.385 37.333 37.44 37.581 37.798 37.838 37.796 37.839 37.958 37.99 38.243 38.32 38.324 38.397 38.628 38.86 39.167 39.49 39.761 39.917 39.94 40.047 40.342 40.486 40.744 41.042 41.347 41.688 42.038 42.335 42.586 42.627 42.692 42.6 43.191 43.908
