raw_data/humedad_relativa/hora15/rh15may.txt
ncols         501
nrows         361
xllcorner     109.95
yllcorner     -45.05
cellsize      0.1
NODATA_value  -9999
[rows 32 to 63 of 361, columns 144 to 215 of 501]
40.185 40.159 40.134 40.109 40.084 40.06 40.037 40.014 39.992 39.972 39.952 39.933 39.916 39.9 39.886 39.873 39.862 39.853 39.846 39.841 39.838 39.837 39.839 39.844 39.851 39.861 39.874 39.89 39.909 39.931 39.957 39.986 40.019 40.055 40.094 40.138 40.185 40.236 40.29 40.349 40.411 40.477 40.547 40.621 40.698 40.779 40.863 40.951 41.042 41.136 41.233 41.332 41.434 41.538 41.643 41.75 41.858 41.967 42.076 42.186 42.296 42.406 42.516 42.627 42.739 42.852 42.967 43.168 43.206 43.332 43.464 43.602
40.043 40.015 39.987 39.959 39.931 39.904 39.878 39.852 39.827 39.803 39.78 39.758 39.738 39.719 39.701 39.685 39.671 39.658 39.648 39.639 39.633 39.629 39.628 39.629 39.633 39.64 39.65 39.663 39.679 39.698 39.721 39.747 39.777 39.81 39.847 39.888 39.932 39.981 40.033 40.09 40.15 40.214 40.282 40.354 40.43 40.509 40.593 40.679 40.769 40.862 40.958 41.056 41.157 41.26 41.364 41.47 41.576 41.683 41.79 41.897 42.004 42.11 42.216 42.321 42.427 42.534 42.641 42.831 42.914 42.996 43.135 43.237
39.902 39.871 39.839 39.809 39.778 39.748 39.719 39.69 39.662 39.635 39.608 39.583 39.559 39.537 39.516 39.496 39.479 39.463 39.449 39.437 39.427 39.42 39.416 39.413 39.414 39.418 39.424 39.434 39.447 39.463 39.483 39.506 39.532 39.563 39.597 39.635 39.677 39.723 39.773 39.828 39.886 39.948 40.014 40.084 40.159 40.237 40.318 40.404 40.493 40.585 40.68 40.777 40.877 40.979 41.082 41.187 41.292 41.398 41.503 41.607 41.711 41.813 41.99 42.014 42.113 42.308 42.425 42.502 42.619 42.631 42.776 42.892
39.761 39.727 39.693 39.659 39.625 39.592 39.56 39.528 39.496 39.466 39.436 39.408 39.38 39.354 39.33 39.307 39.286 39.266 39.249 39.233 39.22 39.21 39.201 39.196 39.193 39.193 39.196 39.203 39.212 39.225 39.242 39.262 39.286 39.313 39.345 39.38 39.419 39.463 39.511 39.562 39.618 39.679 39.743 39.811 39.884 39.961 40.041 40.125 40.213 40.304 40.398 40.495 40.595 40.696 40.799 40.903 41.007 41.111 41.214 41.316 41.417 41.515 41.611 41.756 41.798 41.909 42.099 42.124 42.224 42.282 42.378 42.505
39.62 39.583 39.546 39.509 39.473 39.436 39.401 39.365 39.33 39.297 39.264 39.232 39.201 39.171 39.143 39.117 39.092 39.069 39.048 39.029 39.012 38.998 38.986 38.977 38.971 38.967 38.967 38.97 38.976 38.986 38.999 39.016 39.036 39.061 39.089 39.122 39.159 39.199 39.245 39.294 39.348 39.406 39.468 39.535 39.606 39.681 39.76 39.843 39.93 40.02 40.114 40.21 40.309 40.41 40.512 40.616 40.72 40.823 40.925 41.025 41.123 41.258 41.309 41.517 41.496 41.566 41.741 41.835 41.945 41.952 42.004 42.163
39.48 39.44 39.4 39.36 39.32 39.281 39.242 39.203 39.165 39.127 39.091 39.055 39.021 38.988 38.956 38.926 38.897 38.87 38.846 38.823 38.803 38.785 38.769 38.756 38.746 38.739 38.735 38.735 38.737 38.744 38.753 38.767 38.784 38.806 38.831 38.861 38.895 38.933 38.975 39.022 39.074 39.13 39.19 39.255 39.324 39.398 39.476 39.557 39.643 39.733 39.826 39.922 40.02 40.121 40.224 40.327 40.431 40.533 40.634 40.733 40.828 40.919 41.006 41.112 41.292 41.281 41.35 41.524 41.498 41.542 41.665 41.761
39.34 39.298 39.254 39.211 39.168 39.125 39.083 39.041 38.999 38.958 38.918 38.879 38.84 38.804 38.768 38.734 38.702 38.671 38.643 38.616 38.592 38.57 38.551 38.534 38.52 38.51 38.502 38.498 38.497 38.5 38.506 38.516 38.53 38.548 38.571 38.597 38.628 38.663 38.703 38.747 38.796 38.85 38.908 38.971 39.039 39.111 39.187 39.268 39.353 39.441 39.534 39.63 39.728 39.829 39.932 40.036 40.139 40.242 40.343 40.441 40.603 40.675 40.75 40.895 41.095 41.165 41.065 41.172 41.345 41.226 41.297 41.464
39.202 39.156 39.109 39.063 39.017 38.97 38.924 38.878 38.833 38.789 38.745 38.702 38.66 38.619 38.58 38.542 38.506 38.471 38.439 38.408 38.38 38.354 38.331 38.311 38.293 38.278 38.267 38.259 38.254 38.253 38.256 38.263 38.273 38.288 38.307 38.33 38.358 38.39 38.427 38.469 38.516 38.567 38.623 38.684 38.749 38.819 38.894 38.974 39.058 39.146 39.238 39.333 39.432 39.533 39.637 39.741 39.846 39.95 40.054 40.148 40.241 40.343 40.437 40.473 40.736 40.892 40.783 40.828 40.744 40.94 40.955 41.127
39.063 39.014 38.965 38.915 38.865 38.815 38.766 38.717 38.668 38.619 38.572 38.525 38.479 38.434 38.391 38.349 38.309 38.27 38.234 38.199 38.167 38.137 38.11 38.086 38.064 38.046 38.03 38.018 38.01 38.005 38.004 38.007 38.014 38.025 38.041 38.061 38.085 38.115 38.149 38.187 38.231 38.28 38.333 38.392 38.456 38.524 38.598 38.676 38.759 38.846 38.937 39.033 39.131 39.233 39.338 39.443 39.549 39.655 39.861 39.859 40.001 40.046 40.158 40.429 40.309 40.475 40.473 40.495 40.642 40.424 40.525 40.586
38.926 38.874 38.821 38.768 38.714 38.661 38.608 38.555 38.502 38.45 38.398 38.348 38.298 38.249 38.202 38.156 38.112 38.069 38.028 37.99 37.953 37.919 37.888 37.859 37.834 37.811 37.792 37.776 37.763 37.754 37.75 37.749 37.752 37.76 37.772 37.788 37.809 37.835 37.866 37.902 37.943 37.989 38.04 38.096 38.158 38.225 38.296 38.373 38.454 38.541 38.632 38.727 38.826 38.928 39.034 39.141 39.249 39.356 39.609 39.617 39.94 39.833 39.877 40.248 40.082 40.348 40.296 40.157 40.052 40.123 40.112 40.244
38.789 38.734 38.678 38.621 38.564 38.507 38.45 38.394 38.337 38.281 38.225 38.171 38.117 38.064 38.013 37.962 37.914 37.867 37.822 37.779 37.739 37.7 37.665 37.632 37.602 37.575 37.551 37.531 37.515 37.502 37.493 37.488 37.488 37.491 37.5 37.513 37.53 37.553 37.581 37.613 37.651 37.694 37.743 37.797 37.856 37.92 37.99 38.065 38.145 38.231 38.321 38.416 38.515 38.618 38.724 38.833 38.943 39.065 39.163 39.271 39.401 39.467 39.552 39.87 40.193 39.857 39.878 39.754 39.696 39.684 39.798 39.839
38.654 38.595 38.535 38.475 38.415 38.354 38.293 38.233 38.172 38.112 38.052 37.994 37.936 37.879 37.823 37.768 37.716 37.664 37.615 37.568 37.523 37.48 37.44 37.403 37.369 37.338 37.31 37.285 37.264 37.247 37.234 37.225 37.221 37.221 37.225 37.234 37.248 37.267 37.292 37.321 37.356 37.396 37.442 37.493 37.549 37.612 37.679 37.752 37.831 37.915 38.004 38.098 38.197 38.3 38.408 38.518 38.631 38.746 38.859 38.975 39.082 39.244 39.413 39.368 39.672 39.645 39.717 39.772 39.563 39.311 39.499 39.476
38.519 38.457 38.394 38.33 38.266 38.201 38.137 38.072 38.008 37.943 37.88 37.817 37.754 37.693 37.633 37.574 37.517 37.461 37.408 37.356 37.306 37.259 37.215 37.173 37.134 37.099 37.066 37.037 37.012 36.991 36.974 36.96 36.952 36.947 36.948 36.953 36.963 36.979 36.999 37.025 37.057 37.094 37.136 37.184 37.238 37.298 37.363 37.434 37.511 37.593 37.681 37.774 37.872 37.975 38.083 38.195 38.311 38.428 38.647 38.675 38.799 38.964 39.016 39.056 39.561 39.56 39.289 39.243 39.215 38.94 38.998 39.272
38.385 38.319 38.253 38.186 38.118 38.049 37.981 37.912 37.844 37.775 37.707 37.64 37.573 37.508 37.443 37.38 37.318 37.258 37.199 37.143 37.089 37.037 36.988 36.942 36.899 36.858 36.821 36.788 36.758 36.732 36.711 36.693 36.68 36.672 36.668 36.669 36.675 36.687 36.704 36.726 36.754 36.787 36.827 36.872 36.923 36.98 37.042 37.111 37.185 37.266 37.351 37.443 37.54 37.642 37.75 37.862 37.979 38.112 38.303 38.381 38.48 38.605 39.151 38.766 38.835 39.043 39.019 38.869 38.965 38.682 38.597 38.665
38.253 38.183 38.113 38.042 37.97 37.898 37.826 37.753 37.68 37.607 37.535 37.463 37.392 37.322 37.253 37.185 37.119 37.054 36.991 36.93 36.871 36.815 36.761 36.71 36.662 36.617 36.575 36.537 36.503 36.472 36.446 36.424 36.406 36.393 36.385 36.382 36.384 36.392 36.405 36.423 36.447 36.477 36.513 36.555 36.603 36.657 36.716 36.782 36.854 36.932 37.015 37.104 37.199 37.3 37.406 37.648 37.664 37.776 37.984 38.07 38.16 38.298 38.403 38.496 38.914 38.562 38.481 38.343 38.231 38.2 38.101 38.146
38.122 38.049 37.975 37.9 37.824 37.748 37.671 37.594 37.517 37.44 37.363 37.287 37.211 37.137 37.063 36.99 36.919 36.85 36.782 36.716 36.653 36.591 36.533 36.477 36.424 36.374 36.328 36.285 36.246 36.21 36.179 36.153 36.13 36.113 36.1 36.093 36.091 36.094 36.103 36.117 36.137 36.164 36.196 36.234 36.278 36.329 36.385 36.448 36.517 36.591 36.672 36.758 36.851 36.949 37.119 37.231 37.364 37.559 37.74 37.741 37.811 38.019 38.123 38.289 38.137 38.142 38.003 37.813 37.75 37.618 37.544 37.678
37.992 37.915 37.837 37.759 37.679 37.599 37.518 37.436 37.355 37.273 37.192 37.111 37.031 36.951 36.873 36.796 36.72 36.645 36.573 36.502 36.433 36.367 36.304 36.243 36.185 36.19 36.15 36.031 35.987 35.947 35.911 35.879 35.853 35.83 35.813 35.801 35.794 35.793 35.798 35.808 35.824 35.846 35.875 35.909 35.95 35.997 36.05 36.109 36.174 36.245 36.322 36.405 36.494 36.588 36.729 36.931 36.966 37.433 37.257 37.359 37.433 37.595 37.712 37.729 37.665 37.859 37.459 37.288 37.189 37.09 37.039 37.014
37.863 37.783 37.701 37.618 37.535 37.45 37.365 37.279 37.193 37.107 37.021 36.936 36.851 36.766 36.683 36.601 36.52 36.535 36.363 36.326 36.214 36.18 36.235 36.008 35.945 36.066 35.873 35.918 35.727 35.682 35.641 35.605 35.573 35.546 35.524 35.507 35.495 35.49 35.489 35.495 35.507 35.525 35.55 35.58 35.617 35.66 35.709 35.765 35.826 35.893 35.966 36.045 36.129 36.218 36.438 36.437 36.653 36.879 37.002 37.245 36.991 37.136 37.324 37.675 37.135 37.225 36.919 36.873 36.686 36.614 36.618 36.548
37.736 37.652 37.566 37.48 37.392 37.303 37.213 37.123 37.032 36.942 36.851 36.761 36.671 36.582 36.494 36.406 36.321 36.291 36.409 36.073 35.997 35.918 35.844 35.773 35.72 35.713 35.836 35.885 35.629 35.665 35.671 35.328 35.291 35.259 35.232 35.21 35.194 35.183 35.179 35.18 35.187 35.201 35.221 35.248 35.28 35.319 35.365 35.416 35.473 35.536 35.605 35.679 35.757 35.841 35.96 36.101 36.27 36.37 36.484 36.481 36.56 36.65 37.014 36.876 36.698 36.538 36.45 36.457 36.187 36.253 36.303 35.992
37.61 37.523 37.433 37.342 37.25 37.157 37.062 36.968 36.872 36.777 36.682 36.586 36.492 36.666 36.304 36.212 36.121 36.032 35.944 35.864 35.916 35.693 35.614 35.537 35.558 35.493 35.563 35.46 35.603 35.441 35.522 35.309 35.008 34.971 34.938 34.912 34.89 34.875 34.865 34.862 34.865 34.874 34.889 34.911 34.94 34.975 35.016 35.063 35.116 35.175 35.238 35.324 35.38 35.651 35.567 35.644 35.761 36.035 36.567 36.059 36.125 36.141 36.337 36.231 36.298 36.08 35.985 35.968 35.75 35.587 35.564 35.461
37.487 37.395 37.301 37.206 37.109 37.011 36.913 36.813 36.713 36.613 36.513 36.413 36.313 36.214 36.115 36.018 35.922 35.827 35.748 35.643 35.616 35.495 35.383 35.381 35.472 35.235 35.179 35.297 35.423 35.324 35.19 35.327 34.908 34.681 34.643 34.611 34.585 34.564 34.549 34.541 34.539 34.544 34.555 34.572 34.597 34.627 34.664 34.707 34.755 34.809 34.868 34.938 35.081 35.233 35.194 35.229 35.32 35.463 35.678 36.894 37.083 36.087 36.247 36.081 36.112 35.689 35.667 35.504 35.332 35.122 34.967 35.001
37.364 37.268 37.171 37.071 36.97 36.868 36.764 36.66 36.679 36.45 36.345 36.24 36.561 36.03 35.927 35.824 36.258 35.805 35.649 35.563 35.903 35.671 35.261 35.347 35.229 35.042 35.07 35.179 35.246 35.049 35.188 34.851 34.822 34.579 34.346 34.309 34.277 34.251 34.231 34.218 34.211 34.211 34.217 34.23 34.25 34.276 34.309 34.347 34.391 34.44 34.494 34.756 34.781 34.984 34.954 34.817 35.307 35.083 35.378 35.974 36.199 35.96 35.654 35.475 35.358 35.221 35.231 35.214 35.208 34.891 34.572 34.406
37.244 37.144 37.042 36.938 36.832 36.725 36.617 36.508 36.398 36.288 36.178 36.067 35.957 35.848 35.739 35.631 35.596 35.65 35.592 35.534 35.818 35.265 35.04 34.991 34.968 34.845 35.086 35.039 34.891 34.859 34.784 34.778 34.587 34.187 34.048 34.005 33.968 33.937 33.911 33.893 33.881 33.876 33.878 33.886 33.902 33.923 33.952 33.986 34.025 34.07 34.191 34.418 34.391 34.476 34.397 34.411 35.24 34.965 35.101 35.326 36.235 35.532 35.301 35.248 35.241 34.891 35.094 34.854 34.639 34.546 34.188 33.945
37.125 37.021 36.915 36.806 36.696 36.584 36.692 36.357 36.242 36.127 36.011 36.092 35.78 35.666 35.566 35.438 35.326 35.636 35.653 35.49 35.239 35.271 35.102 34.745 34.782 34.642 34.824 34.751 34.831 34.619 34.593 34.52 34.273 34.045 34.123 33.7 33.657 33.621 33.59 33.566 33.549 33.539 33.536 33.54 33.551 33.568 33.593 33.623 33.658 33.698 33.742 33.79 33.908 33.905 34.102 34.564 34.276 35.013 34.704 34.744 34.865 34.909 34.743 34.627 34.603 34.683 34.584 34.536 34.338 34.225 33.757 33.688
37.009 36.9 36.789 36.676 36.561 36.444 36.326 36.207 36.087 36.021 35.925 36.012 35.781 35.916 35.514 35.246 35.604 35.417 35.292 35.289 35.097 34.967 35.132 34.771 34.916 34.405 34.667 34.684 34.525 34.446 34.447 34.297 33.722 33.746 33.814 33.962 33.386 33.303 33.267 33.238 33.215 33.2 33.192 33.192 33.198 33.212 33.232 33.258 33.29 33.326 33.366 33.409 33.454 33.499 33.569 34.593 35.124 33.755 34.372 34.235 34.195 34.155 34.207 34.318 34.35 34.235 34.171 34.016 33.772 33.513 33.617 33.376
36.894 36.781 36.665 36.547 36.427 36.306 36.183 36.058 35.981 35.949 35.977 35.799 35.603 35.478 35.927 36.021 35.117 35.197 35.171 35.223 35.112 34.965 34.916 34.675 34.674 34.545 34.22 34.592 34.332 34.15 34.302 33.931 33.672 33.439 33.451 33.539 33.454 32.99 32.943 32.908 32.88 32.86 32.847 32.842 32.845 32.855 32.871 32.894 32.922 32.955 32.991 33.03 33.071 33.459 33.277 33.377 33.356 33.381 34.899 33.399 33.78 33.977 33.641 33.809 33.916 33.787 33.564 33.488 33.297 33.381 33.074 33.327
36.781 36.664 36.543 36.421 36.296 36.169 36.041 35.911 35.781 35.963 36.252 35.765 35.77 35.499 35.898 35.429 35.334 35.285 35.147 35.277 35.018 34.705 34.473 34.196 34.195 34.27 34.158 34.182 34.358 34.062 33.775 33.505 33.398 33.537 33.261 33.209 33.177 33.218 32.619 32.578 32.568 32.53 32.502 32.492 32.491 32.497 32.511 32.53 32.556 32.585 32.619 32.687 32.696 32.728 32.764 33.14 32.836 33.675 33.439 33.133 33.682 33.143 33.206 33.249 33.128 33.06 33.164 33.114 33.032 32.778 32.6 32.45
36.671 36.548 36.423 36.295 36.165 36.033 35.9 35.765 35.629 35.492 35.996 35.933 35.651 35.443 35.555 35.695 35.564 35.376 35.051 34.957 34.81 34.746 34.388 34.182 33.9 33.917 34.306 34.199 34.106 33.743 33.604 33.505 33.309 33.195 33.262 33.051 32.705 32.488 32.295 32.248 32.208 32.196 32.166 32.148 32.144 32.15 32.167 32.169 32.191 32.222 32.249 32.282 32.316 32.894 32.395 33.182 33.448 32.651 32.646 32.568 32.659 32.913 32.957 32.867 33.231 32.847 32.812 32.681 32.685 32.451 32.709 32.24
36.562 36.435 36.305 36.172 36.036 36.081 35.76 35.62 35.478 35.612 35.194 35.433 35.566 35.409 35.546 35.451 35.349 35.173 35.011 34.747 34.812 34.599 34.407 34.24 33.711 33.968 33.935 34.011 33.742 33.472 33.544 33.193 33.273 33.189 33.079 32.985 32.645 32.031 31.971 31.917 31.915 31.839 31.928 32.082 31.847 31.799 31.811 31.81 31.829 31.872 31.895 31.918 31.948 32.167 32.442 32.471 32.387 32.604 32.613 32.359 32.525 32.831 32.483 32.275 32.132 32.223 32.533 32.516 32.452 32.161 32.053 31.972
36.456 36.323 36.188 36.05 35.909 35.766 35.622 35.669 35.329 35.197 35.033 35.472 35.513 35.312 35.307 35.147 35.228 34.95 34.833 34.615 34.557 34.531 34.206 33.799 33.811 33.751 33.693 33.708 33.46 33.228 33.287 33.066 32.678 32.77 32.3 31.91 32.799 31.715 31.648 31.662 31.548 31.548 31.544 31.666 31.559 31.456 31.464 31.464 31.47 31.513 31.541 31.626 31.587 32.017 31.839 32.139 32.001 32.117 32.025 32.291 32.425 32.508 32.001 31.766 31.78 32.176 32.291 32.421 32.158 32.038 31.736 31.631
36.351 36.214 36.073 35.93 35.783 35.638 35.588 35.677 35.358 35.483 35.329 35.058 35.396 35.398 35.213 35.069 34.975 34.956 34.751 34.515 34.476 34.253 33.945 33.782 33.807 33.444 33.65 33.684 33.198 33.063 32.897 32.442 32.203 31.984 31.786 31.569 32.256 31.401 31.327 31.365 31.319 31.283 31.224 31.225 31.32 31.213 31.146 31.161 31.137 31.16 31.189 31.33 31.295 31.33 31.29 31.358 32.02 31.538 31.921 32.002 32.214 31.535 31.477 31.463 32.151 31.7 31.793 31.815 31.882 31.736 31.528 31.446
36.37 36.176 35.96 35.811 35.659 35.505 35.349 35.191 35.575 35.454 35.479 35.238 34.743 34.709 34.886 34.789 34.803 34.743 34.587 34.474 34.274 34.381 33.911 33.741 33.575 33.235 33.132 33.102 33.129 32.705 32.485 32.302 31.988 31.751 32.282 31.836 31.178 31.09 31.146 30.958 31.258 31.078 31.068 30.88 31.537 30.894 30.831 30.797 30.789 30.866 30.846 31.119 31.378 31.477 31.193 31.404 31.346 31.144 31.673 31.507 31.23 31.394 31.063 31.127 31.278 31.409 31.622 31.438 31.427 31.538 31.417 31.199
