raw_data/humedad_relativa/hora15/rh15may.txt
ncols         501
nrows         361
xllcorner     109.95
yllcorner     -45.05
cellsize      0.1
NODATA_value  -9999
[rows 320 to 351 of 361, columns 288 to 359 of 501]
78.004 77.954 77.904 77.854 77.804 77.755 77.705 77.656 77.608 77.56 77.512 77.466 77.42 77.374 77.33 77.286 77.244 77.202 77.161 77.121 77.082 77.043 77.006 76.969 76.933 76.898 76.863 76.829 76.795 76.762 76.729 76.696 76.664 76.631 76.599 76.567 76.535 76.502 76.469 76.437 76.404 76.37 76.337 76.303 76.268 76.234 76.199 76.163 76.127 76.091 76.053 76.015 75.975 75.934 75.892 75.847 75.8 75.75 75.703 75.995 75.884 75.644 75.565 75.806 76.329 75.789 75.957 75.436 75.045 74.516 74.163 73.883
78.139 78.09 78.042 77.994 77.946 77.898 77.85 77.802 77.755 77.709 77.662 77.617 77.572 77.528 77.484 77.442 77.4 77.359 77.318 77.279 77.24 77.202 77.165 77.128 77.092 77.057 77.022 76.988 76.954 76.921 76.888 76.855 76.822 76.79 76.757 76.725 76.692 76.659 76.627 76.594 76.56 76.527 76.493 76.459 76.424 76.389 76.353 76.317 76.28 76.243 76.204 76.164 76.123 76.08 76.035 75.987 75.937 75.883 75.825 75.855 76.195 75.927 75.693 75.874 76.034 75.876 75.89 75.954 75.755 75.602 74.975 74.764
78.27 78.224 78.177 78.13 78.084 78.037 77.991 77.945 77.899 77.853 77.808 77.764 77.72 77.677 77.634 77.592 77.551 77.511 77.471 77.432 77.393 77.356 77.319 77.282 77.246 77.211 77.176 77.142 77.108 77.075 77.041 77.008 76.976 76.943 76.91 76.877 76.845 76.812 76.779 76.745 76.712 76.678 76.644 76.609 76.574 76.538 76.502 76.465 76.427 76.388 76.348 76.307 76.264 76.219 76.171 76.121 76.067 76.009 75.946 75.878 76.385 76.347 76.399 76.672 76.858 77.177 76.775 75.927 76.19 76.019 75.784 74.935
78.399 78.354 78.309 78.264 78.218 78.173 78.128 78.083 78.039 77.994 77.951 77.907 77.864 77.822 77.78 77.739 77.698 77.658 77.619 77.58 77.542 77.505 77.468 77.432 77.396 77.361 77.326 77.292 77.258 77.224 77.191 77.157 77.124 77.091 77.058 77.025 76.992 76.959 76.925 76.892 76.858 76.823 76.789 76.754 76.718 76.682 76.645 76.607 76.568 76.528 76.486 76.443 76.398 76.351 76.301 76.247 76.19 76.128 76.061 75.988 76.352 76.821 76.497 76.641 77.49 77.2 77.985 76.3 76.562 76.953 76.2 75.695
78.524 78.481 78.437 78.393 78.35 78.306 78.262 78.218 78.175 78.132 78.089 78.046 78.004 77.963 77.922 77.881 77.841 77.802 77.763 77.725 77.687 77.65 77.613 77.577 77.541 77.506 77.471 77.437 77.403 77.369 77.335 77.302 77.268 77.235 77.201 77.168 77.135 77.101 77.067 77.033 76.999 76.964 76.928 76.893 76.856 76.819 76.781 76.742 76.702 76.661 76.618 76.573 76.526 76.477 76.424 76.368 76.307 76.242 76.17 76.091 76.117 77.559 76.821 77.674 76.812 77.118 78.805 76.66 77.394 77.082 76.811 75.804
78.647 78.605 78.563 78.52 78.478 78.435 78.392 78.35 78.307 78.265 78.223 78.182 78.141 78.1 78.06 78.02 77.98 77.941 77.903 77.865 77.827 77.79 77.754 77.718 77.682 77.647 77.612 77.577 77.543 77.509 77.475 77.441 77.407 77.374 77.34 77.306 77.272 77.238 77.204 77.169 77.134 77.099 77.063 77.027 76.989 76.951 76.913 76.873 76.831 76.789 76.744 76.698 76.649 76.597 76.542 76.483 76.419 76.35 76.274 76.191 76.098 76.136 76.51 76.613 77 76.567 77.303 77.422 78.455 77.352 77.316 77.452
78.767 78.726 78.685 78.644 78.602 78.561 78.519 78.478 78.437 78.395 78.354 78.314 78.273 78.233 78.193 78.154 78.115 78.077 78.039 78.001 77.964 77.927 77.891 77.854 77.819 77.783 77.748 77.714 77.679 77.645 77.611 77.576 77.542 77.508 77.474 77.44 77.405 77.371 77.336 77.301 77.265 77.229 77.192 77.155 77.117 77.078 77.038 76.997 76.955 76.911 76.865 76.817 76.766 76.712 76.655 76.593 76.526 76.454 76.374 76.286 76.188 76.09 76.135 76.218 76.324 78.038 76.626 76.424 76.824 77.29 76.435 77.919
78.884 78.845 78.805 78.765 78.724 78.684 78.643 78.603 78.562 78.522 78.482 78.442 78.402 78.363 78.324 78.285 78.246 78.208 78.171 78.133 78.096 78.059 78.023 77.987 77.951 77.916 77.881 77.846 77.811 77.776 77.742 77.707 77.673 77.638 77.604 77.569 77.534 77.499 77.463 77.427 77.391 77.354 77.317 77.279 77.24 77.2 77.159 77.117 77.073 77.027 76.98 76.93 76.878 76.822 76.762 76.698 76.629 76.553 76.47 76.378 76.277 76.163 76.529 76.614 76.978 76.587 76.076 76.32 75.814 76.355 76.386 77.661
78.999 78.961 78.922 78.883 78.843 78.804 78.764 78.725 78.685 78.646 78.606 78.567 78.528 78.489 78.45 78.412 78.374 78.336 78.299 78.262 78.225 78.188 78.152 78.116 78.08 78.044 78.009 77.974 77.939 77.904 77.869 77.834 77.799 77.764 77.729 77.694 77.658 77.622 77.586 77.55 77.512 77.475 77.437 77.398 77.358 77.317 77.275 77.231 77.186 77.139 77.09 77.039 76.984 76.927 76.865 76.799 76.727 76.649 76.563 76.469 76.364 76.246 76.114 76.774 76.639 76.23 76.418 77.591 79.038 77.306 77.641 78.311
79.111 79.074 79.036 78.998 78.959 78.921 78.882 78.843 78.805 78.766 78.727 78.689 78.65 78.612 78.574 78.536 78.498 78.461 78.423 78.386 78.35 78.313 78.277 78.241 78.205 78.169 78.133 78.098 78.063 78.027 77.992 77.957 77.921 77.886 77.85 77.814 77.778 77.741 77.705 77.667 77.629 77.591 77.552 77.512 77.471 77.428 77.385 77.34 77.294 77.246 77.195 77.142 77.086 77.027 76.963 76.895 76.821 76.741 76.653 76.556 76.449 76.33 76.196 76.045 78.01 76.974 76.284 79.291 76.905 77.951 77.043 77.659
79.221 79.184 79.147 79.11 79.073 79.035 78.997 78.959 78.921 78.883 78.845 78.807 78.769 78.731 78.693 78.656 78.619 78.581 78.544 78.507 78.471 78.434 78.398 78.362 78.326 78.29 78.254 78.218 78.183 78.147 78.111 78.075 78.039 78.003 77.967 77.93 77.894 77.856 77.819 77.78 77.742 77.702 77.662 77.621 77.579 77.536 77.491 77.445 77.397 77.348 77.296 77.241 77.183 77.122 77.057 76.987 76.912 76.83 76.74 76.642 76.534 76.413 76.279 76.128 75.957 76.323 76.828 76.674 78.506 76.264 77.505 79.308
79.328 79.293 79.257 79.22 79.183 79.147 79.109 79.072 79.035 78.997 78.96 78.922 78.885 78.847 78.81 78.773 78.736 78.699 78.662 78.625 78.589 78.552 78.516 78.479 78.443 78.407 78.371 78.335 78.299 78.263 78.227 78.19 78.154 78.117 78.08 78.043 78.005 77.967 77.929 77.89 77.85 77.809 77.768 77.726 77.683 77.638 77.593 77.545 77.496 77.445 77.391 77.335 77.276 77.213 77.147 77.075 76.998 76.915 76.825 76.726 76.617 76.497 76.363 76.213 76.045 76.556 76.409 76.81 79.629 76.338 76.374 76.357
79.433 79.398 79.363 79.327 79.292 79.255 79.219 79.182 79.146 79.109 79.072 79.035 78.998 78.961 78.924 78.887 78.85 78.813 78.776 78.74 78.703 78.667 78.63 78.594 78.557 78.521 78.484 78.448 78.411 78.375 78.338 78.301 78.264 78.227 78.189 78.151 78.113 78.074 78.035 77.995 77.954 77.912 77.87 77.827 77.782 77.737 77.69 77.641 77.59 77.538 77.483 77.425 77.364 77.3 77.232 77.159 77.081 76.997 76.906 76.807 76.698 76.579 76.447 76.3 76.41 75.951 75.772 76.082 76.652 78.288 77.939 78.567
79.536 79.502 79.467 79.432 79.397 79.362 79.326 79.29 79.254 79.217 79.181 79.144 79.108 79.071 79.034 78.998 78.961 78.924 78.888 78.851 78.814 78.778 78.741 78.704 78.668 78.631 78.594 78.558 78.521 78.484 78.446 78.409 78.371 78.333 78.295 78.256 78.217 78.177 78.137 78.096 78.054 78.011 77.968 77.923 77.878 77.831 77.782 77.732 77.68 77.626 77.57 77.511 77.448 77.383 77.313 77.239 77.16 77.075 76.984 76.885 76.777 76.659 76.529 76.386 76.227 76.093 75.849 77.629 77.942 75.775 77.103 76.371
79.636 79.603 79.569 79.535 79.5 79.465 79.43 79.395 79.359 79.323 79.287 79.251 79.215 79.178 79.142 79.105 79.069 79.032 78.996 78.959 78.922 78.886 78.849 78.812 78.775 78.738 78.701 78.664 78.626 78.589 78.551 78.513 78.475 78.436 78.397 78.357 78.317 78.276 78.235 78.193 78.15 78.106 78.062 78.016 77.969 77.921 77.871 77.819 77.766 77.71 77.652 77.592 77.528 77.461 77.39 77.315 77.235 77.149 77.058 76.959 76.852 76.735 76.608 76.469 76.315 76.428 76.535 75.741 76.106 77.723 76.902 76.825
79.735 79.702 79.669 79.635 79.601 79.567 79.532 79.497 79.462 79.427 79.391 79.355 79.319 79.283 79.247 79.21 79.174 79.137 79.101 79.064 79.027 78.991 78.954 78.917 78.879 78.842 78.805 78.767 78.729 78.691 78.652 78.614 78.575 78.535 78.495 78.455 78.414 78.372 78.33 78.287 78.243 78.198 78.152 78.105 78.056 78.007 77.955 77.902 77.847 77.79 77.731 77.668 77.603 77.535 77.463 77.386 77.305 77.219 77.127 77.028 76.921 76.807 76.682 76.547 76.399 76.554 76.98 76.055 77.044 75.393 75.982 75.83
79.831 79.799 79.766 79.733 79.7 79.666 79.632 79.597 79.563 79.527 79.492 79.457 79.421 79.385 79.349 79.313 79.276 79.24 79.203 79.167 79.13 79.093 79.055 79.018 78.981 78.943 78.905 78.867 78.828 78.79 78.751 78.711 78.671 78.631 78.59 78.549 78.507 78.464 78.421 78.377 78.332 78.285 78.238 78.19 78.14 78.089 78.036 77.981 77.925 77.866 77.805 77.741 77.674 77.604 77.531 77.453 77.371 77.283 77.191 77.092 76.986 76.872 76.75 76.618 76.474 76.368 76.335 76.3 79.096 76.233 77.347 75.751
79.925 79.894 79.862 79.829 79.796 79.763 79.729 79.695 79.661 79.626 79.591 79.556 79.52 79.484 79.448 79.412 79.376 79.34 79.303 79.266 79.229 79.192 79.154 79.117 79.079 79.041 79.003 78.964 78.925 78.886 78.846 78.806 78.765 78.724 78.682 78.64 78.597 78.553 78.509 78.463 78.417 78.37 78.321 78.271 78.22 78.167 78.113 78.057 77.999 77.938 77.875 77.81 77.741 77.67 77.594 77.515 77.431 77.343 77.249 77.15 77.044 76.931 76.81 76.679 76.539 76.387 76.264 76.491 77.218 78.864 75.494 75.592
80.018 79.987 79.955 79.923 79.891 79.858 79.824 79.791 79.756 79.722 79.687 79.652 79.617 79.581 79.546 79.509 79.473 79.437 79.4 79.363 79.326 79.288 79.251 79.213 79.175 79.136 79.097 79.058 79.018 78.978 78.938 78.897 78.856 78.814 78.771 78.728 78.684 78.639 78.594 78.547 78.499 78.451 78.401 78.35 78.297 78.243 78.187 78.129 78.069 78.007 77.942 77.875 77.804 77.731 77.654 77.573 77.487 77.397 77.302 77.202 77.095 76.981 76.86 76.731 76.592 76.442 76.279 76.77 76.783 77.073 75.832 75.944
80.108 80.078 80.047 80.015 79.983 79.95 79.917 79.884 79.85 79.816 79.781 79.747 79.711 79.676 79.64 79.604 79.568 79.531 79.494 79.457 79.42 79.382 79.344 79.306 79.267 79.228 79.189 79.149 79.109 79.069 79.028 78.986 78.944 78.901 78.857 78.813 78.768 78.722 78.675 78.628 78.579 78.529 78.477 78.425 78.37 78.314 78.257 78.197 78.135 78.071 78.005 77.936 77.863 77.788 77.709 77.626 77.539 77.447 77.35 77.248 77.139 77.024 76.902 76.771 76.631 76.48 76.317 76.801 76.184 77.123 76.426 77.415
80.197 80.167 80.136 80.105 80.073 80.041 80.008 79.975 79.942 79.908 79.873 79.839 79.804 79.768 79.733 79.697 79.66 79.624 79.587 79.549 79.512 79.474 79.435 79.397 79.358 79.318 79.278 79.238 79.197 79.156 79.114 79.072 79.029 78.985 78.941 78.895 78.849 78.802 78.754 78.705 78.655 78.604 78.551 78.497 78.441 78.383 78.324 78.262 78.199 78.133 78.064 77.993 77.919 77.841 77.76 77.675 77.585 77.491 77.392 77.288 77.177 77.059 76.935 76.801 76.658 76.504 76.336 76.152 75.946 76.156 76.042 76.765
80.284 80.254 80.224 80.193 80.162 80.13 80.097 80.064 80.031 79.997 79.963 79.929 79.894 79.858 79.823 79.787 79.75 79.713 79.676 79.639 79.601 79.563 79.524 79.485 79.446 79.406 79.365 79.324 79.283 79.241 79.198 79.155 79.111 79.067 79.021 78.975 78.928 78.88 78.831 78.78 78.729 78.676 78.621 78.566 78.508 78.449 78.388 78.325 78.259 78.191 78.121 78.047 77.971 77.891 77.807 77.72 77.628 77.531 77.429 77.322 77.208 77.088 76.959 76.822 76.674 76.515 76.341 76.149 75.935 76.163 76.934 75.852
80.369 80.34 80.31 80.279 80.248 80.217 80.184 80.152 80.119 80.085 80.051 80.017 79.982 79.946 79.911 79.875 79.838 79.801 79.764 79.726 79.688 79.649 79.611 79.571 79.531 79.491 79.45 79.408 79.366 79.324 79.28 79.236 79.191 79.146 79.1 79.052 79.004 78.955 78.904 78.853 78.8 78.745 78.69 78.632 78.573 78.512 78.449 78.384 78.317 78.247 78.174 78.098 78.02 77.937 77.851 77.761 77.666 77.567 77.462 77.351 77.234 77.11 76.977 76.835 76.682 76.516 76.335 76.135 75.911 75.657 75.716 75.052
80.453 80.424 80.394 80.364 80.333 80.302 80.27 80.237 80.204 80.171 80.137 80.103 80.068 80.032 79.997 79.96 79.924 79.887 79.849 79.811 79.773 79.734 79.695 79.655 79.614 79.574 79.532 79.49 79.447 79.404 79.36 79.315 79.269 79.223 79.175 79.127 79.078 79.027 78.975 78.923 78.868 78.813 78.755 78.696 78.636 78.573 78.508 78.441 78.372 78.3 78.225 78.147 78.066 77.981 77.892 77.799 77.702 77.599 77.491 77.377 77.256 77.127 76.99 76.842 76.684 76.511 76.323 76.115 75.883 75.621 75.325 74.987
80.535 80.507 80.477 80.447 80.416 80.385 80.353 80.321 80.288 80.255 80.221 80.187 80.152 80.116 80.081 80.044 80.008 79.97 79.933 79.894 79.856 79.817 79.777 79.737 79.696 79.654 79.612 79.569 79.526 79.482 79.437 79.391 79.345 79.297 79.249 79.2 79.149 79.097 79.045 78.99 78.935 78.878 78.819 78.758 78.696 78.631 78.565 78.496 78.424 78.35 78.273 78.193 78.109 78.022 77.931 77.835 77.734 77.629 77.517 77.399 77.274 77.141 76.999 76.846 76.682 76.503 76.308 76.093 75.854 75.588 75.29 74.954
80.616 80.587 80.558 80.528 80.498 80.467 80.435 80.403 80.37 80.337 80.303 80.269 80.234 80.199 80.163 80.126 80.09 80.052 80.014 79.976 79.937 79.897 79.857 79.816 79.775 79.733 79.69 79.647 79.603 79.558 79.512 79.466 79.418 79.37 79.321 79.27 79.219 79.166 79.112 79.056 78.999 78.94 78.88 78.818 78.754 78.688 78.619 78.548 78.475 78.399 78.319 78.237 78.151 78.061 77.967 77.868 77.765 77.656 77.541 77.419 77.29 77.153 77.006 76.848 76.678 76.494 76.293 76.073 75.83 75.562 75.263 74.933
80.695 80.667 80.638 80.608 80.578 80.547 80.516 80.483 80.451 80.418 80.384 80.349 80.315 80.279 80.243 80.207 80.17 80.132 80.094 80.055 80.016 79.976 79.935 79.894 79.852 79.81 79.767 79.723 79.678 79.632 79.586 79.538 79.49 79.441 79.39 79.339 79.286 79.232 79.177 79.12 79.062 79.001 78.94 78.876 78.81 78.742 78.672 78.599 78.524 78.446 78.364 78.279 78.191 78.098 78.002 77.9 77.794 77.681 77.563 77.438 77.305 77.163 77.012 76.85 76.676 76.487 76.282 76.058 75.813 75.544 75.248 74.924
80.773 80.745 80.716 80.687 80.656 80.626 80.594 80.562 80.53 80.496 80.463 80.428 80.393 80.358 80.322 80.285 80.248 80.21 80.172 80.133 80.093 80.053 80.012 79.97 79.928 79.885 79.841 79.796 79.751 79.705 79.657 79.609 79.56 79.51 79.458 79.406 79.352 79.297 79.24 79.182 79.122 79.061 78.998 78.932 78.865 78.795 78.723 78.649 78.571 78.491 78.407 78.32 78.229 78.134 78.035 77.931 77.822 77.706 77.585 77.456 77.32 77.175 77.02 76.854 76.676 76.483 76.275 76.049 75.804 75.536 75.245 74.929
80.85 80.822 80.793 80.764 80.734 80.703 80.672 80.64 80.607 80.574 80.54 80.506 80.471 80.435 80.399 80.362 80.325 80.287 80.248 80.209 80.169 80.128 80.087 80.044 80.002 79.958 79.914 79.868 79.822 79.775 79.727 79.678 79.628 79.577 79.525 79.471 79.416 79.36 79.302 79.243 79.182 79.119 79.054 78.987 78.918 78.847 78.773 78.697 78.618 78.535 78.449 78.36 78.267 78.17 78.068 77.961 77.849 77.731 77.606 77.475 77.335 77.187 77.029 76.86 76.679 76.484 76.275 76.048 75.804 75.539 75.254 74.947
80.925 80.897 80.868 80.839 80.809 80.779 80.747 80.716 80.683 80.65 80.616 80.582 80.546 80.511 80.474 80.437 80.4 80.361 80.322 80.283 80.243 80.201 80.16 80.117 80.074 80.03 79.985 79.939 79.892 79.844 79.796 79.746 79.695 79.643 79.59 79.535 79.479 79.422 79.363 79.302 79.24 79.175 79.109 79.041 78.97 78.898 78.822 78.744 78.663 78.579 78.491 78.4 78.304 78.205 78.101 77.991 77.877 77.756 77.629 77.495 77.353 77.202 77.041 76.87 76.687 76.491 76.281 76.055 75.813 75.552 75.274 74.976
80.999 80.971 80.943 80.913 80.884 80.853 80.822 80.79 80.758 80.724 80.69 80.656 80.621 80.585 80.548 80.511 80.473 80.435 80.396 80.356 80.315 80.274 80.231 80.188 80.145 80.1 80.054 80.008 79.961 79.912 79.863 79.812 79.76 79.707 79.653 79.598 79.541 79.482 79.422 79.36 79.296 79.231 79.163 79.094 79.022 78.947 78.87 78.79 78.708 78.621 78.532 78.439 78.341 78.24 78.133 78.022 77.905 77.782 77.653 77.516 77.372 77.219 77.057 76.884 76.7 76.504 76.294 76.07 75.831 75.576 75.304 75.016
81.071 81.044 81.016 80.986 80.957 80.926 80.895 80.863 80.831 80.798 80.764 80.729 80.694 80.658 80.621 80.584 80.546 80.507 80.467 80.427 80.386 80.344 80.302 80.258 80.214 80.169 80.123 80.076 80.028 79.978 79.928 79.877 79.824 79.771 79.715 79.659 79.601 79.541 79.48 79.417 79.352 79.286 79.217 79.146 79.072 78.996 78.918 78.836 78.752 78.664 78.573 78.478 78.379 78.275 78.167 78.054 77.935 77.81 77.679 77.54 77.394 77.24 77.076 76.903 76.718 76.523 76.314 76.093 75.858 75.609 75.345 75.067
