raw_data/humedad_relativa/hora15/rh15may.txt
ncols         501
nrows         361
xllcorner     109.95
yllcorner     -45.05
cellsize      0.1
NODATA_value  -9999
[rows 288 to 319 of 361, columns 360 to 431 of 501]
68.834 70.862 70.568 70.883 68.102 69.864 69.237 67.566 68.746 66.976 66.741 66.836 67.161 66.95 66.665 66.56 66.627 66.719 66.833 66.945 66.968 66.806 66.915 66.98 67.087 67.284 67.387 67.561 67.75 67.963 68.168 68.393 68.625 68.862 69.099 69.333 69.561 69.778 69.983 70.173 70.347 70.506 70.65 70.78 70.898 71.006 71.106 71.2 71.289 71.375 71.459 71.542 71.626 71.71 71.795 71.883 71.972 72.064 72.158 72.255 72.355 72.457 72.563 72.67 72.781 72.894 73.009 73.127 73.247 73.37 73.494 73.621
67.843 68.441 68.788 70.351 68.249 69.244 69.402 67.766 67.424 67.358 67.226 67.328 67.342 67.313 67.198 67.218 67.166 67.08 67.078 67.118 67.172 67.24 67.322 67.419 67.531 67.658 67.8 67.956 68.126 68.309 68.502 68.704 68.913 69.125 69.339 69.55 69.756 69.954 70.142 70.319 70.483 70.634 70.773 70.9 71.017 71.125 71.226 71.321 71.411 71.498 71.584 71.668 71.752 71.837 71.922 72.01 72.099 72.19 72.284 72.38 72.478 72.579 72.683 72.789 72.898 73.009 73.122 73.238 73.357 73.477 73.6 73.724
68.725 68.122 68.569 68.766 68.962 68.435 68.432 67.909 67.81 67.732 67.712 67.645 67.673 67.664 67.567 67.621 67.538 67.548 67.569 67.601 67.646 67.703 67.774 67.859 67.958 68.07 68.196 68.336 68.487 68.65 68.823 69.003 69.19 69.38 69.572 69.762 69.948 70.129 70.302 70.465 70.619 70.762 70.895 71.018 71.133 71.24 71.34 71.435 71.527 71.615 71.701 71.786 71.871 71.956 72.042 72.129 72.218 72.309 72.402 72.497 72.594 72.694 72.797 72.901 73.009 73.118 73.231 73.345 73.461 73.58 73.701 73.824
68.676 68.511 68.823 68.592 68.896 69.081 68.362 68.377 68.452 68.29 68.229 68.155 68.103 68.07 68.049 68.043 68.028 68.031 68.043 68.067 68.102 68.15 68.21 68.282 68.368 68.466 68.576 68.699 68.833 68.977 69.13 69.29 69.456 69.626 69.797 69.968 70.137 70.301 70.459 70.61 70.754 70.889 71.015 71.134 71.246 71.351 71.45 71.545 71.636 71.725 71.811 71.897 71.982 72.068 72.154 72.241 72.33 72.42 72.513 72.607 72.704 72.803 72.905 73.008 73.115 73.223 73.334 73.447 73.562 73.679 73.798 73.92
68.801 68.838 68.928 68.957 68.905 68.93 68.969 68.931 68.98 69.344 69.091 68.918 68.738 68.622 68.539 68.515 68.501 68.497 68.501 68.516 68.542 68.579 68.628 68.689 68.761 68.845 68.94 69.047 69.163 69.289 69.424 69.565 69.712 69.863 70.016 70.169 70.321 70.469 70.614 70.753 70.887 71.013 71.134 71.247 71.355 71.458 71.556 71.65 71.74 71.829 71.916 72.002 72.087 72.173 72.259 72.347 72.435 72.526 72.618 72.712 72.808 72.907 73.007 73.11 73.215 73.323 73.432 73.544 73.658 73.774 73.892 74.012
70.763 70.314 70.204 69.672 69.623 70.2 70 69.791 70.263 69.628 69.368 69.272 69.135 69.049 69.006 68.978 68.958 68.945 68.942 68.948 68.965 68.992 69.029 69.078 69.137 69.207 69.288 69.378 69.479 69.588 69.705 69.828 69.957 70.09 70.226 70.362 70.499 70.633 70.765 70.893 71.017 71.135 71.249 71.357 71.461 71.561 71.657 71.749 71.839 71.927 72.014 72.1 72.186 72.272 72.358 72.446 72.534 72.625 72.717 72.81 72.906 73.004 73.104 73.206 73.311 73.417 73.526 73.637 73.75 73.864 73.981 74.1
69.976 70.31 70.403 70.319 70.745 71.492 71.852 70.774 70.207 70.069 69.807 69.635 69.546 69.5 69.459 69.424 69.396 69.376 69.365 69.362 69.369 69.386 69.413 69.449 69.496 69.553 69.619 69.695 69.779 69.872 69.973 70.079 70.192 70.308 70.427 70.549 70.671 70.792 70.911 71.029 71.143 71.254 71.361 71.464 71.564 71.66 71.753 71.844 71.933 72.021 72.107 72.193 72.279 72.365 72.451 72.539 72.627 72.718 72.81 72.903 72.999 73.096 73.196 73.298 73.401 73.507 73.615 73.725 73.837 73.951 74.067 74.185
70.444 70.445 70.691 71.435 71.987 72.04 70.885 70.626 70.505 70.329 70.156 70.052 69.996 69.942 69.894 69.851 69.815 69.788 69.768 69.757 69.755 69.762 69.778 69.804 69.838 69.882 69.934 69.995 70.065 70.142 70.227 70.318 70.414 70.515 70.62 70.727 70.835 70.944 71.052 71.159 71.265 71.368 71.468 71.566 71.662 71.755 71.846 71.935 72.022 72.109 72.195 72.28 72.366 72.452 72.538 72.626 72.715 72.805 72.897 72.991 73.086 73.183 73.283 73.384 73.487 73.593 73.7 73.809 73.921 74.034 74.149 74.266
70.501 70.82 71.518 71.983 72.243 71.42 70.913 70.772 70.717 70.639 70.559 70.491 70.425 70.363 70.307 70.257 70.214 70.179 70.152 70.133 70.123 70.12 70.126 70.14 70.163 70.194 70.233 70.28 70.336 70.398 70.468 70.544 70.626 70.712 70.803 70.896 70.992 71.089 71.187 71.284 71.381 71.477 71.571 71.664 71.755 71.845 71.933 72.02 72.106 72.192 72.277 72.362 72.447 72.533 72.62 72.708 72.797 72.887 72.979 73.073 73.168 73.266 73.365 73.466 73.569 73.674 73.781 73.89 74 74.113 74.227 74.344
71.005 71.36 71.15 71.202 71.254 71.27 71.251 71.205 71.14 71.065 70.986 70.907 70.832 70.761 70.697 70.641 70.591 70.55 70.516 70.49 70.471 70.46 70.456 70.459 70.47 70.489 70.515 70.549 70.591 70.639 70.695 70.757 70.824 70.897 70.975 71.056 71.14 71.226 71.314 71.403 71.492 71.58 71.669 71.756 71.843 71.93 72.015 72.1 72.185 72.269 72.354 72.439 72.524 72.61 72.696 72.784 72.874 72.964 73.056 73.15 73.246 73.343 73.442 73.543 73.646 73.751 73.857 73.966 74.076 74.189 74.302 74.418
71.755 71.498 71.697 71.69 71.748 71.758 71.723 71.657 71.572 71.48 71.387 71.297 71.212 71.134 71.063 71 70.945 70.898 70.858 70.826 70.799 70.78 70.767 70.76 70.76 70.767 70.781 70.802 70.83 70.865 70.907 70.956 71.011 71.071 71.136 71.206 71.279 71.355 71.434 71.514 71.595 71.678 71.761 71.844 71.927 72.01 72.093 72.176 72.259 72.342 72.426 72.51 72.595 72.681 72.768 72.856 72.945 73.036 73.128 73.222 73.318 73.416 73.515 73.616 73.719 73.824 73.93 74.039 74.149 74.261 74.374 74.489
71.749 71.901 72.044 72.161 72.307 72.231 72.172 72.079 71.972 71.862 71.755 71.654 71.562 71.477 71.401 71.334 71.275 71.224 71.179 71.141 71.108 71.081 71.059 71.043 71.032 71.028 71.03 71.038 71.053 71.076 71.105 71.141 71.183 71.232 71.286 71.345 71.408 71.475 71.545 71.617 71.692 71.768 71.846 71.925 72.004 72.084 72.164 72.246 72.327 72.41 72.493 72.576 72.661 72.747 72.834 72.922 73.012 73.103 73.196 73.29 73.386 73.484 73.583 73.685 73.788 73.893 73.999 74.107 74.217 74.329 74.443 74.558
72.132 72.296 72.457 73.024 73.863 72.677 72.583 72.459 72.329 72.203 72.085 71.977 71.878 71.79 71.711 71.641 71.58 71.525 71.477 71.435 71.397 71.363 71.333 71.307 71.286 71.271 71.261 71.257 71.26 71.27 71.287 71.311 71.342 71.38 71.423 71.472 71.526 71.585 71.647 71.713 71.781 71.852 71.925 71.999 72.075 72.152 72.231 72.31 72.39 72.472 72.554 72.638 72.722 72.808 72.895 72.984 73.074 73.166 73.259 73.354 73.45 73.548 73.648 73.749 73.853 73.958 74.064 74.173 74.283 74.395 74.508 74.623
72.469 72.635 72.805 72.971 73.617 73.054 72.923 72.775 72.631 72.496 72.372 72.259 72.158 72.069 71.989 71.919 71.857 71.802 71.753 71.707 71.665 71.625 71.587 71.553 71.522 71.495 71.474 71.458 71.449 71.448 71.453 71.466 71.487 71.514 71.548 71.588 71.633 71.684 71.74 71.799 71.862 71.928 71.996 72.067 72.14 72.215 72.291 72.369 72.448 72.529 72.611 72.694 72.779 72.865 72.952 73.041 73.132 73.224 73.317 73.413 73.51 73.608 73.708 73.81 73.914 74.019 74.126 74.235 74.345 74.457 74.57 74.685
72.752 72.908 73.067 73.218 73.317 73.284 73.16 73.014 72.87 72.735 72.624 72.5 72.4 72.312 72.235 72.168 72.108 72.054 72.005 71.958 71.912 71.867 71.823 71.78 71.739 71.701 71.668 71.641 71.62 71.607 71.602 71.605 71.615 71.633 71.659 71.691 71.729 71.773 71.822 71.876 71.934 71.995 72.06 72.128 72.198 72.271 72.345 72.422 72.5 72.58 72.662 72.745 72.83 72.916 73.004 73.094 73.185 73.277 73.372 73.468 73.565 73.664 73.765 73.868 73.972 74.078 74.185 74.294 74.404 74.516 74.63 74.745
72.983 73.117 73.248 73.358 73.418 73.394 73.301 73.178 73.047 72.921 72.804 72.697 72.603 72.52 72.448 72.385 72.33 72.28 72.233 72.187 72.14 72.09 72.039 71.987 71.936 71.887 71.843 71.804 71.773 71.749 71.733 71.726 71.728 71.738 71.755 71.78 71.812 71.85 71.894 71.943 71.996 72.054 72.116 72.181 72.249 72.32 72.394 72.469 72.547 72.627 72.708 72.792 72.877 72.963 73.052 73.142 73.234 73.327 73.422 73.519 73.617 73.717 73.818 73.921 74.026 74.132 74.24 74.35 74.461 74.573 74.687 74.802
73.168 73.275 73.372 73.446 73.478 73.455 73.383 73.283 73.17 73.057 72.95 72.852 72.765 72.69 72.625 72.57 72.523 72.48 72.438 72.395 72.347 72.294 72.236 72.175 72.113 72.053 71.996 71.947 71.904 71.87 71.846 71.83 71.823 71.826 71.837 71.855 71.882 71.915 71.954 71.999 72.05 72.105 72.164 72.227 72.294 72.363 72.436 72.511 72.588 72.668 72.749 72.833 72.918 73.006 73.095 73.186 73.278 73.372 73.468 73.566 73.665 73.766 73.868 73.972 74.077 74.184 74.293 74.403 74.514 74.627 74.741 74.856
73.316 73.394 73.46 73.504 73.516 73.49 73.429 73.345 73.248 73.148 73.053 72.965 72.888 72.822 72.768 72.723 72.686 72.652 72.619 72.581 72.535 72.478 72.413 72.342 72.268 72.196 72.128 72.067 72.014 71.971 71.938 71.914 71.901 71.897 71.902 71.916 71.938 71.967 72.003 72.045 72.093 72.146 72.203 72.265 72.33 72.399 72.471 72.546 72.623 72.703 72.785 72.869 72.956 73.044 73.134 73.225 73.319 73.414 73.511 73.609 73.709 73.811 73.914 74.019 74.125 74.233 74.342 74.453 74.565 74.678 74.793 74.909
73.434 73.485 73.523 73.543 73.538 73.506 73.449 73.374 73.288 73.2 73.115 73.038 72.971 72.916 72.873 72.841 72.816 72.796 72.775 72.746 72.703 72.643 72.57 72.487 72.4 72.314 72.234 72.163 72.101 72.049 72.009 71.979 71.96 71.951 71.952 71.962 71.981 72.007 72.041 72.081 72.127 72.178 72.234 72.295 72.36 72.429 72.501 72.575 72.653 72.734 72.816 72.901 72.988 73.077 73.168 73.261 73.356 73.452 73.55 73.65 73.751 73.853 73.958 74.063 74.17 74.279 74.389 74.5 74.613 74.727 74.842 74.958
73.529 73.554 73.567 73.565 73.545 73.504 73.446 73.375 73.297 73.217 73.141 73.073 73.015 72.971 72.94 72.921 72.913 72.91 72.905 72.889 72.852 72.789 72.704 72.606 72.504 72.405 72.314 72.232 72.162 72.103 72.057 72.023 72 71.987 71.985 71.993 72.009 72.034 72.066 72.105 72.15 72.201 72.257 72.317 72.382 72.451 72.523 72.599 72.677 72.759 72.842 72.928 73.017 73.107 73.199 73.293 73.389 73.486 73.586 73.686 73.789 73.893 73.998 74.105 74.213 74.322 74.433 74.545 74.659 74.773 74.889 75.006
73.603 73.604 73.595 73.573 73.537 73.486 73.423 73.352 73.276 73.201 73.13 73.069 73.02 72.985 72.965 72.961 72.969 72.987 73.005 73.484 73.028 72.914 72.813 72.696 72.577 72.464 72.362 72.272 72.195 72.132 72.082 72.044 72.019 72.005 72.002 72.008 72.024 72.047 72.079 72.118 72.163 72.214 72.27 72.332 72.397 72.467 72.54 72.617 72.696 72.779 72.863 72.951 73.04 73.132 73.226 73.321 73.418 73.517 73.618 73.72 73.824 73.929 74.035 74.143 74.252 74.363 74.475 74.588 74.702 74.818 74.934 75.052
73.661 73.639 73.607 73.566 73.513 73.451 73.38 73.304 73.227 73.153 73.085 73.028 72.984 72.956 72.946 72.954 72.98 73.02 73.068 73.254 73.193 73.035 72.888 72.747 72.611 72.486 72.375 72.28 72.199 72.133 72.082 72.044 72.018 72.004 72 72.007 72.023 72.048 72.08 72.12 72.166 72.218 72.276 72.338 72.405 72.476 72.55 72.628 72.71 72.793 72.88 72.969 73.06 73.153 73.249 73.346 73.445 73.545 73.647 73.751 73.856 73.962 74.07 74.179 74.29 74.402 74.514 74.629 74.744 74.86 74.978 75.096
73.704 73.659 73.606 73.544 73.475 73.398 73.317 73.233 73.151 73.074 73.006 72.949 72.908 72.884 72.88 72.897 72.936 72.996 73.074 73.159 73.666 73.677 73.59 72.746 72.596 72.464 72.35 72.253 72.172 72.107 72.057 72.02 71.996 71.984 71.982 71.991 72.009 72.036 72.07 72.111 72.159 72.213 72.273 72.337 72.406 72.478 72.555 72.635 72.718 72.804 72.892 72.983 73.076 73.171 73.268 73.367 73.468 73.57 73.673 73.779 73.885 73.993 74.103 74.213 74.325 74.438 74.552 74.667 74.783 74.901 75.019 75.138
73.734 73.666 73.591 73.509 73.421 73.328 73.234 73.139 73.049 72.965 72.892 72.833 72.79 72.766 72.764 72.784 72.828 72.897 72.991 73.11 73.309 73.957 73.105 72.675 72.525 72.395 72.283 72.19 72.114 72.053 72.006 71.974 71.953 71.945 71.947 71.959 71.981 72.01 72.048 72.092 72.143 72.2 72.261 72.328 72.399 72.475 72.554 72.636 72.721 72.809 72.9 72.993 73.088 73.185 73.284 73.385 73.487 73.592 73.697 73.804 73.912 74.022 74.133 74.245 74.358 74.472 74.587 74.704 74.821 74.939 75.059 75.179
73.752 73.661 73.563 73.459 73.351 73.241 73.131 73.023 72.92 72.827 72.746 72.679 72.631 72.603 72.597 72.614 72.655 72.718 72.8 72.948 72.92 74.316 72.817 72.529 72.394 72.276 72.176 72.092 72.023 71.97 71.931 71.905 71.891 71.888 71.896 71.913 71.939 71.973 72.015 72.063 72.117 72.177 72.243 72.313 72.387 72.465 72.547 72.632 72.72 72.81 72.903 72.999 73.096 73.196 73.297 73.4 73.505 73.611 73.718 73.827 73.937 74.048 74.161 74.274 74.389 74.505 74.621 74.739 74.857 74.977 75.097 75.218
73.76 73.645 73.523 73.397 73.267 73.137 73.008 72.883 72.766 72.659 72.566 72.49 72.432 72.396 72.381 72.39 72.42 72.468 72.526 73.009 72.583 72.528 72.43 72.318 72.21 72.113 72.029 71.959 71.903 71.861 71.832 71.815 71.809 71.814 71.829 71.852 71.884 71.924 71.971 72.024 72.083 72.147 72.217 72.29 72.368 72.45 72.535 72.623 72.714 72.808 72.903 73.002 73.102 73.204 73.307 73.413 73.519 73.628 73.737 73.848 73.96 74.073 74.187 74.302 74.418 74.535 74.653 74.772 74.892 75.012 75.134 75.256
73.758 73.618 73.472 73.321 73.168 73.016 72.866 72.722 72.587 72.464 72.356 72.265 72.195 72.147 72.121 72.117 72.133 72.164 72.2 72.228 72.576 73.213 72.501 72.102 72.179 71.91 71.847 71.796 71.756 71.728 71.711 71.705 71.71 71.724 71.747 71.779 71.818 71.864 71.917 71.976 72.04 72.11 72.184 72.262 72.344 72.429 72.518 72.61 72.704 72.801 72.9 73.001 73.104 73.209 73.315 73.423 73.532 73.642 73.754 73.867 73.981 74.095 74.211 74.328 74.446 74.565 74.684 74.804 74.925 75.047 75.17 75.293
73.748 73.582 73.41 73.233 73.055 72.878 72.705 72.539 72.383 72.241 72.115 72.008 71.922 71.859 71.819 71.802 71.803 71.819 71.841 71.859 71.862 71.846 71.813 71.777 71.72 71.675 71.636 71.605 71.584 71.572 71.571 71.578 71.595 71.62 71.653 71.693 71.741 71.795 71.855 71.92 71.99 72.065 72.145 72.228 72.314 72.404 72.497 72.593 72.691 72.791 72.893 72.998 73.103 73.211 73.32 73.43 73.542 73.655 73.769 73.884 74 74.117 74.234 74.353 74.472 74.593 74.714 74.835 74.958 75.081 75.204 75.328
73.731 73.537 73.337 73.134 72.929 72.725 72.527 72.336 72.156 71.991 71.844 71.718 71.615 71.535 71.481 71.449 71.438 71.443 71.457 71.472 71.481 71.481 71.471 71.454 71.434 71.416 71.401 71.393 71.392 71.398 71.413 71.435 71.465 71.502 71.546 71.597 71.654 71.716 71.784 71.857 71.934 72.015 72.1 72.189 72.28 72.375 72.472 72.572 72.674 72.778 72.884 72.992 73.101 73.211 73.323 73.436 73.551 73.666 73.782 73.899 74.017 74.136 74.256 74.376 74.498 74.619 74.742 74.865 74.989 75.113 75.238 75.363
73.705 73.484 73.256 73.023 72.79 72.558 72.331 72.113 71.908 71.718 71.547 71.399 71.275 71.179 71.109 71.064 71.043 71.04 71.05 71.067 71.086 71.102 71.113 71.122 71.129 71.137 71.148 71.163 71.183 71.208 71.24 71.279 71.323 71.374 71.43 71.492 71.559 71.63 71.707 71.787 71.872 71.96 72.051 72.145 72.243 72.342 72.444 72.549 72.655 72.763 72.872 72.984 73.096 73.21 73.325 73.441 73.558 73.675 73.794 73.914 74.034 74.155 74.277 74.399 74.522 74.645 74.769 74.894 75.019 75.145 75.271 75.397
73.673 73.423 73.165 72.903 72.639 72.377 72.121 71.873 71.638 71.42 71.223 71.051 70.906 70.79 70.705 70.649 70.619 70.613 70.624 70.647 70.819 70.711 70.745 70.778 70.811 70.845 70.88 70.919 70.96 71.006 71.057 71.112 71.172 71.236 71.305 71.379 71.456 71.538 71.623 71.712 71.804 71.9 71.998 72.098 72.201 72.307 72.414 72.523 72.633 72.745 72.859 72.974 73.09 73.207 73.325 73.444 73.563 73.684 73.805 73.927 74.05 74.173 74.296 74.421 74.545 74.671 74.796 74.922 75.049 75.176 75.303 75.431
73.634 73.354 73.067 72.774 72.479 72.186 71.897 71.617 71.35 71.101 70.875 70.676 70.507 70.372 70.271 70.204 70.246 70.203 70.293 70.315 70.357 70.398 70.962 70.424 70.483 70.542 70.603 70.665 70.729 70.795 70.864 70.937 71.012 71.091 71.174 71.26 71.349 71.441 71.536 71.633 71.734 71.836 71.941 72.049 72.158 72.268 72.381 72.495 72.61 72.726 72.844 72.963 73.082 73.203 73.324 73.446 73.568 73.692 73.815 73.94 74.065 74.19 74.316 74.442 74.568 74.695 74.823 74.95 75.078 75.207 75.335 75.464
