raw_data/humedad_relativa/hora15/rh15feb.txt
ncols         501
nrows         361
xllcorner     109.95
yllcorner     -45.05
cellsize      0.1
NODATA_value  -9999
[rows 288 to 319 of 361, columns 216 to 287 of 501]
67.681 67.698 67.717 67.736 67.756 67.777 67.799 67.822 67.846 67.871 67.897 67.924 67.953 67.983 68.014 68.046 68.079 68.113 68.148 68.184 68.221 68.259 68.297 68.335 68.373 68.41 68.447 68.483 68.517 68.55 68.579 68.605 68.628 68.645 68.657 68.662 68.659 68.648 68.628 68.596 68.552 68.494 68.422 68.334 68.229 68.106 67.964 67.802 67.619 67.415 67.19 66.943 66.675 66.387 66.078 65.751 65.405 65.042 64.663 64.27 63.863 63.446 63.018 62.581 62.137 61.687 61.233 60.775 60.315 59.853 59.392 58.932
67.861 67.88 67.9 67.921 67.943 67.965 67.988 68.012 68.037 68.063 68.09 68.119 68.148 68.178 68.209 68.241 68.274 68.308 68.342 68.377 68.413 68.449 68.485 68.521 68.557 68.592 68.626 68.658 68.689 68.717 68.742 68.764 68.781 68.793 68.8 68.8 68.792 68.775 68.749 68.712 68.663 68.601 68.525 68.434 68.327 68.202 68.06 67.899 67.719 67.519 67.299 67.06 66.8 66.522 66.225 65.91 65.578 65.23 64.868 64.491 64.103 63.703 63.294 62.877 62.452 62.022 61.588 61.15 60.71 60.27 59.829 59.389
68.036 68.057 68.078 68.101 68.123 68.147 68.171 68.197 68.223 68.249 68.277 68.306 68.335 68.366 68.397 68.429 68.461 68.495 68.529 68.563 68.597 68.632 68.666 68.7 68.733 68.765 68.796 68.826 68.853 68.877 68.898 68.915 68.928 68.936 68.937 68.932 68.919 68.898 68.867 68.825 68.772 68.706 68.627 68.534 68.425 68.3 68.158 67.999 67.822 67.626 67.412 67.179 66.929 66.66 66.374 66.072 65.753 65.42 65.073 64.713 64.341 63.959 63.568 63.17 62.764 62.353 61.938 61.52 61.1 60.68 60.259 59.84
68.206 68.228 68.251 68.274 68.299 68.323 68.349 68.375 68.402 68.429 68.458 68.487 68.516 68.547 68.578 68.61 68.642 68.674 68.707 68.74 68.774 68.806 68.839 68.871 68.902 68.931 68.96 68.986 69.009 69.03 69.047 69.061 69.069 69.072 69.07 69.06 69.043 69.017 68.982 68.936 68.88 68.811 68.73 68.634 68.525 68.4 68.259 68.101 67.927 67.736 67.528 67.302 67.06 66.801 66.526 66.235 65.929 65.61 65.278 64.933 64.578 64.214 63.84 63.459 63.072 62.68 62.284 61.885 61.485 61.084 60.683 60.284
68.371 68.394 68.418 68.443 68.468 68.494 68.52 68.547 68.575 68.603 68.632 68.661 68.691 68.721 68.752 68.784 68.815 68.847 68.879 68.911 68.943 68.974 69.005 69.035 69.063 69.091 69.116 69.139 69.159 69.177 69.19 69.2 69.205 69.204 69.197 69.183 69.162 69.133 69.094 69.045 68.986 68.915 68.832 68.735 68.625 68.5 68.361 68.206 68.035 67.849 67.646 67.428 67.193 66.944 66.679 66.4 66.107 65.801 65.483 65.154 64.814 64.466 64.109 63.746 63.377 63.003 62.626 62.245 61.864 61.482 61.101 60.721
68.531 68.555 68.581 68.606 68.632 68.659 68.686 68.714 68.742 68.77 68.8 68.829 68.859 68.89 68.92 68.951 68.982 69.013 69.044 69.075 69.105 69.135 69.164 69.192 69.218 69.243 69.266 69.286 69.304 69.318 69.328 69.334 69.335 69.331 69.321 69.303 69.279 69.246 69.204 69.153 69.091 69.018 68.933 68.836 68.726 68.603 68.465 68.313 68.146 67.964 67.767 67.556 67.329 67.089 66.834 66.566 66.285 65.992 65.688 65.373 65.049 64.717 64.376 64.03 63.678 63.322 62.962 62.6 62.237 61.874 61.511 61.151
68.686 68.712 68.738 68.764 68.791 68.819 68.847 68.875 68.903 68.932 68.962 68.991 69.021 69.052 69.082 69.112 69.143 69.173 69.203 69.233 69.262 69.29 69.317 69.343 69.367 69.39 69.41 69.427 69.442 69.453 69.461 69.464 69.462 69.454 69.44 69.42 69.392 69.357 69.312 69.259 69.195 69.121 69.035 68.938 68.829 68.706 68.57 68.421 68.258 68.081 67.89 67.685 67.467 67.235 66.99 66.733 66.464 66.184 65.893 65.592 65.283 64.965 64.641 64.311 63.975 63.636 63.294 62.95 62.605 62.259 61.915 61.573
68.836 68.863 68.89 68.918 68.945 68.973 69.002 69.03 69.059 69.089 69.118 69.148 69.178 69.208 69.238 69.268 69.297 69.327 69.356 69.384 69.412 69.439 69.464 69.488 69.51 69.53 69.548 69.563 69.575 69.584 69.588 69.589 69.584 69.573 69.557 69.534 69.504 69.466 69.419 69.364 69.299 69.223 69.138 69.04 68.932 68.811 68.677 68.531 68.372 68.2 68.015 67.817 67.607 67.383 67.148 66.901 66.643 66.375 66.097 65.81 65.515 65.212 64.903 64.588 64.269 63.946 63.621 63.294 62.966 62.639 62.312 61.988
68.982 69.01 69.038 69.066 69.094 69.123 69.152 69.181 69.21 69.24 69.269 69.299 69.329 69.358 69.388 69.417 69.446 69.475 69.503 69.53 69.556 69.581 69.605 69.627 69.648 69.666 69.682 69.694 69.704 69.71 69.712 69.709 69.702 69.689 69.67 69.645 69.612 69.572 69.524 69.467 69.401 69.326 69.24 69.143 69.035 68.916 68.786 68.643 68.488 68.321 68.142 67.951 67.748 67.533 67.307 67.07 66.823 66.566 66.301 66.027 65.745 65.457 65.162 64.863 64.559 64.252 63.943 63.633 63.322 63.011 62.702 62.395
69.123 69.152 69.181 69.209 69.238 69.268 69.297 69.326 69.356 69.385 69.415 69.445 69.474 69.503 69.533 69.561 69.59 69.617 69.644 69.67 69.695 69.719 69.741 69.762 69.78 69.797 69.81 69.821 69.828 69.832 69.832 69.827 69.817 69.802 69.781 69.753 69.719 69.677 69.628 69.57 69.503 69.428 69.342 69.246 69.14 69.023 68.895 68.756 68.605 68.443 68.27 68.085 67.89 67.683 67.466 67.239 67.003 66.758 66.504 66.242 65.974 65.699 65.419 65.134 64.845 64.554 64.26 63.966 63.671 63.377 63.084 62.794
69.26 69.29 69.319 69.348 69.378 69.408 69.437 69.467 69.497 69.526 69.556 69.585 69.614 69.643 69.672 69.7 69.728 69.755 69.781 69.806 69.829 69.852 69.872 69.891 69.908 69.922 69.934 69.943 69.948 69.95 69.947 69.941 69.929 69.912 69.889 69.86 69.824 69.781 69.73 69.672 69.605 69.529 69.444 69.349 69.245 69.13 69.005 68.87 68.723 68.566 68.399 68.221 68.033 67.834 67.626 67.409 67.183 66.948 66.706 66.456 66.2 65.939 65.672 65.401 65.127 64.851 64.572 64.293 64.014 63.736 63.459 63.185
69.393 69.423 69.453 69.483 69.513 69.543 69.573 69.603 69.633 69.662 69.692 69.721 69.75 69.779 69.807 69.834 69.861 69.887 69.912 69.936 69.958 69.979 69.999 70.016 70.031 70.044 70.054 70.061 70.064 70.064 70.06 70.051 70.038 70.019 69.994 69.964 69.927 69.883 69.832 69.773 69.706 69.631 69.546 69.453 69.35 69.238 69.116 68.984 68.842 68.691 68.529 68.357 68.176 67.986 67.786 67.578 67.362 67.138 66.906 66.669 66.425 66.176 65.922 65.665 65.405 65.143 64.879 64.614 64.35 64.087 63.826 63.568
69.522 69.552 69.583 69.613 69.644 69.674 69.704 69.734 69.764 69.794 69.823 69.852 69.881 69.909 69.936 69.963 69.989 70.015 70.039 70.062 70.083 70.103 70.121 70.137 70.15 70.162 70.17 70.175 70.177 70.175 70.169 70.159 70.144 70.124 70.098 70.066 70.028 69.984 69.932 69.873 69.806 69.732 69.648 69.557 69.456 69.346 69.228 69.1 68.962 68.815 68.659 68.494 68.32 68.137 67.946 67.747 67.54 67.326 67.106 66.879 66.647 66.41 66.169 65.925 65.678 65.43 65.18 64.93 64.68 64.432 64.185 63.942
69.646 69.677 69.708 69.739 69.77 69.8 69.831 69.861 69.891 69.92 69.95 69.979 70.007 70.035 70.062 70.088 70.113 70.138 70.161 70.183 70.203 70.222 70.239 70.253 70.265 70.275 70.282 70.286 70.286 70.283 70.276 70.264 70.247 70.226 70.199 70.167 70.128 70.083 70.031 69.972 69.906 69.832 69.75 69.66 69.562 69.455 69.34 69.215 69.082 68.941 68.79 68.631 68.464 68.289 68.106 67.915 67.718 67.513 67.303 67.087 66.867 66.642 66.413 66.181 65.947 65.712 65.475 65.239 65.003 64.769 64.537 64.308
69.767 69.799 69.83 69.861 69.892 69.923 69.953 69.984 70.014 70.043 70.072 70.101 70.129 70.156 70.183 70.208 70.233 70.257 70.279 70.3 70.319 70.337 70.352 70.366 70.377 70.385 70.391 70.393 70.392 70.388 70.379 70.366 70.349 70.326 70.299 70.265 70.226 70.181 70.129 70.071 70.005 69.933 69.852 69.764 69.668 69.564 69.452 69.331 69.203 69.066 68.921 68.768 68.608 68.44 68.265 68.083 67.894 67.699 67.499 67.294 67.084 66.87 66.653 66.433 66.211 65.988 65.765 65.541 65.319 65.098 64.88 64.664
69.884 69.916 69.948 69.979 70.01 70.041 70.072 70.102 70.132 70.162 70.19 70.219 70.246 70.273 70.299 70.324 70.348 70.371 70.393 70.413 70.431 70.448 70.462 70.475 70.485 70.492 70.496 70.498 70.495 70.49 70.48 70.466 70.448 70.424 70.396 70.363 70.323 70.278 70.227 70.169 70.104 70.032 69.954 69.867 69.774 69.673 69.564 69.448 69.323 69.192 69.052 68.905 68.751 68.59 68.423 68.249 68.069 67.883 67.693 67.497 67.298 67.095 66.889 66.681 66.471 66.26 66.049 65.838 65.628 65.42 65.214 65.012
69.997 70.03 70.062 70.093 70.125 70.156 70.187 70.217 70.247 70.276 70.305 70.333 70.36 70.387 70.412 70.437 70.46 70.482 70.503 70.522 70.54 70.555 70.569 70.58 70.589 70.595 70.599 70.599 70.596 70.589 70.578 70.564 70.545 70.521 70.492 70.458 70.419 70.374 70.323 70.266 70.202 70.132 70.055 69.971 69.88 69.781 69.676 69.564 69.444 69.317 69.183 69.042 68.894 68.74 68.58 68.414 68.242 68.065 67.884 67.698 67.509 67.316 67.121 66.924 66.725 66.526 66.326 66.128 65.93 65.734 65.541 65.351
70.107 70.14 70.172 70.204 70.236 70.267 70.297 70.328 70.358 70.387 70.415 70.443 70.47 70.496 70.521 70.545 70.568 70.589 70.609 70.628 70.645 70.659 70.672 70.682 70.69 70.696 70.698 70.697 70.693 70.686 70.675 70.659 70.639 70.615 70.586 70.552 70.513 70.468 70.418 70.362 70.299 70.23 70.155 70.073 69.985 69.89 69.788 69.679 69.564 69.442 69.313 69.178 69.037 68.889 68.736 68.578 68.414 68.246 68.073 67.896 67.717 67.534 67.349 67.162 66.975 66.786 66.598 66.411 66.224 66.04 65.859 65.681
70.213 70.246 70.279 70.311 70.343 70.374 70.405 70.435 70.465 70.494 70.522 70.549 70.576 70.602 70.626 70.65 70.672 70.693 70.712 70.73 70.746 70.76 70.772 70.781 70.789 70.793 70.795 70.793 70.789 70.78 70.768 70.752 70.732 70.708 70.679 70.645 70.606 70.562 70.512 70.457 70.396 70.328 70.255 70.176 70.09 69.998 69.899 69.795 69.683 69.566 69.443 69.313 69.178 69.037 68.891 68.739 68.584 68.423 68.259 68.092 67.921 67.748 67.573 67.396 67.219 67.041 66.864 66.687 66.512 66.339 66.169 66.002
70.316 70.349 70.382 70.414 70.446 70.478 70.508 70.539 70.568 70.597 70.625 70.652 70.679 70.704 70.728 70.751 70.773 70.793 70.812 70.829 70.844 70.858 70.869 70.878 70.884 70.888 70.889 70.887 70.881 70.872 70.86 70.844 70.824 70.799 70.77 70.736 70.698 70.654 70.605 70.551 70.491 70.426 70.354 70.277 70.194 70.105 70.01 69.909 69.802 69.69 69.571 69.447 69.318 69.183 69.044 68.9 68.751 68.599 68.443 68.284 68.122 67.958 67.792 67.625 67.458 67.29 67.123 66.956 66.792 66.629 66.47 66.314
70.415 70.449 70.482 70.514 70.546 70.578 70.609 70.639 70.668 70.697 70.725 70.752 70.778 70.803 70.827 70.849 70.87 70.89 70.908 70.925 70.939 70.952 70.963 70.971 70.977 70.98 70.98 70.977 70.972 70.962 70.95 70.933 70.913 70.888 70.859 70.826 70.788 70.745 70.697 70.644 70.586 70.522 70.453 70.378 70.298 70.212 70.12 70.023 69.921 69.812 69.699 69.58 69.456 69.328 69.195 69.058 68.916 68.772 68.623 68.473 68.319 68.164 68.007 67.849 67.691 67.533 67.376 67.219 67.064 66.912 66.763 66.617
70.512 70.546 70.579 70.611 70.643 70.675 70.706 70.736 70.765 70.794 70.821 70.848 70.874 70.898 70.922 70.944 70.965 70.984 71.002 71.018 71.032 71.044 71.054 71.061 71.067 71.069 71.069 71.066 71.06 71.05 71.037 71.021 71 70.976 70.947 70.914 70.877 70.835 70.788 70.736 70.68 70.618 70.551 70.479 70.401 70.318 70.23 70.136 70.038 69.934 69.825 69.712 69.594 69.471 69.344 69.213 69.079 68.942 68.801 68.658 68.513 68.366 68.218 68.069 67.919 67.77 67.622 67.475 67.33 67.187 67.047 66.91
70.605 70.639 70.672 70.705 70.737 70.769 70.799 70.83 70.859 70.887 70.915 70.941 70.967 70.991 71.014 71.036 71.056 71.075 71.092 71.108 71.121 71.133 71.142 71.149 71.154 71.156 71.156 71.152 71.146 71.136 71.123 71.107 71.086 71.062 71.034 71.001 70.965 70.924 70.878 70.828 70.773 70.713 70.648 70.578 70.503 70.423 70.338 70.248 70.154 70.054 69.95 69.842 69.729 69.612 69.491 69.367 69.239 69.109 68.975 68.84 68.702 68.563 68.423 68.283 68.142 68.001 67.862 67.724 67.587 67.453 67.322 67.195
70.695 70.73 70.763 70.796 70.828 70.859 70.89 70.92 70.949 70.978 71.005 71.031 71.056 71.08 71.103 71.125 71.145 71.163 71.18 71.195 71.208 71.219 71.228 71.235 71.239 71.241 71.24 71.237 71.23 71.22 71.207 71.19 71.17 71.147 71.119 71.087 71.051 71.011 70.967 70.918 70.864 70.806 70.743 70.676 70.604 70.527 70.446 70.359 70.269 70.174 70.074 69.971 69.863 69.751 69.637 69.518 69.397 69.273 69.146 69.018 68.888 68.756 68.624 68.491 68.359 68.227 68.095 67.965 67.838 67.712 67.59 67.47
70.783 70.817 70.851 70.884 70.916 70.947 70.978 71.008 71.037 71.065 71.092 71.118 71.143 71.167 71.189 71.211 71.23 71.248 71.265 71.279 71.292 71.303 71.312 71.318 71.322 71.324 71.323 71.319 71.312 71.302 71.289 71.273 71.253 71.229 71.202 71.171 71.136 71.097 71.054 71.007 70.955 70.899 70.838 70.773 70.704 70.63 70.552 70.469 70.382 70.291 70.196 70.097 69.995 69.889 69.779 69.667 69.552 69.434 69.314 69.192 69.069 68.945 68.82 68.695 68.57 68.446 68.322 68.2 68.08 67.963 67.848 67.737
70.868 70.902 70.936 70.969 71.001 71.032 71.063 71.093 71.122 71.15 71.177 71.203 71.227 71.251 71.273 71.294 71.313 71.331 71.347 71.361 71.374 71.384 71.393 71.399 71.403 71.404 71.403 71.399 71.392 71.382 71.369 71.353 71.334 71.311 71.284 71.254 71.22 71.182 71.14 71.094 71.044 70.99 70.932 70.869 70.803 70.732 70.657 70.577 70.494 70.407 70.317 70.222 70.125 70.024 69.92 69.813 69.703 69.592 69.478 69.363 69.247 69.129 69.011 68.894 68.776 68.659 68.543 68.428 68.316 68.206 68.099 67.995
70.949 70.984 71.018 71.051 71.083 71.114 71.145 71.175 71.204 71.232 71.258 71.284 71.309 71.332 71.354 71.374 71.393 71.411 71.427 71.441 71.453 71.463 71.471 71.477 71.481 71.482 71.481 71.477 71.47 71.461 71.448 71.432 71.413 71.391 71.365 71.336 71.303 71.266 71.225 71.181 71.133 71.08 71.024 70.964 70.9 70.832 70.76 70.684 70.605 70.522 70.435 70.345 70.252 70.156 70.057 69.956 69.852 69.746 69.639 69.53 69.42 69.309 69.198 69.087 68.976 68.866 68.757 68.649 68.544 68.441 68.341 68.244
71.029 71.063 71.097 71.13 71.163 71.194 71.225 71.254 71.283 71.311 71.337 71.363 71.387 71.41 71.432 71.452 71.471 71.489 71.504 71.518 71.53 71.54 71.548 71.554 71.557 71.559 71.557 71.553 71.547 71.537 71.525 71.509 71.491 71.469 71.444 71.416 71.384 71.348 71.309 71.266 71.22 71.169 71.115 71.058 70.996 70.931 70.862 70.79 70.714 70.635 70.552 70.466 70.378 70.286 70.192 70.096 69.998 69.897 69.796 69.693 69.589 69.484 69.379 69.274 69.17 69.067 68.964 68.864 68.765 68.669 68.575 68.485
71.105 71.14 71.174 71.207 71.239 71.271 71.301 71.331 71.36 71.387 71.414 71.439 71.464 71.486 71.508 71.528 71.547 71.564 71.579 71.593 71.605 71.615 71.622 71.628 71.632 71.633 71.632 71.628 71.621 71.612 71.6 71.585 71.567 71.546 71.522 71.494 71.463 71.429 71.391 71.35 71.305 71.257 71.205 71.15 71.091 71.028 70.963 70.893 70.821 70.745 70.667 70.585 70.501 70.414 70.325 70.233 70.14 70.045 69.949 69.852 69.753 69.655 69.556 69.457 69.359 69.262 69.165 69.071 68.979 68.888 68.801 68.717
71.18 71.214 71.248 71.282 71.314 71.345 71.376 71.405 71.434 71.462 71.488 71.513 71.537 71.56 71.581 71.601 71.62 71.637 71.652 71.666 71.677 71.687 71.695 71.7 71.704 71.705 71.704 71.7 71.694 71.685 71.674 71.659 71.642 71.621 71.598 71.571 71.542 71.509 71.472 71.433 71.39 71.343 71.294 71.24 71.184 71.124 71.061 70.995 70.926 70.854 70.779 70.702 70.621 70.539 70.454 70.368 70.279 70.189 70.098 70.006 69.914 69.82 69.727 69.634 69.542 69.45 69.36 69.272 69.185 69.101 69.019 68.941
71.252 71.286 71.32 71.354 71.386 71.417 71.448 71.477 71.506 71.533 71.56 71.585 71.609 71.631 71.653 71.673 71.691 71.708 71.723 71.736 71.748 71.757 71.765 71.771 71.774 71.776 71.775 71.771 71.765 71.757 71.746 71.732 71.715 71.695 71.673 71.647 71.618 71.587 71.552 71.514 71.472 71.428 71.38 71.33 71.276 71.219 71.159 71.096 71.03 70.961 70.89 70.816 70.74 70.661 70.581 70.499 70.415 70.33 70.244 70.157 70.069 69.982 69.894 69.806 69.719 69.633 69.549 69.466 69.385 69.306 69.229 69.156
71.321 71.356 71.39 71.423 71.456 71.487 71.517 71.547 71.575 71.603 71.629 71.654 71.678 71.7 71.722 71.741 71.76 71.776 71.791 71.805 71.816 71.826 71.834 71.839 71.843 71.844 71.843 71.84 71.835 71.827 71.816 71.802 71.786 71.768 71.746 71.721 71.694 71.663 71.63 71.593 71.554 71.511 71.466 71.417 71.366 71.311 71.254 71.194 71.131 71.066 70.998 70.928 70.855 70.781 70.705 70.627 70.548 70.467 70.386 70.304 70.221 70.138 70.055 69.973 69.891 69.81 69.731 69.653 69.577 69.503 69.432 69.364
