raw_data/humedad_relativa/hora15/rh15apr.txt
ncols         501
nrows         361
xllcorner     109.95
yllcorner     -45.05
cellsize      0.1
NODATA_value  -9999
[rows 160 to 191 of 361, columns 144 to 215 of 501]
26.451 26.421 26.394 26.369 26.311 26.306 26.218 26.17 26.203 26.219 26.18 26.11 26.046 26.066 26.051 25.978 25.936 25.956 25.93 25.799 25.675 25.594 25.623 25.502 25.51 25.555 25.52 25.467 25.391 25.316 25.248 25.169 25.086 25.022 24.938 24.843 24.738 24.541 24.372 24.158 24.414 24.522 24.561 24.564 24.614 24.503 24.48 24.63 24.645 24.725 24.831 24.862 24.943 24.987 25.04 25.115 25.185 25.248 25.309 25.377 25.435 25.44 25.436 25.595 25.646 25.717 25.76 25.798 25.831 25.866 25.896 25.926
26.521 26.508 26.515 26.492 26.477 26.399 26.334 26.28 26.323 26.299 26.327 26.253 26.191 26.212 26.157 26.141 26.098 26.069 26.048 25.916 25.835 25.764 25.666 25.614 25.629 25.688 25.635 25.561 25.417 25.396 25.329 25.248 25.166 25.113 25.053 24.938 24.845 24.755 24.681 24.609 24.579 24.632 24.659 24.698 24.732 24.704 24.706 24.742 24.782 24.849 24.916 24.939 25.019 25.075 25.14 25.216 25.288 25.346 25.416 25.483 25.544 25.591 25.635 25.704 25.751 25.827 25.88 25.915 25.946 25.981 26.014 26.039
26.598 26.632 26.611 26.621 26.58 26.555 26.446 26.44 26.454 26.465 26.437 26.43 26.331 26.371 26.276 26.271 26.261 26.227 26.121 26.016 26.003 25.921 25.807 25.791 25.796 25.799 25.742 25.652 25.501 25.468 25.402 25.339 25.265 25.209 25.177 25.089 24.986 24.936 24.881 24.811 24.788 24.812 24.824 24.816 24.839 24.855 24.865 24.869 24.898 24.963 25.018 25.043 25.079 25.124 25.182 25.236 25.391 25.466 25.538 25.603 25.662 25.714 25.743 25.82 25.825 25.896 25.993 26.03 26.057 26.095 26.128 26.169
26.688 26.726 26.732 26.74 26.692 26.637 26.561 26.538 26.561 26.604 26.537 26.57 26.521 26.501 26.464 26.376 26.395 26.326 26.291 26.208 26.159 26.031 25.942 25.947 25.952 25.928 25.848 25.761 25.661 25.558 25.482 25.413 25.337 25.302 25.292 25.267 25.193 25.138 25.078 25.031 25.015 25.011 25.01 25.002 24.99 24.998 25.01 25.027 25.061 25.135 25.179 25.2 25.205 25.22 25.279 25.351 25.508 25.576 25.659 25.723 25.78 25.83 25.86 25.855 25.767 26.053 26.1 26.133 26.164 26.196 26.238 26.28
26.776 26.846 26.873 26.859 26.824 26.769 26.758 26.66 26.704 26.726 26.717 26.671 26.683 26.602 26.602 26.576 26.509 26.429 26.34 26.331 26.262 26.187 26.1 26.058 26.078 26.052 25.964 25.863 25.772 25.687 25.621 25.558 25.482 25.46 25.453 25.437 25.37 25.332 25.289 25.247 25.223 25.211 25.204 25.192 25.172 25.188 25.218 25.237 25.256 25.317 25.359 25.371 25.395 25.422 25.472 25.557 25.6 25.713 25.758 25.86 25.909 25.909 25.98 26.043 26.1 26.161 25.967 26.233 26.263 26.304 26.341 26.374
26.915 26.982 26.972 26.999 26.962 26.931 26.902 26.793 26.81 26.795 26.84 26.847 26.797 26.802 26.764 26.699 26.635 26.523 26.49 26.479 26.43 26.362 26.27 26.195 26.183 26.202 26.101 25.968 25.889 25.86 25.827 25.769 25.689 25.671 25.654 25.62 25.58 25.524 25.492 25.469 25.437 25.411 25.402 25.39 25.384 25.408 25.442 25.464 25.483 25.532 25.531 25.552 25.596 25.608 25.624 25.673 25.739 25.747 25.315 25.967 26.046 25.964 26.074 26.137 26.195 26.234 26.268 26.353 26.377 26.405 26.434 26.462
27.08 27.112 27.114 27.107 27.11 27.056 27.054 26.976 26.981 26.95 26.915 26.93 26.925 26.951 26.894 26.803 26.727 26.659 26.638 26.614 26.583 26.553 26.471 26.353 26.326 26.352 26.258 26.136 26.063 26.068 26.051 25.979 25.903 25.883 25.857 25.783 25.717 25.673 25.607 25.649 25.66 25.626 25.623 25.604 25.606 25.641 25.664 25.678 25.707 25.726 25.73 25.757 25.79 25.801 25.823 25.872 25.929 26.017 25.728 25.834 26.189 26.107 26.089 26.193 26.309 26.364 26.401 26.447 26.497 26.501 26.529 26.549
27.263 27.215 27.229 27.236 27.276 27.222 27.205 27.2 27.112 27.081 27.107 27.091 27.113 27.103 27.049 26.939 26.898 26.841 26.745 26.744 26.735 26.697 26.606 26.509 26.507 26.512 26.421 26.322 26.276 26.281 26.26 26.205 26.138 26.102 26.05 25.971 25.907 25.867 25.789 25.861 25.859 25.864 25.872 25.827 25.726 25.879 25.907 25.911 25.919 25.928 25.971 25.997 26.001 26.033 26.062 26.094 26.109 26.192 26.194 26.258 26.288 26.248 26.313 26.274 26.261 26.382 26.513 26.391 26.584 26.595 26.593 26.614
27.436 27.392 27.371 27.365 27.411 27.398 27.402 27.291 27.288 27.295 27.269 27.272 27.301 27.251 27.198 27.096 26.987 27.029 26.975 26.888 26.858 26.837 26.736 26.657 26.673 26.683 26.597 26.464 26.483 26.504 26.445 26.364 26.325 26.327 26.261 26.214 26.172 26.13 26.129 26.103 25.9 25.845 25.94 26.079 25.961 25.902 26.005 26.113 26.138 26.155 26.17 26.141 26.205 26.207 26.238 26.252 26.284 26.31 26.359 26.372 26.379 26.357 26.212 26.277 26.536 26.553 26.567 26.577 26.693 26.631 26.48 26.625
27.581 27.532 27.535 27.538 27.592 27.593 27.582 27.516 27.48 27.477 27.468 27.481 27.432 27.347 27.292 27.206 27.204 27.162 27.194 27.137 27.098 27.031 26.901 26.821 26.818 26.844 26.796 26.712 26.721 26.71 26.613 26.444 26.519 26.547 26.502 26.453 26.311 26.272 26.386 26.355 26.333 26.318 26.283 26.274 26.281 26.155 26.243 26.284 26.295 26.292 25.956 26.031 26.381 26.324 26.392 26.388 26.403 26.449 26.517 26.564 26.607 26.623 26.627 26.468 26.599 26.487 26.632 26.647 26.704 26.784 26.741 26.731
27.747 27.747 27.708 27.679 27.688 27.688 27.702 27.732 27.712 27.688 27.649 27.597 27.563 27.47 27.432 27.464 27.412 27.383 27.363 27.315 27.276 27.217 27.154 27.061 27.033 27.038 26.987 26.907 26.941 26.934 26.842 26.713 26.79 26.788 26.749 26.72 26.698 26.422 26.62 26.55 26.579 26.323 25.894 26.503 26.44 26.471 26.467 26.484 26.507 26.45 26.476 26.504 26.431 26.045 26.518 26.431 26.493 26.357 26.329 26.743 26.778 26.825 26.829 26.841 26.851 26.859 26.708 26.622 26.862 26.853 26.841 26.809
27.897 27.951 27.89 27.842 27.923 27.94 27.92 27.899 27.85 27.835 27.755 27.717 27.662 27.676 27.577 27.558 27.546 27.56 27.56 27.509 27.453 27.458 27.411 27.297 27.281 27.258 27.137 27.048 27.177 27.152 27.05 27.02 27.041 27.043 27.01 26.964 26.922 26.882 26.848 26.779 26.815 26.822 26.697 26.771 26.665 26.478 26.672 26.691 26.649 26.574 26.608 26.69 26.757 26.75 26.77 26.519 26.81 26.73 26.52 26.746 26.948 27.018 27.015 27.008 26.935 26.909 26.836 26.885 26.978 26.971 26.899 26.894
28.069 28.132 28.135 28.134 28.122 28.071 28.014 27.995 27.975 27.946 27.932 27.89 27.855 27.887 27.785 27.754 27.753 27.717 27.749 27.734 27.65 27.703 27.633 27.518 27.499 27.484 27.442 27.383 27.441 27.4 27.198 27.194 27.302 27.29 27.261 26.991 27.006 27.082 27.029 26.999 27.052 27.119 27.084 27.007 26.967 26.885 26.904 26.959 26.9 26.739 26.949 26.983 27.01 27.002 26.981 26.955 27.013 27.072 27.13 27.175 27.188 27.226 27.187 27.158 27.095 27.014 27.034 27.113 27.026 26.894 26.899 26.925
28.286 28.289 28.221 28.203 28.201 28.172 28.184 28.205 28.148 28.167 28.16 28.053 28.039 28.082 28.027 27.948 27.992 27.912 27.962 27.985 27.981 27.942 27.863 27.789 27.699 27.731 27.72 27.715 27.604 27.649 27.589 27.555 27.564 27.594 27.51 27.411 27.346 27.291 27.252 27.233 27.27 27.348 27.371 27.328 27.301 27.269 27.251 27.277 27.292 27.226 27.257 27.266 27.281 27.258 27.193 27.11 27.135 27.211 27.327 27.377 27.398 27.43 27.444 27.417 27.215 27.266 27.229 27.327 27.312 27.238 27.173 27.107
28.513 28.476 28.439 28.393 28.38 28.371 28.37 28.401 28.359 28.365 28.344 28.281 28.232 28.284 28.286 28.276 28.217 28.234 28.106 28.142 28.201 28.178 28.081 27.98 27.848 27.902 27.966 27.967 27.932 27.917 27.877 27.853 27.836 27.832 27.726 27.662 27.579 27.533 27.529 27.506 27.517 27.546 27.639 27.6 27.574 27.57 27.533 27.557 27.566 27.551 27.543 27.527 27.515 27.509 27.48 27.476 27.427 27.474 27.533 27.563 27.616 27.649 27.643 27.656 27.554 27.551 27.479 27.464 27.528 27.49 27.441 27.402
28.656 28.64 28.605 28.597 28.591 28.57 28.562 28.579 28.54 28.599 28.51 28.492 28.459 28.406 28.458 28.498 28.438 28.421 28.415 28.443 28.431 28.334 28.181 28.186 28.131 28.209 28.229 28.216 28.195 28.179 28.154 28.116 28.109 28.122 27.988 27.924 27.845 27.803 27.812 27.787 27.82 27.853 27.885 27.868 27.841 27.843 27.82 27.828 27.816 27.795 27.782 27.775 27.761 27.744 27.75 27.698 27.734 27.742 27.75 27.719 27.802 27.849 27.882 27.857 27.828 27.795 27.762 27.728 27.738 27.695 27.646 27.574
28.796 28.797 28.794 28.8 28.796 28.792 28.779 28.784 28.784 28.829 28.731 28.714 28.631 28.701 28.707 28.69 28.726 28.711 28.701 28.661 28.643 28.531 28.388 28.415 28.48 28.43 28.44 28.453 28.452 28.433 28.404 28.341 28.319 28.293 28.249 28.21 28.138 28.082 28.1 28.093 28.108 28.142 28.145 28.141 28.126 28.105 28.096 28.093 28.071 28.064 28.046 28.052 28.037 28.02 27.97 28 27.98 28.007 28.022 28.014 28.014 28.044 28.1 28.106 27.984 28.052 28.02 27.866 27.956 27.883 27.811 27.731
29.044 29.007 28.978 28.978 28.993 28.996 28.98 28.963 28.997 29.011 29.037 28.971 28.915 28.884 28.89 28.985 29.004 28.969 28.89 28.879 28.832 28.701 28.659 28.632 28.636 28.672 28.646 28.681 28.671 28.667 28.661 28.614 28.606 28.584 28.539 28.507 28.449 28.399 28.41 28.392 28.398 28.429 28.419 28.408 28.395 28.38 28.377 28.338 28.302 28.303 28.303 28.311 28.277 28.268 28.24 28.26 28.284 28.264 28.276 28.263 28.264 28.321 28.313 28.334 28.256 28.297 28.262 28.209 28.162 28.113 28.036 27.974
29.265 29.198 29.181 29.192 29.21 29.225 29.209 29.199 29.21 29.208 29.234 29.263 29.182 29.147 29.124 29.186 29.254 29.228 29.213 29.132 28.968 28.958 28.907 28.895 28.856 28.859 28.859 28.906 28.822 28.834 28.883 28.887 28.88 28.892 28.841 28.777 28.724 28.685 28.678 28.614 28.643 28.682 28.689 28.665 28.656 28.636 28.603 28.561 28.534 28.524 28.485 28.487 28.488 28.552 28.494 28.532 28.531 28.485 28.523 28.544 28.567 28.547 28.539 28.568 28.551 28.513 28.487 28.443 28.385 28.333 28.284 28.194
29.485 29.414 29.404 29.417 29.441 29.464 29.467 29.421 29.43 29.439 29.461 29.509 29.444 29.364 29.395 29.455 29.431 29.479 29.426 29.289 29.24 29.199 29.19 29.221 29.103 29.05 29.11 29.094 29.004 28.985 29.084 29.142 29.108 29.124 29.13 29.022 28.955 28.883 28.843 28.837 28.877 28.923 28.96 28.94 28.919 28.905 28.746 28.852 28.837 28.774 28.762 28.779 28.808 28.807 28.793 28.792 28.791 28.77 28.761 28.804 28.832 28.824 28.795 28.792 28.787 28.754 28.687 28.618 28.585 28.555 28.498 28.375
29.751 29.69 29.639 29.645 29.663 29.649 29.662 29.664 29.694 29.713 29.765 29.732 29.75 29.68 29.629 29.685 29.644 29.658 29.662 29.489 29.481 29.455 29.482 29.476 29.44 29.31 29.316 29.261 29.227 29.311 29.279 29.328 29.364 29.407 29.343 29.273 29.204 29.09 29.14 29.147 29.072 29.141 29.209 29.236 29.236 29.205 29.165 29.147 29.087 29.057 29.047 29.053 29.03 29.061 28.984 28.95 29.007 29.047 29.029 29.051 29.082 29.073 29.06 29.004 29.029 29.005 28.922 28.874 28.768 28.792 28.715 28.631
29.983 29.959 29.944 29.892 29.896 29.915 29.892 29.912 29.933 29.936 29.94 29.951 30.014 29.946 29.908 29.908 29.923 29.976 29.93 29.848 29.757 29.734 29.718 29.671 29.75 29.698 29.56 29.561 29.557 29.559 29.505 29.525 29.541 29.671 29.612 29.501 29.426 29.336 29.39 29.396 29.447 29.422 29.449 29.503 29.515 29.483 29.471 29.413 29.374 29.339 29.372 29.322 29.324 29.263 29.256 29.271 29.299 29.342 29.358 29.369 29.362 29.324 29.278 29.242 29.225 29.235 29.218 29.16 29.114 29.06 28.971 28.872
30.22 30.132 30.11 30.135 30.126 30.178 30.182 30.14 30.245 30.19 30.219 30.275 30.291 30.264 30.197 30.163 30.134 30.162 30.195 30.183 30.088 29.974 29.931 29.933 29.957 30.048 29.968 29.876 29.889 29.884 29.845 29.888 29.905 29.928 29.872 29.776 29.726 29.609 29.596 29.602 29.708 29.705 29.727 29.792 29.795 29.747 29.715 29.724 29.643 29.678 29.656 29.621 29.622 29.594 29.597 29.544 29.59 29.642 29.659 29.669 29.627 29.566 29.501 29.508 29.475 29.493 29.464 29.432 29.381 29.308 29.219 29.137
30.46 30.418 30.364 30.386 30.392 30.401 30.443 30.407 30.452 30.51 30.575 30.562 30.527 30.578 30.458 30.403 30.4 30.394 30.426 30.469 30.364 30.253 30.243 30.236 30.249 30.252 30.33 30.246 30.155 30.26 30.196 30.191 30.238 30.187 30.092 30.03 30.034 29.951 29.928 29.953 30.013 30.049 30.067 30.089 30.076 30.038 30.016 30.016 29.772 29.982 29.957 29.962 29.942 29.939 29.922 29.91 29.885 29.927 29.969 29.947 29.894 29.813 29.796 29.754 29.756 29.772 29.738 29.7 29.649 29.592 29.48 29.344
30.646 30.586 30.598 30.63 30.656 30.669 30.718 30.652 30.694 30.763 30.828 30.836 30.795 30.862 30.791 30.697 30.672 30.698 30.789 30.706 30.607 30.521 30.532 30.528 30.558 30.577 30.483 30.542 30.601 30.582 30.557 30.551 30.543 30.506 30.389 30.272 30.344 30.294 30.21 30.206 30.215 30.289 30.345 30.38 30.364 30.365 30.349 30.334 30.297 30.273 30.247 30.263 30.255 30.264 30.257 30.241 30.266 30.265 30.193 29.99 30.15 30.077 30.09 30.093 30.064 30.03 30.014 29.98 29.928 29.857 29.753 29.662
30.855 30.834 30.859 30.896 30.928 30.961 30.971 30.965 30.974 31.021 31.12 31.172 31.154 31.131 31.103 31.05 30.991 31.08 31.032 30.908 30.826 30.812 30.807 30.78 30.769 30.829 30.737 30.715 30.753 30.785 30.836 30.871 30.806 30.698 30.589 30.527 30.628 30.605 30.518 30.519 30.469 30.506 30.596 30.668 30.633 30.658 30.616 30.627 30.604 30.59 30.557 30.532 30.558 30.579 30.58 30.584 30.58 30.571 30.486 30.462 30.418 30.376 30.414 30.405 30.391 30.352 30.29 30.264 30.203 30.137 30.054 29.957
31.127 31.105 31.133 31.164 31.209 31.267 31.282 31.321 31.264 31.305 31.429 31.433 31.383 31.393 31.413 31.386 31.416 31.382 31.307 31.21 31.186 31.178 31.129 31.063 31.04 31.023 31.008 30.987 30.968 31.016 31.081 31.128 31.096 30.985 30.883 30.817 30.855 30.88 30.853 30.875 30.797 30.797 30.865 30.945 30.97 30.953 30.923 30.91 30.896 30.856 30.803 30.825 30.877 30.896 30.906 30.92 30.909 30.883 30.799 30.827 30.758 30.729 30.708 30.714 30.679 30.665 30.595 30.537 30.493 30.408 30.357 30.248
31.322 31.377 31.422 31.442 31.478 31.54 31.579 31.642 31.635 31.627 31.735 31.654 31.648 31.662 31.679 31.68 31.722 31.626 31.628 31.576 31.556 31.525 31.449 31.413 31.362 31.335 31.333 31.347 31.31 31.36 31.356 31.403 31.394 31.339 31.252 31.127 31.085 31.145 31.194 31.192 31.124 31.086 31.099 31.164 31.239 31.256 31.244 31.217 31.185 31.14 31.067 31.067 31.157 31.18 31.212 31.221 31.224 31.199 31.165 31.156 31.117 31.059 31.062 31.043 31.035 30.987 30.931 30.856 30.793 30.724 30.647 30.546
31.658 31.727 31.764 31.757 31.783 31.834 31.878 31.915 32.014 31.952 31.99 31.993 31.998 32.001 32.004 32.014 32.045 32.015 32.002 31.922 31.952 31.878 31.825 31.788 31.697 31.652 31.616 31.62 31.654 31.691 31.669 31.643 31.632 31.647 31.585 31.462 31.394 31.412 31.443 31.514 31.489 31.38 31.361 31.432 31.54 31.568 31.54 31.52 31.438 31.386 31.34 31.316 31.331 31.371 31.402 31.449 31.518 31.54 31.528 31.501 31.447 31.344 31.326 31.338 31.317 31.255 31.168 31.107 31.075 30.959 30.887 30.76
32.072 32.109 32.128 32.088 32.098 32.157 32.211 32.192 32.273 32.359 32.351 32.373 32.317 32.322 32.336 32.347 32.312 32.291 32.224 32.215 32.202 32.202 32.187 32.183 32.092 32.029 31.996 31.937 31.915 31.924 31.856 31.859 31.891 31.979 31.918 31.788 31.698 31.678 31.683 31.746 31.84 31.718 31.66 31.717 31.801 31.875 31.842 31.78 31.752 31.655 31.697 31.781 31.782 31.773 31.773 31.673 31.711 31.77 31.855 31.839 31.739 31.641 31.553 31.608 31.643 31.593 31.544 31.375 31.362 31.364 31.242 31.096
32.403 32.451 32.472 32.478 32.457 32.491 32.589 32.52 32.57 32.623 32.724 32.665 32.598 32.6 32.611 32.599 32.545 32.628 32.543 32.496 32.471 32.486 32.429 32.462 32.506 32.439 32.401 32.272 32.192 32.183 32.133 32.15 32.141 32.269 32.226 32.106 31.966 31.97 31.987 32.043 32.137 32.031 31.959 31.989 32.04 32.123 32.193 32.073 32.075 31.968 31.971 31.991 32.022 32.176 32.157 32.083 32.14 32.171 32.199 32.164 32.11 32.037 31.898 31.907 31.854 31.91 31.885 31.776 31.776 31.729 31.607 31.531
32.694 32.727 32.79 32.863 32.879 32.921 32.934 32.928 32.946 32.924 32.983 33.081 32.976 33.025 33.015 32.969 32.932 32.972 32.901 32.835 32.808 32.795 32.771 32.781 32.785 32.798 32.754 32.658 32.573 32.522 32.496 32.504 32.445 32.509 32.501 32.413 32.32 32.335 32.363 32.35 32.44 32.351 32.292 32.286 32.32 32.436 32.504 32.462 32.378 32.394 32.39 32.281 32.362 32.399 32.448 32.544 32.417 32.458 32.534 32.518 32.491 32.434 32.288 32.21 32.281 32.269 32.213 32.159 32.105 32.013 31.877 31.896
