raw_data/humedad_relativa/hora15/rh15jan.txt
ncols         501
nrows         361
xllcorner     109.95
yllcorner     -45.05
cellsize      0.1
NODATA_value  -9999
[rows 64 to 95 of 361, columns 360 to 431 of 501]
73.314 73.747 74.163 74.56 74.939 75.298 75.64 75.964 76.271 76.563 76.841 77.106 77.358 77.6 77.832 78.055 78.27 78.477 78.679 78.874 79.065 79.251 79.433 79.612 79.788 79.961 80.131 80.3 80.467 80.632 80.796 80.959 81.121 81.282 81.443 81.603 81.763 81.922 82.082 82.24 82.399 82.558 82.717 82.876 83.035 83.194 83.353 83.512 83.671 83.83 83.99 84.149 84.309 84.469 84.628 84.788 84.948 85.109 85.269 85.429 85.589 85.75 85.91 86.071 86.231 86.392 86.552 86.713 86.873 87.033 87.194 87.354
73.198 73.642 74.066 74.469 74.851 75.212 75.554 75.877 76.182 76.471 76.745 77.006 77.254 77.491 77.718 77.936 78.146 78.349 78.546 78.737 78.924 79.106 79.285 79.46 79.633 79.803 79.971 80.138 80.302 80.466 80.628 80.79 80.951 81.111 81.27 81.43 81.589 81.748 81.906 82.065 82.224 82.383 82.542 82.701 82.86 83.019 83.178 83.338 83.498 83.657 83.818 83.978 84.138 84.299 84.459 84.62 84.781 84.942 85.104 85.265 85.426 85.588 85.749 85.911 86.072 86.234 86.395 86.557 86.718 86.879 87.041 87.202
73.093 73.548 73.979 74.388 74.773 75.135 75.476 75.797 76.099 76.383 76.653 76.908 77.15 77.381 77.603 77.815 78.02 78.218 78.411 78.598 78.78 78.958 79.133 79.305 79.475 79.642 79.808 79.972 80.134 80.296 80.457 80.617 80.776 80.935 81.094 81.253 81.411 81.569 81.728 81.886 82.045 82.204 82.363 82.522 82.682 82.841 83.001 83.161 83.322 83.482 83.643 83.804 83.965 84.127 84.288 84.45 84.612 84.774 84.936 85.099 85.261 85.423 85.586 85.749 85.911 86.074 86.236 86.399 86.562 86.724 86.887 87.049
73.001 73.465 73.904 74.318 74.705 75.067 75.406 75.723 76.02 76.299 76.562 76.811 77.047 77.272 77.487 77.693 77.893 78.085 78.272 78.454 78.632 78.806 78.978 79.146 79.312 79.477 79.64 79.801 79.962 80.122 80.281 80.439 80.597 80.755 80.913 81.071 81.229 81.387 81.546 81.704 81.863 82.022 82.181 82.34 82.5 82.66 82.821 82.982 83.143 83.304 83.466 83.627 83.79 83.952 84.115 84.277 84.44 84.604 84.767 84.93 85.094 85.257 85.421 85.585 85.749 85.912 86.076 86.24 86.404 86.568 86.731 86.895
72.921 73.396 73.842 74.259 74.647 75.008 75.343 75.655 75.946 76.218 76.473 76.714 76.943 77.16 77.369 77.569 77.761 77.948 78.13 78.307 78.48 78.65 78.817 78.982 79.145 79.307 79.467 79.626 79.785 79.942 80.1 80.257 80.414 80.571 80.729 80.886 81.043 81.201 81.359 81.518 81.676 81.836 81.995 82.155 82.316 82.476 82.637 82.799 82.961 83.123 83.285 83.448 83.611 83.775 83.939 84.102 84.267 84.431 84.595 84.76 84.925 85.089 85.254 85.419 85.584 85.749 85.914 86.079 86.244 86.409 86.574 86.739
72.854 73.341 73.794 74.213 74.601 74.958 75.287 75.591 75.874 76.137 76.384 76.617 76.837 77.046 77.247 77.44 77.626 77.806 77.982 78.154 78.322 78.488 78.651 78.812 78.972 79.131 79.289 79.445 79.602 79.758 79.914 80.07 80.226 80.382 80.539 80.696 80.853 81.011 81.169 81.327 81.486 81.646 81.806 81.966 82.127 82.289 82.451 82.613 82.776 82.939 83.103 83.266 83.431 83.595 83.76 83.925 84.09 84.256 84.422 84.587 84.753 84.919 85.086 85.252 85.418 85.584 85.751 85.917 86.083 86.25 86.416 86.582
72.803 73.301 73.76 74.18 74.565 74.916 75.237 75.532 75.804 76.057 76.294 76.516 76.727 76.928 77.12 77.305 77.484 77.659 77.829 77.995 78.158 78.32 78.479 78.637 78.793 78.949 79.104 79.259 79.414 79.568 79.723 79.878 80.033 80.189 80.345 80.501 80.658 80.816 80.974 81.133 81.292 81.452 81.613 81.774 81.936 82.098 82.261 82.424 82.588 82.752 82.917 83.082 83.247 83.413 83.579 83.745 83.912 84.079 84.246 84.413 84.58 84.747 84.915 85.083 85.25 85.418 85.586 85.753 85.921 86.088 86.256 86.423
72.769 73.277 73.74 74.16 74.539 74.881 75.191 75.474 75.734 75.975 76.2 76.412 76.612 76.803 76.987 77.164 77.336 77.504 77.668 77.829 77.988 78.145 78.3 78.454 78.608 78.761 78.914 79.066 79.219 79.372 79.526 79.68 79.834 79.989 80.145 80.301 80.458 80.616 80.774 80.934 81.094 81.254 81.415 81.577 81.74 81.903 82.067 82.231 82.396 82.562 82.728 82.894 83.061 83.228 83.395 83.563 83.731 83.899 84.067 84.236 84.405 84.573 84.742 84.911 85.08 85.25 85.419 85.588 85.757 85.926 86.095 86.263
72.752 73.271 73.737 74.152 74.521 74.851 75.147 75.415 75.661 75.888 76.1 76.3 76.49 76.671 76.846 77.015 77.18 77.341 77.499 77.655 77.809 77.961 78.113 78.264 78.415 78.565 78.716 78.867 79.018 79.17 79.323 79.476 79.63 79.784 79.94 80.096 80.253 80.411 80.57 80.73 80.891 81.052 81.214 81.377 81.541 81.705 81.87 82.035 82.202 82.368 82.536 82.703 82.871 83.04 83.209 83.378 83.547 83.717 83.887 84.057 84.227 84.397 84.568 84.738 84.909 85.079 85.25 85.42 85.591 85.761 85.932 86.102
72.755 73.284 73.75 74.156 74.511 74.824 75.102 75.352 75.581 75.793 75.992 76.179 76.358 76.529 76.695 76.856 77.014 77.169 77.321 77.472 77.621 77.77 77.918 78.066 78.214 78.362 78.511 78.66 78.81 78.961 79.113 79.265 79.419 79.573 79.729 79.885 80.043 80.201 80.361 80.521 80.683 80.845 81.008 81.172 81.337 81.503 81.669 81.836 82.004 82.172 82.34 82.509 82.679 82.849 83.019 83.19 83.361 83.532 83.704 83.876 84.047 84.219 84.391 84.563 84.735 84.907 85.08 85.252 85.424 85.595 85.767 85.939
72.779 73.317 73.777 74.169 74.504 74.794 75.05 75.281 75.491 75.687 75.871 76.046 76.214 76.375 76.532 76.686 76.837 76.985 77.132 77.278 77.424 77.569 77.714 77.859 78.004 78.151 78.298 78.446 78.595 78.745 78.896 79.048 79.201 79.356 79.512 79.669 79.827 79.986 80.146 80.308 80.47 80.634 80.798 80.963 81.13 81.297 81.464 81.633 81.802 81.972 82.142 82.313 82.484 82.656 82.828 83 83.173 83.346 83.519 83.692 83.865 84.039 84.213 84.386 84.56 84.734 84.907 85.081 85.255 85.428 85.601 85.775
72.825 73.369 73.817 74.185 74.492 74.755 74.986 75.194 75.386 75.565 75.735 75.898 76.055 76.207 76.356 76.503 76.647 76.79 76.932 77.074 77.215 77.357 77.499 77.642 77.786 77.93 78.076 78.223 78.371 78.521 78.671 78.824 78.977 79.132 79.288 79.446 79.605 79.765 79.927 80.089 80.253 80.418 80.583 80.75 80.918 81.086 81.256 81.426 81.597 81.768 81.94 82.113 82.286 82.459 82.633 82.807 82.981 83.156 83.331 83.506 83.681 83.857 84.032 84.207 84.383 84.558 84.734 84.909 85.084 85.259 85.434 85.609
72.893 73.439 73.863 74.195 74.465 74.696 74.9 75.086 75.259 75.423 75.58 75.731 75.879 76.023 76.164 76.304 76.443 76.581 76.719 76.857 76.995 77.134 77.274 77.415 77.557 77.7 77.845 77.991 78.139 78.289 78.439 78.592 78.746 78.902 79.059 79.217 79.377 79.539 79.701 79.865 80.03 80.197 80.364 80.532 80.702 80.872 81.043 81.215 81.388 81.561 81.735 81.909 82.084 82.26 82.435 82.611 82.788 82.964 83.141 83.318 83.495 83.672 83.849 84.027 84.204 84.381 84.558 84.735 84.912 85.089 85.265 85.442
72.977 73.515 73.896 74.179 74.407 74.604 74.782 74.948 75.105 75.256 75.402 75.544 75.683 75.82 75.956 76.09 76.224 76.358 76.493 76.627 76.763 76.9 77.038 77.177 77.318 77.461 77.605 77.751 77.899 78.048 78.199 78.353 78.507 78.664 78.822 78.982 79.143 79.306 79.47 79.636 79.803 79.971 80.14 80.31 80.481 80.654 80.827 81.001 81.175 81.351 81.526 81.703 81.88 82.057 82.235 82.413 82.591 82.77 82.949 83.127 83.306 83.486 83.665 83.844 84.023 84.202 84.381 84.559 84.738 84.916 85.095 85.273
73.05 73.562 73.879 74.107 74.296 74.465 74.623 74.773 74.918 75.06 75.197 75.332 75.466 75.597 75.728 75.859 75.989 76.12 76.252 76.384 76.518 76.653 76.789 76.928 77.068 77.21 77.355 77.501 77.649 77.799 77.951 78.105 78.261 78.419 78.579 78.74 78.903 79.067 79.233 79.401 79.57 79.74 79.911 80.083 80.257 80.431 80.606 80.782 80.959 81.137 81.315 81.493 81.672 81.852 82.032 82.212 82.392 82.573 82.754 82.935 83.116 83.297 83.478 83.659 83.84 84.021 84.201 84.382 84.563 84.743 84.923 85.103
73.003 73.483 73.746 73.939 74.107 74.263 74.412 74.556 74.695 74.831 74.965 75.096 75.225 75.354 75.481 75.609 75.737 75.866 75.995 76.126 76.258 76.393 76.529 76.667 76.807 76.949 77.094 77.241 77.39 77.541 77.694 77.85 78.007 78.167 78.328 78.491 78.656 78.822 78.991 79.16 79.331 79.503 79.677 79.852 80.027 80.204 80.381 80.56 80.739 80.919 81.099 81.28 81.462 81.643 81.826 82.008 82.191 82.374 82.557 82.74 82.923 83.106 83.289 83.472 83.655 83.838 84.021 84.203 84.385 84.568 84.75 84.931
72.641 73.146 73.438 73.65 73.829 73.992 74.146 74.292 74.433 74.569 74.702 74.832 74.961 75.088 75.214 75.34 75.467 75.594 75.723 75.853 75.985 76.119 76.255 76.394 76.534 76.677 76.823 76.971 77.121 77.274 77.429 77.586 77.745 77.907 78.07 78.235 78.402 78.571 78.742 78.914 79.087 79.262 79.438 79.615 79.793 79.972 80.153 80.334 80.515 80.698 80.88 81.064 81.248 81.432 81.617 81.801 81.986 82.172 82.357 82.542 82.728 82.913 83.098 83.283 83.468 83.653 83.838 84.023 84.207 84.391 84.575 84.758
72.052 72.606 72.978 73.248 73.466 73.656 73.826 73.984 74.133 74.274 74.41 74.543 74.672 74.799 74.926 75.052 75.178 75.305 75.434 75.564 75.697 75.831 75.968 76.107 76.249 76.394 76.541 76.69 76.843 76.997 77.154 77.313 77.475 77.639 77.805 77.972 78.142 78.314 78.487 78.661 78.838 79.015 79.194 79.374 79.555 79.737 79.92 80.103 80.288 80.473 80.658 80.844 81.031 81.218 81.405 81.592 81.78 81.967 82.155 82.343 82.53 82.718 82.905 83.093 83.28 83.467 83.654 83.84 84.027 84.213 84.398 84.584
71.418 72.003 72.44 72.773 73.04 73.265 73.46 73.636 73.797 73.948 74.09 74.227 74.359 74.488 74.616 74.743 74.871 74.999 75.129 75.26 75.393 75.529 75.668 75.809 75.952 76.098 76.248 76.399 76.554 76.711 76.87 77.032 77.197 77.363 77.532 77.703 77.875 78.05 78.226 78.403 78.582 78.763 78.945 79.128 79.312 79.497 79.682 79.869 80.056 80.244 80.433 80.621 80.811 81 81.19 81.38 81.57 81.76 81.95 82.141 82.331 82.521 82.711 82.9 83.09 83.279 83.468 83.657 83.845 84.033 84.221 84.408
70.445 71.401 71.881 72.264 72.575 72.836 73.059 73.255 73.432 73.593 73.744 73.886 74.023 74.156 74.286 74.416 74.545 74.675 74.806 74.939 75.075 75.213 75.353 75.496 75.642 75.791 75.943 76.097 76.255 76.415 76.577 76.742 76.91 77.08 77.251 77.425 77.601 77.779 77.958 78.139 78.322 78.505 78.69 78.877 79.064 79.252 79.441 79.631 79.821 80.012 80.203 80.395 80.587 80.78 80.972 81.165 81.358 81.551 81.744 81.936 82.129 82.321 82.514 82.706 82.898 83.089 83.28 83.471 83.662 83.852 84.041 84.231
68.682 70.823 71.327 71.745 72.092 72.383 72.632 72.849 73.041 73.214 73.374 73.523 73.665 73.802 73.936 74.068 74.2 74.333 74.467 74.603 74.741 74.881 75.025 75.171 75.32 75.472 75.627 75.785 75.945 76.109 76.275 76.444 76.615 76.788 76.963 77.141 77.32 77.502 77.685 77.869 78.055 78.243 78.431 78.621 78.811 79.003 79.195 79.388 79.582 79.776 79.971 80.166 80.361 80.556 80.752 80.948 81.143 81.339 81.535 81.73 81.925 82.12 82.315 82.509 82.704 82.897 83.091 83.284 83.477 83.669 83.861 84.052
69.622 70.274 70.792 71.232 71.604 71.92 72.19 72.424 72.63 72.814 72.982 73.138 73.286 73.427 73.565 73.701 73.837 73.973 74.11 74.249 74.391 74.535 74.682 74.832 74.984 75.14 75.299 75.461 75.626 75.793 75.963 76.136 76.311 76.488 76.668 76.849 77.033 77.218 77.405 77.593 77.783 77.974 78.167 78.36 78.555 78.75 78.946 79.142 79.339 79.537 79.735 79.933 80.132 80.33 80.529 80.728 80.926 81.125 81.323 81.521 81.719 81.917 82.114 82.311 82.508 82.704 82.9 83.095 83.29 83.485 83.679 83.872
68.684 69.05 70.278 70.732 71.121 71.453 71.739 71.986 72.203 72.397 72.572 72.734 72.887 73.033 73.175 73.316 73.455 73.595 73.736 73.88 74.025 74.174 74.325 74.479 74.636 74.797 74.96 75.126 75.295 75.467 75.642 75.819 75.999 76.18 76.364 76.55 76.738 76.928 77.119 77.312 77.506 77.701 77.897 78.095 78.293 78.492 78.692 78.892 79.093 79.294 79.496 79.697 79.899 80.101 80.303 80.505 80.707 80.908 81.11 81.311 81.511 81.712 81.912 82.111 82.311 82.509 82.708 82.905 83.103 83.299 83.496 83.691
67.054 69.221 69.787 70.248 70.646 70.988 71.284 71.54 71.764 71.964 72.144 72.312 72.469 72.62 72.766 72.911 73.055 73.199 73.345 73.493 73.644 73.797 73.953 74.113 74.275 74.44 74.609 74.78 74.955 75.132 75.311 75.493 75.678 75.865 76.053 76.244 76.437 76.631 76.827 77.024 77.223 77.422 77.623 77.825 78.027 78.23 78.434 78.638 78.843 79.048 79.253 79.458 79.664 79.869 80.074 80.28 80.485 80.689 80.894 81.098 81.301 81.505 81.707 81.91 82.112 82.313 82.514 82.714 82.913 83.113 83.311 83.509
65.948 68.764 69.317 69.779 70.181 70.527 70.826 71.086 71.313 71.516 71.701 71.871 72.032 72.187 72.338 72.487 72.636 72.786 72.937 73.091 73.247 73.406 73.568 73.733 73.901 74.072 74.246 74.424 74.604 74.786 74.971 75.159 75.349 75.541 75.735 75.931 76.129 76.328 76.529 76.731 76.934 77.138 77.344 77.55 77.757 77.964 78.172 78.381 78.589 78.798 79.007 79.216 79.426 79.635 79.843 80.052 80.26 80.468 80.676 80.883 81.09 81.296 81.501 81.706 81.911 82.115 82.318 82.521 82.723 82.924 83.125 83.325
67.387 68.342 68.867 69.327 69.727 70.071 70.368 70.625 70.852 71.055 71.24 71.413 71.577 71.735 71.891 72.045 72.199 72.354 72.512 72.672 72.834 72.999 73.168 73.34 73.514 73.692 73.873 74.056 74.242 74.431 74.622 74.816 75.012 75.209 75.409 75.611 75.814 76.018 76.224 76.432 76.64 76.849 77.06 77.27 77.482 77.694 77.907 78.119 78.332 78.545 78.758 78.972 79.184 79.397 79.61 79.822 80.034 80.245 80.456 80.666 80.876 81.085 81.293 81.501 81.709 81.915 82.121 82.326 82.531 82.735 82.938 83.14
67.312 67.912 68.433 68.889 69.281 69.617 69.906 70.157 70.378 70.578 70.762 70.935 71.102 71.263 71.423 71.583 71.743 71.905 72.069 72.236 72.406 72.578 72.754 72.933 73.115 73.3 73.487 73.678 73.871 74.066 74.264 74.464 74.666 74.87 75.076 75.284 75.493 75.703 75.914 76.127 76.341 76.555 76.771 76.987 77.203 77.42 77.637 77.854 78.072 78.289 78.507 78.724 78.941 79.157 79.373 79.589 79.805 80.019 80.234 80.447 80.66 80.872 81.084 81.295 81.505 81.714 81.923 82.131 82.338 82.544 82.75 82.954
66.907 67.496 68.016 68.463 68.843 69.164 69.438 69.677 69.889 70.083 70.265 70.438 70.605 70.771 70.936 71.101 71.268 71.437 71.609 71.784 71.962 72.142 72.326 72.513 72.703 72.896 73.091 73.289 73.49 73.692 73.897 74.104 74.313 74.524 74.736 74.95 75.165 75.381 75.599 75.817 76.037 76.257 76.477 76.698 76.92 77.142 77.364 77.586 77.808 78.03 78.252 78.473 78.694 78.915 79.135 79.355 79.574 79.792 80.01 80.227 80.443 80.658 80.873 81.087 81.3 81.512 81.723 81.934 82.143 82.352 82.56 82.767
66.496 67.094 67.612 68.048 68.407 68.705 68.959 69.18 69.381 69.567 69.744 69.917 70.087 70.257 70.427 70.599 70.774 70.952 71.132 71.316 71.502 71.692 71.885 72.081 72.279 72.48 72.684 72.89 73.099 73.309 73.522 73.736 73.952 74.17 74.389 74.609 74.831 75.054 75.277 75.502 75.727 75.953 76.179 76.406 76.633 76.86 77.087 77.314 77.541 77.768 77.994 78.22 78.445 78.67 78.894 79.118 79.34 79.563 79.784 80.004 80.224 80.442 80.66 80.877 81.093 81.308 81.522 81.735 81.948 82.159 82.369 82.579
61.978 66.701 67.221 67.638 67.966 68.232 68.458 68.659 68.845 69.024 69.198 69.371 69.544 69.719 69.897 70.077 70.261 70.447 70.638 70.831 71.028 71.228 71.43 71.636 71.844 72.054 72.267 72.482 72.699 72.917 73.138 73.36 73.584 73.809 74.035 74.263 74.491 74.721 74.951 75.182 75.413 75.645 75.877 76.11 76.342 76.575 76.807 77.039 77.271 77.503 77.734 77.964 78.194 78.423 78.651 78.879 79.105 79.331 79.556 79.78 80.003 80.225 80.446 80.666 80.885 81.103 81.32 81.536 81.751 81.965 82.177 82.389
56.937 66.118 66.84 60.042 67.508 67.731 67.924 68.103 68.276 68.448 68.621 68.796 68.975 69.157 69.343 69.533 69.727 69.925 70.127 70.331 70.539 70.75 70.963 71.179 71.397 71.617 71.839 72.064 72.289 72.517 72.746 72.976 73.208 73.441 73.675 73.91 74.145 74.382 74.619 74.856 75.094 75.333 75.571 75.809 76.048 76.286 76.524 76.761 76.998 77.235 77.47 77.706 77.94 78.174 78.406 78.638 78.869 79.098 79.327 79.554 79.781 80.006 80.231 80.454 80.676 80.897 81.116 81.335 81.553 81.769 81.985 82.199
65.037 58.689 66.42 66.072 67.005 67.178 67.34 67.501 67.666 67.835 68.01 68.191 68.378 68.57 68.767 68.969 69.175 69.385 69.599 69.816 70.036 70.258 70.483 70.71 70.939 71.17 71.403 71.637 71.872 72.109 72.347 72.586 72.826 73.067 73.309 73.551 73.794 74.038 74.282 74.527 74.771 75.016 75.261 75.505 75.75 75.994 76.237 76.48 76.722 76.964 77.205 77.445 77.684 77.922 78.159 78.395 78.63 78.864 79.096 79.327 79.557 79.786 80.014 80.24 80.465 80.689 80.912 81.133 81.354 81.573 81.791 82.008
