raw_data/humedad_relativa/hora15/rh15nov.txt
ncols         501
nrows         361
xllcorner     109.95
yllcorner     -45.05
cellsize      0.1
NODATA_value  -9999
[rows 320 to 351 of 361, columns 72 to 143 of 501]
70.383 70.395 70.409 70.424 70.44 70.457 70.476 70.496 70.518 70.541 70.565 70.59 70.617 70.646 70.676 70.707 70.739 70.773 70.808 70.844 70.882 70.921 70.961 71.003 71.046 71.09 71.135 71.181 71.228 71.276 71.325 71.376 71.427 71.479 71.532 71.585 71.64 71.695 71.751 71.807 71.864 71.922 71.98 72.038 72.097 72.156 72.215 72.275 72.335 72.395 72.455 72.515 72.575 72.635 72.695 72.755 72.814 72.874 72.933 72.992 73.05 73.109 73.167 73.224 73.281 73.338 73.394 73.449 73.504 73.559 73.612 73.666
70.536 70.549 70.563 70.578 70.595 70.613 70.633 70.653 70.675 70.698 70.723 70.749 70.776 70.805 70.835 70.866 70.898 70.932 70.967 71.004 71.041 71.08 71.12 71.161 71.204 71.247 71.292 71.338 71.385 71.432 71.481 71.531 71.581 71.633 71.685 71.738 71.792 71.846 71.901 71.957 72.013 72.07 72.127 72.185 72.243 72.301 72.36 72.419 72.478 72.537 72.596 72.655 72.714 72.774 72.833 72.892 72.951 73.01 73.068 73.126 73.184 73.242 73.299 73.356 73.412 73.468 73.524 73.579 73.633 73.687 73.74 73.793
70.686 70.7 70.715 70.731 70.748 70.767 70.787 70.808 70.83 70.854 70.879 70.905 70.933 70.961 70.991 71.023 71.055 71.089 71.124 71.161 71.198 71.237 71.277 71.318 71.36 71.403 71.447 71.493 71.539 71.586 71.635 71.684 71.734 71.785 71.836 71.889 71.942 71.996 72.05 72.105 72.161 72.217 72.273 72.33 72.387 72.445 72.502 72.56 72.619 72.677 72.735 72.794 72.853 72.911 72.969 73.028 73.086 73.144 73.202 73.259 73.317 73.373 73.43 73.486 73.542 73.597 73.652 73.707 73.761 73.814 73.867 73.919
70.835 70.849 70.865 70.882 70.9 70.919 70.939 70.961 70.983 71.007 71.033 71.059 71.087 71.116 71.146 71.177 71.21 71.244 71.279 71.315 71.353 71.391 71.431 71.472 71.514 71.557 71.601 71.646 71.691 71.738 71.786 71.835 71.884 71.935 71.986 72.038 72.09 72.143 72.197 72.251 72.306 72.361 72.417 72.473 72.53 72.586 72.644 72.701 72.758 72.816 72.874 72.931 72.989 73.047 73.105 73.162 73.22 73.277 73.334 73.391 73.448 73.504 73.56 73.615 73.671 73.725 73.78 73.834 73.887 73.94 73.992 74.044
70.982 70.997 71.013 71.03 71.049 71.068 71.089 71.111 71.134 71.159 71.184 71.211 71.239 71.268 71.298 71.33 71.363 71.397 71.432 71.468 71.505 71.544 71.583 71.624 71.665 71.708 71.752 71.796 71.842 71.888 71.936 71.984 72.033 72.083 72.133 72.184 72.236 72.289 72.342 72.395 72.45 72.504 72.559 72.615 72.67 72.727 72.783 72.839 72.896 72.953 73.01 73.067 73.124 73.181 73.238 73.295 73.352 73.408 73.465 73.521 73.577 73.633 73.688 73.743 73.798 73.852 73.906 73.959 74.012 74.064 74.116 74.167
71.126 71.142 71.159 71.177 71.196 71.216 71.237 71.26 71.283 71.308 71.334 71.361 71.389 71.418 71.449 71.48 71.513 71.547 71.582 71.618 71.655 71.694 71.733 71.773 71.815 71.857 71.901 71.945 71.99 72.036 72.083 72.131 72.179 72.228 72.278 72.329 72.38 72.432 72.485 72.538 72.591 72.645 72.7 72.754 72.81 72.865 72.921 72.976 73.032 73.089 73.145 73.201 73.258 73.314 73.37 73.427 73.483 73.539 73.594 73.65 73.705 73.76 73.815 73.87 73.924 73.977 74.031 74.083 74.136 74.188 74.239 74.29
71.269 71.285 71.303 71.321 71.341 71.361 71.383 71.406 71.43 71.455 71.481 71.508 71.537 71.566 71.597 71.629 71.661 71.695 71.73 71.766 71.804 71.842 71.881 71.921 71.962 72.004 72.047 72.091 72.136 72.182 72.228 72.276 72.324 72.372 72.422 72.472 72.523 72.574 72.626 72.678 72.731 72.785 72.838 72.893 72.947 73.002 73.057 73.112 73.167 73.223 73.278 73.334 73.39 73.445 73.501 73.557 73.612 73.667 73.723 73.777 73.832 73.887 73.941 73.995 74.048 74.101 74.154 74.206 74.258 74.31 74.361 74.411
71.41 71.427 71.445 71.464 71.484 71.505 71.527 71.55 71.575 71.6 71.626 71.654 71.683 71.712 71.743 71.775 71.808 71.842 71.877 71.913 71.95 71.988 72.027 72.067 72.108 72.15 72.192 72.236 72.28 72.326 72.372 72.419 72.466 72.515 72.564 72.613 72.663 72.714 72.766 72.817 72.87 72.922 72.975 73.029 73.083 73.137 73.191 73.246 73.3 73.355 73.41 73.465 73.52 73.575 73.63 73.685 73.74 73.795 73.849 73.904 73.958 74.012 74.065 74.119 74.171 74.224 74.276 74.328 74.38 74.43 74.481 74.531
71.549 71.567 71.585 71.605 71.625 71.647 71.669 71.693 71.717 71.743 71.77 71.798 71.826 71.856 71.887 71.919 71.952 71.986 72.021 72.057 72.094 72.132 72.171 72.21 72.251 72.293 72.335 72.379 72.423 72.468 72.513 72.56 72.607 72.655 72.703 72.752 72.802 72.852 72.903 72.954 73.006 73.058 73.111 73.164 73.217 73.27 73.324 73.378 73.432 73.486 73.54 73.595 73.649 73.704 73.758 73.812 73.867 73.921 73.975 74.028 74.082 74.135 74.188 74.241 74.294 74.346 74.397 74.449 74.5 74.55 74.6 74.65
71.686 71.705 71.724 71.744 71.765 71.787 71.809 71.833 71.858 71.884 71.911 71.939 71.968 71.998 72.029 72.061 72.094 72.128 72.163 72.199 72.236 72.274 72.313 72.352 72.393 72.434 72.476 72.519 72.563 72.608 72.653 72.699 72.746 72.793 72.841 72.89 72.939 72.989 73.039 73.09 73.141 73.193 73.245 73.297 73.349 73.402 73.455 73.509 73.562 73.616 73.669 73.723 73.777 73.831 73.885 73.938 73.992 74.045 74.099 74.152 74.205 74.258 74.31 74.362 74.414 74.466 74.517 74.568 74.618 74.668 74.718 74.767
71.822 71.841 71.86 71.881 71.902 71.924 71.948 71.972 71.997 72.024 72.051 72.079 72.108 72.138 72.17 72.202 72.235 72.269 72.304 72.34 72.376 72.414 72.453 72.492 72.532 72.574 72.616 72.658 72.702 72.746 72.791 72.837 72.883 72.93 72.978 73.026 73.075 73.124 73.174 73.224 73.274 73.325 73.377 73.428 73.48 73.533 73.585 73.638 73.691 73.744 73.797 73.85 73.903 73.956 74.01 74.063 74.116 74.169 74.221 74.274 74.327 74.379 74.431 74.482 74.534 74.585 74.636 74.686 74.736 74.786 74.835 74.884
71.956 71.975 71.995 72.016 72.038 72.061 72.084 72.109 72.135 72.161 72.189 72.217 72.246 72.277 72.308 72.34 72.373 72.407 72.442 72.478 72.515 72.552 72.591 72.63 72.67 72.711 72.753 72.795 72.839 72.883 72.927 72.972 73.018 73.065 73.112 73.16 73.208 73.257 73.306 73.356 73.406 73.456 73.507 73.558 73.61 73.662 73.713 73.766 73.818 73.87 73.923 73.975 74.028 74.081 74.133 74.186 74.238 74.291 74.343 74.395 74.447 74.499 74.55 74.601 74.652 74.703 74.753 74.803 74.852 74.902 74.95 74.999
72.088 72.108 72.128 72.15 72.172 72.195 72.219 72.244 72.27 72.297 72.325 72.353 72.383 72.413 72.444 72.477 72.51 72.544 72.579 72.615 72.651 72.689 72.727 72.766 72.806 72.847 72.888 72.931 72.974 73.017 73.062 73.107 73.152 73.198 73.245 73.292 73.34 73.388 73.437 73.486 73.536 73.586 73.636 73.687 73.738 73.789 73.84 73.892 73.944 73.995 74.047 74.099 74.151 74.204 74.256 74.308 74.36 74.411 74.463 74.515 74.566 74.617 74.668 74.719 74.769 74.819 74.869 74.919 74.968 75.016 75.065 75.113
72.219 72.239 72.26 72.282 72.304 72.328 72.352 72.377 72.404 72.431 72.459 72.487 72.517 72.548 72.579 72.612 72.645 72.679 72.714 72.75 72.786 72.824 72.862 72.901 72.94 72.981 73.022 73.064 73.107 73.15 73.194 73.239 73.284 73.33 73.376 73.423 73.47 73.518 73.567 73.615 73.664 73.714 73.764 73.814 73.864 73.915 73.966 74.017 74.068 74.119 74.171 74.222 74.274 74.325 74.377 74.428 74.479 74.531 74.582 74.633 74.684 74.735 74.785 74.835 74.885 74.935 74.984 75.033 75.082 75.13 75.178 75.226
72.348 72.368 72.39 72.412 72.435 72.459 72.484 72.509 72.536 72.563 72.591 72.62 72.65 72.681 72.712 72.745 72.778 72.812 72.847 72.883 72.919 72.956 72.995 73.033 73.073 73.113 73.154 73.196 73.238 73.282 73.325 73.369 73.414 73.46 73.506 73.552 73.599 73.647 73.694 73.743 73.791 73.84 73.89 73.939 73.989 74.039 74.09 74.14 74.191 74.242 74.292 74.343 74.394 74.445 74.496 74.547 74.598 74.649 74.7 74.75 74.8 74.851 74.901 74.95 75 75.049 75.098 75.147 75.195 75.243 75.29 75.337
72.475 72.496 72.518 72.54 72.564 72.588 72.613 72.639 72.666 72.693 72.722 72.751 72.781 72.812 72.843 72.876 72.909 72.943 72.978 73.014 73.05 73.088 73.126 73.164 73.204 73.244 73.285 73.326 73.368 73.411 73.455 73.498 73.543 73.588 73.634 73.68 73.726 73.773 73.821 73.869 73.917 73.965 74.014 74.063 74.113 74.162 74.212 74.262 74.312 74.362 74.413 74.463 74.514 74.564 74.615 74.665 74.715 74.766 74.816 74.866 74.916 74.966 75.015 75.064 75.113 75.162 75.211 75.259 75.307 75.354 75.401 75.448
72.601 72.622 72.644 72.667 72.691 72.716 72.741 72.767 72.794 72.822 72.851 72.88 72.91 72.941 72.973 73.006 73.039 73.073 73.108 73.144 73.18 73.217 73.255 73.294 73.333 73.373 73.413 73.455 73.497 73.539 73.582 73.626 73.67 73.715 73.76 73.806 73.852 73.899 73.946 73.993 74.041 74.089 74.137 74.186 74.235 74.284 74.333 74.383 74.432 74.482 74.532 74.582 74.632 74.682 74.732 74.782 74.832 74.881 74.931 74.981 75.03 75.079 75.128 75.177 75.226 75.274 75.322 75.37 75.417 75.464 75.511 75.558
72.725 72.747 72.77 72.793 72.817 72.842 72.868 72.894 72.921 72.949 72.978 73.008 73.038 73.069 73.101 73.134 73.167 73.201 73.236 73.272 73.308 73.345 73.383 73.421 73.46 73.5 73.541 73.582 73.623 73.666 73.708 73.752 73.796 73.84 73.885 73.93 73.976 74.022 74.069 74.116 74.163 74.211 74.259 74.307 74.355 74.404 74.453 74.502 74.551 74.6 74.65 74.699 74.749 74.798 74.848 74.897 74.947 74.996 75.045 75.094 75.143 75.192 75.24 75.289 75.337 75.385 75.432 75.48 75.527 75.574 75.62 75.666
72.848 72.87 72.893 72.917 72.941 72.967 72.993 73.019 73.047 73.075 73.104 73.134 73.164 73.195 73.227 73.26 73.293 73.328 73.362 73.398 73.434 73.471 73.509 73.547 73.586 73.626 73.666 73.707 73.748 73.79 73.833 73.876 73.92 73.964 74.008 74.053 74.099 74.144 74.191 74.237 74.284 74.331 74.379 74.427 74.475 74.523 74.571 74.62 74.669 74.717 74.766 74.815 74.864 74.913 74.962 75.011 75.06 75.109 75.158 75.206 75.255 75.303 75.351 75.399 75.447 75.494 75.542 75.589 75.635 75.682 75.728 75.773
72.969 72.992 73.015 73.039 73.064 73.09 73.116 73.143 73.171 73.199 73.228 73.258 73.289 73.32 73.352 73.385 73.418 73.452 73.487 73.523 73.559 73.596 73.634 73.672 73.711 73.75 73.79 73.831 73.872 73.914 73.956 73.999 74.042 74.086 74.13 74.175 74.22 74.265 74.311 74.357 74.404 74.451 74.498 74.545 74.593 74.64 74.688 74.736 74.785 74.833 74.881 74.93 74.978 75.027 75.076 75.124 75.173 75.221 75.269 75.317 75.366 75.413 75.461 75.509 75.556 75.603 75.65 75.696 75.743 75.789 75.834 75.879
73.089 73.112 73.136 73.16 73.185 73.211 73.238 73.265 73.293 73.321 73.351 73.381 73.412 73.443 73.475 73.508 73.541 73.576 73.611 73.646 73.682 73.719 73.757 73.795 73.833 73.873 73.912 73.953 73.994 74.035 74.077 74.12 74.163 74.206 74.25 74.295 74.339 74.385 74.43 74.476 74.522 74.568 74.615 74.662 74.709 74.756 74.804 74.852 74.899 74.947 74.995 75.043 75.092 75.14 75.188 75.236 75.284 75.332 75.38 75.427 75.475 75.523 75.57 75.617 75.664 75.71 75.757 75.803 75.849 75.894 75.94 75.985
73.207 73.231 73.255 73.28 73.305 73.331 73.358 73.385 73.414 73.442 73.472 73.502 73.533 73.564 73.597 73.63 73.663 73.697 73.732 73.768 73.804 73.841 73.878 73.916 73.955 73.994 74.033 74.074 74.114 74.156 74.198 74.24 74.283 74.326 74.369 74.413 74.458 74.503 74.548 74.593 74.639 74.685 74.731 74.778 74.824 74.871 74.918 74.966 75.013 75.061 75.108 75.156 75.203 75.251 75.299 75.346 75.394 75.441 75.489 75.536 75.583 75.63 75.677 75.724 75.771 75.817 75.863 75.909 75.954 75.999 76.044 76.089
73.324 73.348 73.373 73.398 73.423 73.45 73.477 73.505 73.533 73.562 73.592 73.622 73.653 73.685 73.717 73.75 73.783 73.818 73.852 73.888 73.924 73.961 73.998 74.036 74.074 74.113 74.153 74.193 74.233 74.275 74.316 74.358 74.401 74.444 74.487 74.531 74.575 74.619 74.664 74.709 74.754 74.8 74.846 74.892 74.938 74.985 75.032 75.078 75.125 75.172 75.22 75.267 75.314 75.361 75.408 75.456 75.503 75.55 75.597 75.644 75.691 75.737 75.784 75.83 75.876 75.922 75.968 76.013 76.058 76.103 76.148 76.192
73.44 73.464 73.489 73.514 73.54 73.567 73.594 73.622 73.651 73.68 73.71 73.74 73.771 73.803 73.835 73.868 73.902 73.936 73.971 74.007 74.043 74.079 74.117 74.154 74.193 74.231 74.271 74.311 74.351 74.392 74.433 74.475 74.517 74.56 74.603 74.646 74.69 74.734 74.779 74.823 74.868 74.914 74.959 75.005 75.051 75.097 75.143 75.19 75.236 75.283 75.33 75.377 75.423 75.47 75.517 75.564 75.611 75.657 75.704 75.75 75.797 75.843 75.889 75.935 75.981 76.026 76.071 76.117 76.161 76.206 76.25 76.294
73.554 73.579 73.604 73.63 73.656 73.683 73.71 73.738 73.767 73.797 73.827 73.857 73.888 73.92 73.953 73.986 74.019 74.054 74.089 74.124 74.16 74.196 74.234 74.271 74.309 74.348 74.387 74.427 74.467 74.508 74.549 74.591 74.633 74.675 74.718 74.761 74.804 74.848 74.892 74.937 74.981 75.026 75.071 75.117 75.162 75.208 75.254 75.3 75.346 75.393 75.439 75.485 75.532 75.578 75.624 75.671 75.717 75.764 75.81 75.856 75.902 75.948 75.993 76.039 76.084 76.129 76.174 76.219 76.263 76.307 76.351 76.395
73.667 73.692 73.718 73.744 73.77 73.797 73.825 73.853 73.882 73.912 73.942 73.973 74.004 74.036 74.068 74.102 74.135 74.17 74.204 74.24 74.276 74.312 74.349 74.387 74.425 74.463 74.503 74.542 74.582 74.623 74.663 74.705 74.747 74.789 74.831 74.874 74.917 74.961 75.004 75.049 75.093 75.137 75.182 75.227 75.273 75.318 75.363 75.409 75.455 75.501 75.547 75.593 75.639 75.685 75.731 75.777 75.823 75.869 75.914 75.96 76.006 76.051 76.097 76.142 76.187 76.231 76.276 76.32 76.364 76.408 76.452 76.495
73.779 73.804 73.83 73.856 73.883 73.91 73.938 73.967 73.996 74.026 74.056 74.087 74.118 74.15 74.183 74.216 74.25 74.284 74.319 74.354 74.39 74.427 74.464 74.501 74.539 74.577 74.616 74.656 74.696 74.736 74.777 74.818 74.859 74.901 74.943 74.986 75.029 75.072 75.115 75.159 75.203 75.247 75.292 75.337 75.381 75.426 75.472 75.517 75.562 75.608 75.653 75.699 75.745 75.79 75.836 75.882 75.927 75.973 76.018 76.063 76.109 76.154 76.199 76.243 76.288 76.332 76.377 76.421 76.464 76.508 76.551 76.594
73.89 73.915 73.941 73.967 73.995 74.022 74.05 74.079 74.108 74.138 74.169 74.2 74.231 74.263 74.296 74.329 74.363 74.397 74.432 74.467 74.503 74.54 74.576 74.614 74.652 74.69 74.729 74.768 74.808 74.848 74.888 74.929 74.97 75.012 75.054 75.096 75.139 75.182 75.225 75.268 75.312 75.356 75.4 75.445 75.489 75.534 75.579 75.624 75.669 75.714 75.759 75.804 75.849 75.895 75.94 75.985 76.03 76.076 76.121 76.166 76.21 76.255 76.3 76.344 76.388 76.432 76.476 76.52 76.563 76.606 76.649 76.692
73.999 74.025 74.051 74.077 74.105 74.133 74.161 74.19 74.219 74.249 74.28 74.311 74.343 74.375 74.408 74.441 74.475 74.509 74.544 74.579 74.615 74.651 74.688 74.725 74.763 74.801 74.84 74.879 74.919 74.958 74.999 75.039 75.08 75.122 75.164 75.206 75.248 75.291 75.333 75.377 75.42 75.464 75.507 75.552 75.596 75.64 75.685 75.729 75.774 75.819 75.863 75.908 75.953 75.998 76.043 76.088 76.133 76.177 76.222 76.267 76.311 76.356 76.4 76.444 76.488 76.531 76.575 76.618 76.661 76.704 76.747 76.789
74.107 74.133 74.159 74.186 74.214 74.242 74.27 74.3 74.329 74.359 74.39 74.421 74.453 74.485 74.518 74.551 74.585 74.619 74.654 74.69 74.725 74.762 74.798 74.836 74.873 74.911 74.95 74.989 75.028 75.068 75.108 75.148 75.189 75.23 75.272 75.314 75.356 75.398 75.441 75.484 75.527 75.57 75.614 75.657 75.701 75.745 75.789 75.833 75.878 75.922 75.967 76.011 76.056 76.1 76.145 76.189 76.234 76.278 76.323 76.367 76.411 76.455 76.499 76.543 76.586 76.629 76.673 76.716 76.758 76.801 76.843 76.885
74.214 74.24 74.267 74.294 74.322 74.35 74.379 74.408 74.438 74.468 74.499 74.53 74.562 74.594 74.627 74.66 74.694 74.729 74.763 74.799 74.834 74.871 74.907 74.944 74.982 75.02 75.058 75.097 75.136 75.176 75.216 75.256 75.297 75.338 75.379 75.42 75.462 75.504 75.547 75.589 75.632 75.675 75.718 75.762 75.805 75.849 75.893 75.937 75.981 76.025 76.069 76.113 76.157 76.201 76.246 76.29 76.334 76.378 76.422 76.466 76.51 76.553 76.597 76.64 76.683 76.726 76.769 76.812 76.854 76.897 76.938 76.98
74.319 74.346 74.373 74.4 74.428 74.457 74.486 74.515 74.545 74.575 74.606 74.638 74.67 74.702 74.735 74.768 74.802 74.837 74.871 74.907 74.942 74.978 75.015 75.052 75.09 75.127 75.166 75.204 75.243 75.283 75.322 75.362 75.403 75.444 75.485 75.526 75.568 75.609 75.652 75.694 75.736 75.779 75.822 75.865 75.908 75.952 75.995 76.039 76.082 76.126 76.17 76.214 76.258 76.302 76.345 76.389 76.433 76.477 76.52 76.564 76.607 76.651 76.694 76.737 76.78 76.823 76.865 76.907 76.949 76.991 77.033 77.074
