raw_data/humedad_relativa/hora15/rh15mar.txt
ncols         501
nrows         361
xllcorner     109.95
yllcorner     -45.05
cellsize      0.1
NODATA_value  -9999
[rows 96 to 127 of 361, columns 360 to 431 of 501]
61.849 62.441 63.523 64.175 64.78 64.384 65.895 66.397 66.86 67.286 67.677 68.04 68.383 68.711 69.031 69.349 69.666 69.988 70.316 70.652 70.996 71.35 71.712 72.082 72.461 72.845 73.236 73.63 74.027 74.426 74.824 75.221 75.616 76.006 76.392 76.772 77.146 77.512 77.871 78.223 78.566 78.901 79.228 79.547 79.859 80.162 80.458 80.748 81.03 81.306 81.576 81.84 82.098 82.352 82.6 82.845 83.085 83.321 83.553 83.782 84.008 84.232 84.452 84.67 84.886 85.099 85.311 85.521 85.729 85.936 86.141 86.345
61.139 61.887 62.662 63.519 64.137 64.698 65.094 65.79 66.257 66.68 67.065 67.42 67.754 68.075 68.391 68.706 69.025 69.351 69.685 70.03 70.386 70.752 71.129 71.516 71.912 72.316 72.725 73.139 73.555 73.973 74.39 74.805 75.217 75.624 76.026 76.42 76.807 77.186 77.557 77.919 78.271 78.615 78.95 79.276 79.593 79.902 80.203 80.497 80.783 81.062 81.335 81.602 81.863 82.119 82.37 82.616 82.858 83.096 83.33 83.56 83.788 84.013 84.235 84.454 84.671 84.886 85.099 85.31 85.52 85.728 85.935 86.14
59.834 60.145 61.959 62.858 63.491 64.096 64.665 65.188 65.657 66.075 66.448 66.788 67.109 67.42 67.728 68.04 68.36 68.689 69.031 69.386 69.754 70.135 70.528 70.933 71.348 71.772 72.202 72.637 73.074 73.513 73.95 74.385 74.815 75.24 75.658 76.067 76.469 76.861 77.243 77.615 77.977 78.329 78.672 79.004 79.328 79.642 79.948 80.245 80.535 80.818 81.094 81.363 81.626 81.884 82.137 82.385 82.629 82.868 83.104 83.336 83.565 83.791 84.014 84.235 84.454 84.67 84.884 85.097 85.308 85.518 85.726 85.933
54.958 57.039 60.284 62.187 62.836 63.462 64.052 64.591 65.063 65.468 65.821 66.14 66.442 66.739 67.04 67.348 67.668 68.002 68.352 68.717 69.099 69.496 69.908 70.333 70.769 71.214 71.667 72.125 72.585 73.046 73.505 73.96 74.41 74.854 75.289 75.715 76.13 76.535 76.93 77.312 77.684 78.045 78.394 78.733 79.062 79.382 79.692 79.993 80.287 80.572 80.851 81.122 81.388 81.648 81.902 82.152 82.397 82.638 82.875 83.109 83.339 83.567 83.791 84.014 84.233 84.451 84.667 84.881 85.093 85.304 85.514 85.722
56.126 55.198 54.786 60.286 62.164 62.815 63.434 63.997 64.472 64.855 65.175 65.465 65.745 66.028 66.319 66.625 66.946 67.286 67.645 68.023 68.42 68.835 69.267 69.714 70.173 70.643 71.121 71.603 72.088 72.573 73.056 73.533 74.004 74.467 74.92 75.363 75.793 76.212 76.618 77.012 77.393 77.761 78.118 78.464 78.798 79.122 79.436 79.741 80.037 80.326 80.606 80.88 81.148 81.409 81.666 81.917 82.163 82.406 82.644 82.879 83.111 83.34 83.566 83.789 84.01 84.229 84.446 84.662 84.876 85.088 85.299 85.509
54.017 53.315 57.671 56.257 58.389 62.136 62.795 63.403 63.885 64.223 64.494 64.749 65.007 65.277 65.562 65.866 66.191 66.538 66.908 67.301 67.715 68.151 68.605 69.076 69.562 70.058 70.563 71.073 71.585 72.096 72.603 73.105 73.598 74.081 74.553 75.013 75.459 75.891 76.309 76.713 77.104 77.48 77.844 78.195 78.534 78.863 79.18 79.488 79.787 80.078 80.361 80.637 80.906 81.169 81.427 81.679 81.927 82.171 82.411 82.647 82.88 83.11 83.337 83.562 83.784 84.004 84.223 84.44 84.655 84.869 85.081 85.293
54.578 54.248 55.526 55.241 55.788 61.27 61.514 62.727 63.29 63.529 63.747 63.974 64.217 64.479 64.763 65.069 65.4 65.757 66.14 66.55 66.984 67.442 67.922 68.42 68.934 69.46 69.995 70.534 71.075 71.615 72.149 72.676 73.193 73.698 74.189 74.666 75.128 75.574 76.004 76.418 76.817 77.202 77.571 77.928 78.272 78.604 78.925 79.235 79.537 79.829 80.114 80.391 80.662 80.926 81.185 81.439 81.688 81.933 82.174 82.411 82.645 82.876 83.105 83.331 83.555 83.776 83.996 84.215 84.431 84.647 84.861 85.074
55.018 55.794 56.181 55.99 54.503 55.493 61.033 61.727 62.381 62.684 62.845 63.125 63.368 63.631 63.888 64.231 64.572 64.941 65.34 65.769 66.226 66.71 67.217 67.746 68.291 68.85 69.417 69.989 70.562 71.132 71.695 72.249 72.79 73.318 73.83 74.325 74.802 75.262 75.703 76.128 76.535 76.926 77.302 77.663 78.01 78.346 78.669 78.982 79.285 79.579 79.865 80.144 80.416 80.681 80.941 81.196 81.446 81.692 81.934 82.172 82.407 82.64 82.869 83.097 83.322 83.545 83.766 83.986 84.204 84.421 84.637 84.851
54.507 54.99 54.965 53.297 54.749 55.46 57.527 60.755 58.826 60.336 61.82 62.126 62.459 62.733 63.03 63.353 63.705 64.09 64.507 64.958 65.44 65.952 66.491 67.053 67.633 68.228 68.831 69.438 70.046 70.648 71.242 71.824 72.392 72.943 73.476 73.989 74.482 74.955 75.408 75.842 76.257 76.654 77.034 77.4 77.75 78.088 78.414 78.728 79.033 79.328 79.615 79.894 80.167 80.433 80.694 80.95 81.201 81.447 81.69 81.93 82.166 82.4 82.631 82.859 83.086 83.31 83.533 83.754 83.974 84.192 84.41 84.626
53.63 53.486 54.131 55.236 54.493 55.527 57.189 59.114 60.045 55.922 60.101 61.21 61.482 61.771 62.059 62.435 62.802 63.203 63.641 64.115 64.626 65.169 65.743 66.342 66.961 67.595 68.238 68.884 69.528 70.166 70.793 71.406 72.001 72.576 73.13 73.662 74.17 74.656 75.119 75.561 75.983 76.386 76.77 77.138 77.492 77.831 78.158 78.473 78.779 79.075 79.362 79.642 79.915 80.182 80.444 80.7 80.952 81.199 81.443 81.684 81.921 82.156 82.388 82.618 82.846 83.072 83.296 83.519 83.74 83.96 84.179 84.397
52.702 53.163 53.836 54.743 54.597 53.688 53.902 55.413 58.56 59.302 59.438 60.12 60.415 60.729 61.096 61.458 61.863 62.283 62.742 63.242 63.783 64.362 64.974 65.614 66.276 66.954 67.64 68.328 69.012 69.688 70.35 70.995 71.618 72.219 72.794 73.343 73.867 74.365 74.838 75.287 75.715 76.121 76.509 76.879 77.234 77.574 77.902 78.217 78.523 78.819 79.107 79.387 79.66 79.928 80.19 80.447 80.699 80.947 81.192 81.434 81.672 81.908 82.141 82.373 82.602 82.829 83.055 83.279 83.502 83.724 83.945 84.165
52.29 52.616 53.388 53.591 54.092 54.511 55.822 56.374 54.07 58.254 58.62 59.022 59.381 59.677 60.055 60.433 60.893 61.329 61.811 62.339 62.914 63.531 64.186 64.871 65.581 66.306 67.039 67.772 68.5 69.217 69.916 70.594 71.247 71.873 72.469 73.037 73.574 74.083 74.565 75.02 75.452 75.861 76.25 76.622 76.977 77.317 77.644 77.96 78.265 78.561 78.848 79.128 79.402 79.669 79.932 80.189 80.442 80.691 80.937 81.179 81.419 81.656 81.891 82.123 82.354 82.583 82.81 83.036 83.261 83.485 83.707 83.929
51.461 51.191 52.151 52.444 53.563 52.718 54.232 54.81 54.618 56.99 57.395 57.933 58.289 58.533 58.638 59.341 59.885 60.346 60.583 61.407 62.017 62.677 63.379 64.115 64.876 65.653 66.437 67.22 67.995 68.755 69.493 70.206 70.889 71.541 72.159 72.743 73.293 73.812 74.3 74.76 75.194 75.605 75.994 76.365 76.719 77.059 77.385 77.699 78.004 78.299 78.586 78.866 79.139 79.407 79.669 79.927 80.181 80.431 80.677 80.921 81.161 81.4 81.636 81.87 82.102 82.332 82.561 82.789 83.016 83.241 83.466 83.689
50.51 51.265 51.921 52.292 52.745 53.121 53.535 52.298 55.213 55.706 55.182 56.712 57.174 55.932 57.699 57.438 58.515 59.184 59.833 60.446 61.095 61.678 62.556 63.348 64.166 65 65.839 66.675 67.5 68.305 69.085 69.834 70.548 71.225 71.864 72.463 73.025 73.552 74.044 74.507 74.941 75.352 75.74 76.109 76.461 76.799 77.123 77.436 77.739 78.033 78.319 78.598 78.871 79.139 79.402 79.66 79.914 80.165 80.412 80.657 80.899 81.138 81.376 81.611 81.845 82.077 82.308 82.538 82.766 82.994 83.22 83.446
49.367 50.209 50.781 51.405 52.082 51.705 52.735 52.769 53.315 51.696 55.062 55.368 55.957 56.368 56.784 55.289 57.324 57.865 58.525 59.073 59.649 60.474 61.664 62.573 63.454 64.349 65.248 66.141 67.018 67.871 68.694 69.481 70.227 70.929 71.587 72.2 72.772 73.303 73.798 74.26 74.693 75.101 75.486 75.852 76.201 76.535 76.857 77.168 77.469 77.762 78.047 78.325 78.598 78.866 79.129 79.387 79.642 79.894 80.142 80.388 80.631 80.872 81.111 81.348 81.584 81.818 82.051 82.282 82.513 82.742 82.971 83.199
48.648 48.923 49.688 50.278 51.073 51.627 51.439 52.216 51.926 53.096 52.16 52.632 54.911 55.334 55.617 54.784 56.062 53.377 56.207 57.489 58.155 59.801 60.359 61.797 62.745 63.706 64.668 65.62 66.552 65.016 68.324 69.15 69.927 70.654 71.33 71.955 72.532 73.066 73.56 74.019 74.448 74.851 75.231 75.592 75.937 76.268 76.586 76.894 77.193 77.484 77.768 78.046 78.319 78.586 78.849 79.108 79.364 79.617 79.866 80.113 80.358 80.601 80.842 81.081 81.318 81.554 81.789 82.022 82.255 82.487 82.718 82.948
47.981 48.015 48.781 49.527 50.097 50.23 51.052 51.513 51.74 51.727 51.259 51.85 53.741 54.279 53.421 54.112 54.901 55.242 55.586 56.735 57.438 57.776 59.442 60.821 61.996 63.075 62.807 65.116 66.107 67.064 66.383 68.844 69.653 70.404 71.095 71.728 72.308 72.84 73.329 73.782 74.204 74.6 74.973 75.328 75.668 75.994 76.309 76.614 76.91 77.2 77.482 77.76 78.032 78.3 78.563 78.823 79.08 79.334 79.585 79.833 80.08 80.324 80.566 80.807 81.047 81.285 81.522 81.758 81.993 82.227 82.46 82.693
46.844 47.572 47.072 48.074 48.736 49.104 50.071 50.478 50.96 49.633 50.573 50.152 50.671 53.233 53.13 52.689 52.235 53.512 54.558 54.992 55.825 57.553 56.188 58.264 59.724 62.278 61.666 63.875 65.683 66.696 67.205 67.651 69.407 70.18 70.883 71.521 72.098 72.624 73.104 73.547 73.959 74.345 74.71 75.058 75.391 75.712 76.022 76.324 76.619 76.906 77.188 77.465 77.737 78.005 78.27 78.531 78.789 79.044 79.296 79.547 79.795 80.041 80.286 80.529 80.771 81.011 81.25 81.489 81.726 81.963 82.199 82.434
46.195 46.82 47.223 47.087 47.839 48.271 48.673 49 49.702 50.559 50.566 49.929 49.627 50.618 51.869 52.635 52.473 52.725 53.261 53.269 54.584 55.136 56.902 58.391 58.218 61.71 62.965 62.975 64.913 66.353 67.369 68.318 69.191 69.984 70.695 71.331 71.901 72.414 72.881 73.31 73.708 74.083 74.438 74.777 75.104 75.419 75.726 76.025 76.317 76.604 76.885 77.162 77.434 77.703 77.968 78.231 78.49 78.747 79.001 79.254 79.504 79.753 79.999 80.245 80.489 80.732 80.974 81.214 81.454 81.694 81.932 82.171
45.731 46.289 46.702 47.05 46.669 47.3 48.255 48.166 47.483 48.664 49.807 49.474 48.601 51.23 50.364 50.882 52.012 52.042 51.488 51.609 52.809 54.323 55.97 56.123 55.914 60.775 62.482 63.724 64.903 66.035 67.107 66.538 69.008 69.817 70.531 71.159 71.713 72.207 72.654 73.065 73.448 73.809 74.153 74.483 74.803 75.114 75.417 75.713 76.004 76.29 76.571 76.848 77.122 77.392 77.659 77.923 78.184 78.443 78.699 78.954 79.207 79.458 79.707 79.955 80.202 80.447 80.692 80.935 81.178 81.42 81.662 81.903
45.243 45.661 46.064 46.392 46.432 46.964 47.576 47.944 47.964 48.271 49.346 49.17 50.032 48.661 49.215 50.557 51.161 50.896 51.246 51.164 52.283 53.118 53.434 55.271 54.484 60.56 61.97 63.298 64.539 65.737 66.871 67.919 68.859 69.682 70.39 70.999 71.527 71.994 72.417 72.806 73.171 73.518 73.851 74.173 74.486 74.792 75.092 75.387 75.677 75.963 76.245 76.524 76.799 77.071 77.34 77.606 77.87 78.131 78.39 78.647 78.903 79.156 79.408 79.659 79.909 80.157 80.405 80.651 80.897 81.142 81.387 81.631
44.632 44.978 45.012 45.741 45.961 46.278 46.74 47.1 47.007 47.66 48.183 47.984 47.89 48.439 48.137 49.411 49.701 50.642 50.942 51.563 52.236 53.466 54.426 55.866 55.271 59.744 61.271 62.808 64.179 65.45 66.657 67.766 68.194 69.577 70.267 70.843 71.334 71.766 72.159 72.524 72.87 73.203 73.526 73.841 74.149 74.453 74.751 75.046 75.337 75.624 75.907 76.188 76.465 76.74 77.011 77.28 77.547 77.811 78.073 78.333 78.592 78.848 79.103 79.357 79.61 79.861 80.112 80.362 80.611 80.859 81.107 81.354
43.821 44.303 44.713 45.061 45.376 45.595 46.139 45.728 46.813 47.255 47.063 46.737 47.387 47.183 46.928 47.537 49.11 49.608 50.655 50.906 52.248 53.299 53.069 55.507 54.896 56.91 60.058 61.646 63.808 65.157 66.45 67.638 68.667 67.533 70.152 70.675 71.116 71.506 71.867 72.209 72.538 72.859 73.174 73.484 73.79 74.092 74.391 74.687 74.98 75.27 75.556 75.84 76.12 76.398 76.673 76.945 77.215 77.483 77.748 78.012 78.274 78.534 78.792 79.049 79.305 79.56 79.814 80.067 80.32 80.571 80.823 81.073
43.305 43.599 43.986 44.358 44.611 44.904 45.484 45.073 46.109 46.333 46.515 46.477 46.229 45.774 47.15 46.939 48.048 49.304 49.735 50.792 50.117 52.642 52.032 54.962 55.994 56.912 56.056 60.031 63.395 64.829 66.224 67.522 68.623 69.442 67.769 70.468 70.847 71.195 71.526 71.848 72.165 72.479 72.79 73.098 73.405 73.709 74.011 74.31 74.606 74.9 75.191 75.479 75.763 76.045 76.325 76.601 76.875 77.146 77.416 77.683 77.948 78.212 78.474 78.735 78.994 79.253 79.51 79.767 80.023 80.279 80.534 80.788
42.655 42.978 43.356 43.728 44.061 44.401 44.676 44.784 45.176 45.69 44.98 45.736 46.157 46.205 46.51 46.686 46.993 48.117 48.898 49.457 49.953 51.785 52.669 52.488 53.453 54.769 52.001 59.251 61.178 63.905 65.901 67.361 68.607 69.372 69.82 70.171 70.494 70.809 71.12 71.432 71.744 72.057 72.369 72.681 72.992 73.301 73.608 73.913 74.216 74.515 74.811 75.105 75.395 75.682 75.966 76.247 76.526 76.801 77.075 77.346 77.616 77.884 78.15 78.414 78.678 78.94 79.201 79.462 79.722 79.981 80.24 80.498
41.932 42.319 42.673 42.886 43.292 43.671 43.868 44.212 44.594 44.838 44.597 44.863 45.292 45.321 45.79 45.975 46.52 47.22 47.872 49.034 50.33 50.441 52.387 52.14 53.077 52.567 55.426 59.833 61.414 63.242 65.151 66.812 68.529 69.126 69.426 69.721 70.02 70.326 70.637 70.952 71.269 71.589 71.91 72.23 72.55 72.868 73.183 73.497 73.807 74.114 74.417 74.718 75.014 75.307 75.597 75.884 76.167 76.448 76.726 77.002 77.276 77.548 77.818 78.087 78.355 78.621 78.887 79.151 79.415 79.678 79.941 80.203
41.259 41.662 41.981 42.101 42.566 42.815 42.887 43.3 43.798 44.29 44.256 44.6 44.907 44.919 45.353 45.116 45.837 46.681 47.544 48.558 49.334 48.999 51.093 52.338 52.339 52.109 55.583 58.405 60.86 62.886 64.173 66.03 67.568 68.314 68.726 69.072 69.405 69.736 70.069 70.403 70.738 71.074 71.41 71.745 72.078 72.408 72.736 73.06 73.381 73.697 74.009 74.317 74.622 74.922 75.218 75.511 75.8 76.086 76.37 76.65 76.929 77.206 77.481 77.754 78.026 78.296 78.566 78.835 79.103 79.371 79.638 79.904
40.489 40.932 41.31 41.461 41.904 42.207 42.182 42.441 42.982 43.525 43.836 43.952 44.287 44.547 44.723 44.833 45.079 45.263 46.894 47.643 48.56 49.13 49.966 51.82 51.604 52.304 53.84 57.953 60.31 59.817 63.603 64.505 66.266 67.138 67.784 68.249 68.66 69.046 69.421 69.789 70.153 70.514 70.872 71.227 71.578 71.925 72.267 72.605 72.937 73.265 73.587 73.905 74.217 74.525 74.829 75.128 75.424 75.716 76.005 76.291 76.575 76.856 77.136 77.414 77.691 77.966 78.24 78.514 78.786 79.058 79.33 79.601
39.685 40.132 40.507 40.833 41.016 40.789 41.667 42.072 42.618 42.968 43.201 43.461 43.688 43.926 43.994 44.45 45.004 45.558 46.255 46.881 47.54 48.072 49.294 50.23 51.875 53.052 51.758 53.648 57.523 59.534 60.519 59.766 64.613 66.028 66.739 67.318 67.818 68.274 68.704 69.117 69.519 69.912 70.299 70.678 71.051 71.418 71.778 72.131 72.478 72.819 73.153 73.481 73.803 74.119 74.43 74.737 75.039 75.338 75.633 75.924 76.214 76.5 76.785 77.068 77.349 77.629 77.908 78.186 78.464 78.741 79.017 79.292
39.027 39.316 39.727 40.172 40.586 40.874 41.215 41.516 41.857 42.321 42.516 42.538 43.091 43.303 43.644 44.063 44.44 44.962 45.212 45.902 46.794 47.47 48.539 49.687 51.738 53.096 53.371 52.864 57.352 55.649 60.317 60.679 62.983 64.88 65.645 66.333 66.917 67.445 67.935 68.399 68.844 69.275 69.694 70.102 70.501 70.89 71.27 71.641 72.004 72.359 72.706 73.045 73.377 73.703 74.023 74.337 74.647 74.952 75.253 75.55 75.845 76.137 76.427 76.715 77.002 77.287 77.571 77.854 78.136 78.418 78.699 78.979
38.58 38.706 39.134 39.559 39.981 40.451 40.776 41.002 41.435 41.677 41.858 42.073 42.566 42.826 43.102 43.46 43.855 44.323 44.693 45.365 46.032 46.582 47.684 48.761 50.666 52.408 53.833 54.651 56.5 57.701 57.926 60.846 59.745 62.207 64.095 65.332 65.986 66.58 66.214 67.647 68.138 68.609 69.064 69.504 69.93 70.344 70.747 71.138 71.518 71.888 72.248 72.6 72.943 73.279 73.607 73.929 74.246 74.558 74.865 75.169 75.47 75.768 76.063 76.356 76.648 76.939 77.228 77.516 77.804 78.09 78.376 78.662
38.13 38.098 38.684 39.037 39.393 39.957 40.299 40.589 40.897 40.951 41.095 41.304 41.93 42.254 42.536 42.874 43.239 43.6 44.033 44.593 45.392 45.832 46.847 47.971 50.112 51.628 53.02 54.36 55.479 56.427 58.251 56.941 59.806 61.708 63.416 64.333 65.046 65.699 66.304 66.872 67.41 67.923 68.415 68.888 69.344 69.785 70.21 70.622 71.021 71.407 71.782 72.146 72.5 72.846 73.183 73.514 73.838 74.157 74.471 74.781 75.088 75.391 75.692 75.991 76.289 76.585 76.879 77.173 77.466 77.758 78.049 78.34
