raw_data/humedad_relativa/hora15/rh15jun.txt
ncols         501
nrows         361
xllcorner     109.95
yllcorner     -45.05
cellsize      0.1
NODATA_value  -9999
[rows 32 to 63 of 361, columns 288 to 359 of 501]
58.705 58.552 58.404 58.261 58.123 57.99 57.863 57.741 57.624 57.513 57.407 57.307 57.213 57.124 57.042 56.965 56.894 56.83 56.772 56.721 56.676 56.639 56.61 56.589 56.577 56.577 56.589 56.617 56.665 56.737 56.873 56.994 57.281 57.551 57.902 58.088 58.453 58.913 59.402 59.696 59.653 59.858 60.13 60.395 60.71 61.023 61.333 61.64 61.945 62.246 62.546 62.843 63.139 63.434 63.728 64.021 64.314 64.607 64.899 65.191 65.484 65.776 66.068 66.359 66.65 66.94 67.229 67.517 67.803 68.087 68.37 68.65
58.398 58.244 58.096 57.952 57.814 57.681 57.554 57.431 57.314 57.203 57.097 56.996 56.901 56.812 56.729 56.652 56.581 56.515 56.456 56.404 56.358 56.318 56.286 56.262 56.246 56.239 56.244 56.263 56.3 56.362 56.481 56.623 56.848 57.061 57.589 57.827 58.149 58.543 58.976 59.373 59.746 60.585 60.145 60.203 60.526 60.846 61.162 61.475 61.784 62.09 62.393 62.694 62.994 63.292 63.589 63.886 64.183 64.479 64.776 65.072 65.369 65.666 65.963 66.259 66.556 66.851 67.146 67.439 67.731 68.021 68.309 68.595
58.074 57.921 57.773 57.63 57.493 57.36 57.233 57.111 56.994 56.883 56.777 56.677 56.583 56.494 56.411 56.334 56.262 56.197 56.138 56.085 56.038 55.997 55.964 55.937 55.917 55.905 55.903 55.912 55.937 55.993 56.134 56.301 56.682 56.84 57.026 57.344 57.75 58.195 58.548 59.257 59.819 60.485 59.988 60.331 61.736 60.673 60.994 61.311 61.624 61.933 62.24 62.544 62.846 63.147 63.448 63.748 64.048 64.348 64.649 64.95 65.251 65.553 65.855 66.157 66.459 66.76 67.06 67.359 67.657 67.953 68.247 68.539
57.734 57.583 57.436 57.295 57.158 57.027 56.901 56.78 56.664 56.554 56.449 56.35 56.257 56.169 56.087 56.01 55.94 55.875 55.817 55.764 55.718 55.677 55.643 55.615 55.593 55.579 55.571 55.572 55.584 55.613 55.791 55.847 56.141 56.446 56.757 57.256 57.456 57.852 58.281 58.702 59.152 59.866 59.881 60.31 61.002 60.503 60.829 61.15 61.466 61.777 62.086 62.392 62.697 63 63.303 63.607 63.91 64.214 64.519 64.824 65.13 65.437 65.744 66.052 66.359 66.666 66.973 67.278 67.582 67.884 68.184 68.481
57.377 57.229 57.085 56.946 56.811 56.682 56.558 56.438 56.324 56.216 56.113 56.015 55.923 55.837 55.757 55.682 55.613 55.55 55.493 55.442 55.397 55.358 55.325 55.298 55.277 55.262 55.253 55.25 55.254 55.266 55.292 55.387 55.621 56.057 56.5 56.939 57.284 57.66 58.156 58.455 59.082 59.961 60.715 59.886 61.773 61.037 60.667 60.99 61.308 61.621 61.931 62.239 62.545 62.85 63.156 63.461 63.768 64.075 64.384 64.694 65.005 65.317 65.63 65.943 66.257 66.57 66.883 67.194 67.505 67.813 68.12 68.423
57.005 56.86 56.72 56.583 56.452 56.325 56.203 56.087 55.975 55.869 55.768 55.673 55.583 55.499 55.421 55.349 55.282 55.222 55.167 55.119 55.077 55.041 55.011 54.988 54.97 54.959 54.953 54.953 54.959 54.97 54.988 55.067 55.45 55.854 56.399 56.597 57.051 57.551 58.39 58.567 58.677 59.58 59.566 60.325 61.443 60.423 60.868 60.832 61.15 61.464 61.775 62.083 62.39 62.696 63.003 63.311 63.621 63.932 64.245 64.559 64.875 65.193 65.511 65.831 66.151 66.47 66.79 67.108 67.425 67.741 68.054 68.364
56.618 56.477 56.341 56.208 56.08 55.957 55.839 55.725 55.616 55.513 55.415 55.323 55.236 55.155 55.08 55.01 54.947 54.89 54.84 54.795 54.757 54.726 54.701 54.683 54.672 54.667 54.671 54.681 54.702 54.735 54.833 54.912 55.408 55.677 55.985 56.483 56.879 57.376 57.958 58.33 58.526 58.963 59.367 60.359 60.803 60.048 60.351 60.675 60.993 61.305 61.615 61.923 62.23 62.537 62.846 63.156 63.468 63.783 64.1 64.419 64.741 65.064 65.388 65.714 66.041 66.368 66.694 67.02 67.344 67.667 67.987 68.304
56.216 56.081 55.949 55.821 55.697 55.578 55.463 55.353 55.248 55.149 55.054 54.965 54.882 54.804 54.733 54.667 54.608 54.555 54.509 54.47 54.437 54.412 54.394 54.383 54.381 54.387 54.403 54.431 54.473 54.57 54.895 54.797 55.038 55.538 55.824 56.33 56.79 57.222 58.161 58.064 58.717 58.875 59.328 60.968 60.559 60.133 60.195 60.518 60.833 61.144 61.451 61.758 62.064 62.372 62.682 62.994 63.309 63.627 63.949 64.273 64.6 64.929 65.261 65.593 65.927 66.261 66.595 66.929 67.261 67.591 67.919 68.243
55.801 55.671 55.545 55.422 55.303 55.188 55.078 54.972 54.872 54.776 54.685 54.6 54.521 54.448 54.38 54.319 54.265 54.217 54.176 54.142 54.116 54.098 54.088 54.087 54.095 54.115 54.146 54.193 54.281 54.394 54.755 55.023 55.064 55.581 55.72 56.172 56.661 57.225 57.596 58.02 58.556 58.928 59.358 60.242 60.442 60.883 60.062 60.359 60.671 60.978 61.282 61.586 61.892 62.199 62.51 62.824 63.142 63.464 63.79 64.12 64.453 64.789 65.127 65.468 65.809 66.151 66.493 66.835 67.175 67.513 67.849 68.182
55.372 55.249 55.129 55.012 54.898 54.789 54.683 54.582 54.486 54.395 54.309 54.228 54.153 54.085 54.022 53.966 53.917 53.874 53.84 53.812 53.794 53.783 53.782 53.792 53.812 53.845 53.893 53.959 54.048 54.184 54.53 54.832 54.911 55.188 55.586 55.968 56.429 56.931 57.51 57.872 58.432 58.79 59.645 59.83 60.321 62.222 59.944 60.197 60.503 60.805 61.105 61.406 61.71 62.017 62.328 62.645 62.966 63.293 63.624 63.959 64.299 64.642 64.988 65.336 65.686 66.037 66.388 66.738 67.087 67.434 67.778 68.119
54.932 54.816 54.702 54.591 54.483 54.379 54.279 54.183 54.092 54.006 53.925 53.849 53.779 53.715 53.658 53.607 53.564 53.527 53.499 53.479 53.468 53.466 53.475 53.495 53.528 53.575 53.639 53.723 53.83 53.98 54.225 54.455 54.673 55.06 55.446 55.848 56.449 56.802 57.138 57.603 58.18 58.833 59.194 60.384 60.249 60.913 59.937 61.112 60.328 60.623 60.918 61.215 61.517 61.823 62.136 62.455 62.78 63.111 63.448 63.79 64.137 64.488 64.843 65.2 65.559 65.918 66.279 66.638 66.996 67.352 67.706 68.055
54.481 54.372 54.265 54.161 54.059 53.961 53.866 53.776 53.69 53.609 53.533 53.462 53.398 53.339 53.288 53.243 53.205 53.175 53.154 53.141 53.138 53.145 53.163 53.194 53.239 53.3 53.378 53.478 53.602 53.757 53.983 54.208 54.825 54.977 55.327 55.806 56.225 56.607 56.921 57.546 58.027 58.631 59.161 60.049 59.689 60.881 59.999 60.825 60.141 60.428 60.716 61.01 61.31 61.616 61.931 62.253 62.582 62.919 63.262 63.612 63.967 64.327 64.69 65.057 65.426 65.795 66.166 66.535 66.903 67.269 67.632 67.991
54.019 53.918 53.818 53.721 53.625 53.533 53.445 53.36 53.28 53.204 53.134 53.069 53.01 52.957 52.911 52.872 52.841 52.817 52.803 52.798 52.803 52.819 52.847 52.888 52.944 53.017 53.109 53.223 53.361 53.53 53.77 53.998 54.343 54.755 55.086 55.407 55.802 56.243 56.704 57.185 57.713 58.171 58.715 59.174 59.445 59.896 59.663 61.915 60.108 60.216 60.498 60.788 61.087 61.394 61.711 62.037 62.371 62.715 63.066 63.424 63.788 64.157 64.531 64.908 65.287 65.668 66.049 66.429 66.808 67.184 67.557 67.926
53.549 53.455 53.363 53.272 53.183 53.098 53.015 52.937 52.862 52.792 52.728 52.668 52.615 52.568 52.528 52.495 52.47 52.453 52.446 52.448 52.461 52.486 52.523 52.574 52.641 52.725 52.829 52.954 53.129 53.31 53.577 53.91 54.337 54.617 54.816 55.161 55.59 56.169 56.651 57.032 57.521 58.439 58.508 59.981 59.379 60.505 59.749 60.271 59.713 59.982 60.259 60.546 60.845 61.154 61.474 61.805 62.147 62.497 62.857 63.224 63.599 63.979 64.363 64.752 65.143 65.535 65.928 66.32 66.711 67.098 67.482 67.861
53.07 52.984 52.899 52.815 52.734 52.654 52.578 52.506 52.437 52.373 52.314 52.261 52.213 52.172 52.138 52.111 52.093 52.083 52.082 52.092 52.113 52.145 52.191 52.251 52.328 52.421 52.535 52.67 52.859 53.052 53.349 53.658 54.045 54.259 54.515 54.965 55.53 55.872 56.29 56.801 57.328 58.061 58.722 59.138 59.712 60.435 60.242 60.186 59.458 59.72 59.994 60.281 60.581 60.894 61.22 61.557 61.907 62.266 62.636 63.014 63.399 63.791 64.188 64.589 64.993 65.398 65.804 66.208 66.611 67.01 67.406 67.796
52.584 52.506 52.428 52.351 52.276 52.204 52.134 52.068 52.005 51.947 51.894 51.847 51.805 51.77 51.742 51.721 51.709 51.705 51.711 51.728 51.756 51.796 51.85 51.918 52.003 52.105 52.227 52.384 52.582 52.8 53.013 53.294 53.566 53.887 54.266 54.725 55.215 55.841 56.008 56.598 57.142 57.854 58.545 58.733 59.163 60.752 60.331 59.191 59.167 59.427 59.701 59.99 60.294 60.613 60.945 61.291 61.65 62.02 62.401 62.791 63.189 63.594 64.005 64.42 64.837 65.256 65.675 66.093 66.509 66.921 67.329 67.731
52.091 52.02 51.95 51.88 51.812 51.746 51.683 51.623 51.567 51.515 51.468 51.426 51.39 51.361 51.339 51.324 51.318 51.32 51.333 51.356 51.391 51.438 51.499 51.574 51.666 51.775 51.904 52.059 52.261 52.506 52.748 52.982 53.333 53.685 54.134 54.507 54.878 55.386 55.794 56.418 56.793 57.484 58.371 58.598 59.901 60.757 60.586 59.135 58.835 59.097 59.376 59.671 59.982 60.308 60.65 61.007 61.377 61.759 62.153 62.556 62.969 63.388 63.813 64.243 64.676 65.11 65.544 65.976 66.406 66.832 67.253 67.667
51.592 51.529 51.466 51.404 51.342 51.283 51.226 51.172 51.122 51.076 51.035 50.999 50.969 50.945 50.928 50.92 50.919 50.928 50.946 50.975 51.016 51.07 51.137 51.219 51.317 51.432 51.566 51.751 51.92 52.133 52.421 52.729 53.072 53.431 53.945 54.343 55.004 55.519 55.601 56.035 56.512 56.954 57.565 58.487 58.445 58.718 58.376 58.347 58.46 58.731 59.019 59.323 59.644 59.981 60.334 60.703 61.086 61.482 61.89 62.309 62.736 63.172 63.613 64.059 64.508 64.958 65.408 65.856 66.301 66.742 67.176 67.604
51.088 51.033 50.977 50.921 50.867 50.814 50.763 50.715 50.671 50.631 50.595 50.565 50.541 50.523 50.512 50.508 50.513 50.528 50.552 50.586 50.633 50.692 50.764 50.851 50.954 51.074 51.212 51.369 51.576 51.824 52.068 52.37 52.644 52.992 53.446 53.941 54.38 54.837 55.223 55.588 56.098 56.71 57.059 58.057 58.309 58.788 58.016 57.873 58.068 58.33 58.63 58.946 59.28 59.63 59.996 60.379 60.777 61.189 61.613 62.048 62.493 62.946 63.405 63.869 64.335 64.803 65.27 65.735 66.196 66.652 67.101 67.543
50.58 50.532 50.483 50.434 50.386 50.339 50.295 50.253 50.215 50.18 50.15 50.126 50.106 50.094 50.088 50.09 50.1 50.12 50.149 50.189 50.24 50.304 50.381 50.472 50.579 50.702 50.843 51.003 51.182 51.424 51.642 51.977 52.208 52.618 52.955 53.4 53.881 54.397 54.861 55.15 55.638 56.343 56.801 57.143 57.819 57.606 57.374 57.434 57.652 57.896 58.212 58.542 58.89 59.255 59.637 60.036 60.45 60.879 61.321 61.775 62.239 62.711 63.189 63.672 64.157 64.644 65.129 65.612 66.09 66.562 67.027 67.483
50.068 50.027 49.984 49.942 49.9 49.86 49.821 49.786 49.753 49.724 49.7 49.68 49.666 49.659 49.658 49.665 49.68 49.704 49.738 49.782 49.838 49.905 49.986 50.081 50.191 50.317 50.46 50.62 50.799 51.011 51.268 51.511 51.808 52.162 52.502 52.87 53.398 53.933 54.208 54.687 55.169 55.906 56.6 56.471 56.75 57.322 57.111 57.116 57.39 57.434 57.766 58.113 58.477 58.858 59.257 59.673 60.106 62.361 61.015 61.489 61.973 62.466 62.965 63.468 63.975 64.481 64.986 65.488 65.984 66.474 66.955 67.427
49.553 49.518 49.482 49.446 49.411 49.376 49.344 49.314 49.286 49.263 49.244 49.229 49.22 49.217 49.221 49.233 49.252 49.281 49.319 49.367 49.426 49.498 49.582 49.679 49.791 49.919 50.062 50.223 50.408 50.636 50.878 51.146 51.417 51.774 52.107 52.516 52.88 53.38 53.6 54.194 54.591 54.916 55.978 55.729 56.522 56.736 57.247 56.754 57.169 57.075 57.296 57.66 58.041 58.44 58.857 59.292 61.685 62.602 60.695 61.191 61.697 62.212 62.733 63.259 63.787 64.315 64.841 65.363 65.879 66.387 66.886 67.373
49.036 49.007 48.977 48.947 48.918 48.889 48.862 48.837 48.815 48.797 48.783 48.773 48.769 48.77 48.779 48.794 48.818 48.85 48.892 48.943 49.006 49.08 49.167 49.266 49.38 49.508 49.652 49.811 49.997 50.23 50.475 50.734 51.029 51.365 51.743 52.007 52.392 52.711 53.111 53.537 53.903 54.628 55.491 55.588 55.792 56.844 56.314 56.421 56.508 56.667 56.804 57.184 57.583 58 58.699 59.515 60.183 60.668 60.394 60.88 61.41 61.949 62.495 63.045 63.596 64.148 64.696 65.239 65.776 66.303 66.82 67.325
48.516 48.494 48.47 48.446 48.422 48.398 48.377 48.357 48.34 48.327 48.317 48.312 48.312 48.318 48.33 48.35 48.377 48.413 48.458 48.512 48.577 48.654 48.742 48.843 48.957 49.085 49.228 49.387 49.569 49.805 50.055 50.334 50.577 50.887 51.205 51.511 51.911 52.293 52.677 53.057 53.422 54.374 54.702 54.849 54.958 55.959 55.933 56.279 56.129 56.003 56.303 56.706 57.105 57.993 58.01 58.556 59.507 61.712 60.859 60.558 61.113 61.678 62.25 62.825 63.402 63.978 64.55 65.117 65.675 66.223 66.759 67.281
47.996 47.979 47.961 47.942 47.923 47.905 47.888 47.874 47.861 47.852 47.847 47.846 47.851 47.86 47.877 47.9 47.93 47.969 48.016 48.073 48.14 48.218 48.308 48.409 48.524 48.652 48.793 48.95 49.141 49.355 49.602 49.85 50.132 50.407 50.689 50.986 51.342 51.704 52.098 52.518 52.956 53.298 54.327 53.964 54.408 55.055 55.315 56.035 55.365 55.49 55.831 56.206 56.618 57.077 57.679 58.081 58.725 60.435 61.42 60.37 60.808 61.4 61.999 62.602 63.206 63.808 64.406 64.996 65.577 66.147 66.703 67.244
47.474 47.462 47.45 47.436 47.422 47.409 47.397 47.387 47.379 47.375 47.374 47.377 47.385 47.398 47.418 47.444 47.477 47.518 47.568 47.627 47.696 47.775 47.865 47.967 48.081 48.208 48.348 48.501 48.686 48.902 49.117 49.361 49.637 49.898 50.193 50.499 50.802 51.148 51.525 51.901 52.258 52.877 52.997 53.378 53.773 54.319 54.793 54.42 54.694 54.946 55.302 55.731 56.116 56.59 57.104 57.942 58.409 58.943 59.952 60.132 61.752 61.155 61.744 62.376 63.009 63.639 64.263 64.879 65.485 66.077 66.654 67.214
46.952 46.946 46.938 46.929 46.92 46.911 46.904 46.898 46.895 46.894 46.897 46.903 46.915 46.932 46.954 46.983 47.019 47.062 47.114 47.175 47.244 47.324 47.415 47.516 47.63 47.755 47.893 48.043 48.214 48.419 48.64 48.883 49.137 49.413 49.695 49.996 50.313 50.605 50.933 51.298 51.713 52.102 52.464 52.766 53.35 53.609 53.694 53.837 54.085 54.373 54.767 55.183 55.613 56.097 56.629 57.352 57.87 58.561 59.14 59.951 60.785 61.882 62.247 62.148 62.811 63.471 64.123 64.767 65.397 66.013 66.612 67.192
46.43 46.428 46.425 46.421 46.416 46.412 46.409 46.407 46.407 46.41 46.417 46.427 46.441 46.461 46.486 46.518 46.556 46.601 46.654 46.716 46.787 46.867 46.957 47.058 47.17 47.294 47.429 47.576 47.753 47.936 48.163 48.393 48.622 48.872 49.157 49.45 49.753 50.064 50.403 50.782 51.021 51.361 51.713 52.279 52.506 53.359 53.359 53.868 53.47 53.955 54.231 54.647 55.118 55.581 56.139 56.753 57.398 58.032 58.774 59.924 60.896 62.555 63.116 63.102 62.654 63.305 63.988 64.659 65.317 65.958 66.579 67.18
45.909 45.911 45.912 45.912 45.912 45.912 45.912 45.914 45.918 45.925 45.934 45.948 45.965 45.987 46.015 46.048 46.088 46.135 46.189 46.252 46.323 46.403 46.493 46.593 46.704 46.825 46.958 47.102 47.257 47.441 47.651 47.874 48.087 48.379 48.631 48.912 49.199 49.558 49.907 50.166 50.502 50.889 51.154 51.674 52.014 52.439 52.824 52.965 52.97 53.317 53.676 54.11 54.611 55.069 55.644 56.258 56.9 57.677 58.37 59.111 60.657 62.659 62.629 63.189 62.702 63.143 63.858 64.559 65.245 65.911 66.557 67.179
45.388 45.395 45.4 45.404 45.407 45.411 45.415 45.42 45.428 45.437 45.45 45.466 45.486 45.51 45.54 45.575 45.617 45.665 45.72 45.783 45.854 45.934 46.024 46.122 46.231 46.35 46.48 46.62 46.772 46.95 47.142 47.351 47.567 47.837 48.083 48.38 48.638 48.908 49.24 49.52 49.868 50.135 50.452 50.808 51.213 51.735 51.943 52.138 52.394 53.063 53.145 53.564 54.081 54.569 55.159 55.766 56.451 57.344 58.181 58.769 59.693 60.943 61.62 61.981 62.285 62.987 63.734 64.467 65.182 65.876 66.546 67.189
44.869 44.879 44.888 44.896 44.902 44.909 44.917 44.926 44.936 44.948 44.964 44.982 45.004 45.031 45.062 45.099 45.142 45.191 45.247 45.31 45.381 45.461 45.549 45.646 45.753 45.869 45.996 46.133 46.281 46.443 46.642 46.827 47.044 47.299 47.542 47.796 48.05 48.319 48.681 48.943 49.217 49.526 49.833 50.239 50.619 51.003 51.279 51.455 52.029 52.317 52.56 53.021 53.492 54.036 54.625 55.253 55.96 56.75 57.47 58.307 59.239 60.619 61.634 61.916 62.362 62.837 63.619 64.385 65.13 65.852 66.547 67.214
44.352 44.365 44.377 44.388 44.398 44.409 44.419 44.431 44.444 44.459 44.476 44.497 44.521 44.55 44.583 44.621 44.664 44.714 44.77 44.834 44.904 44.983 45.07 45.166 45.27 45.384 45.508 45.641 45.791 45.956 46.124 46.288 46.512 46.742 46.983 47.271 47.539 47.776 48.078 48.35 48.58 48.872 49.231 49.605 49.89 50.285 50.596 50.923 51.543 51.761 52.058 52.564 52.881 53.51 54.093 54.772 55.48 56.247 57.176 58.131 58.801 59.981 60.904 62.02 61.979 62.695 63.513 64.313 65.091 65.842 66.563 67.253
