raw_data/humedad_relativa/hora15/rh15mar.txt
ncols         501
nrows         361
xllcorner     109.95
yllcorner     -45.05
cellsize      0.1
NODATA_value  -9999
[rows 288 to 319 of 361, columns 72 to 143 of 501]
59.041 59.048 59.059 59.074 59.093 59.116 59.143 59.175 59.211 59.251 59.296 59.346 59.4 59.459 59.522 59.589 59.662 59.738 59.819 59.905 59.994 60.088 60.186 60.287 60.393 60.502 60.615 60.731 60.85 60.973 61.098 61.226 61.357 61.49 61.626 61.763 61.902 62.043 62.186 62.329 62.474 62.62 62.767 62.914 63.062 63.21 63.358 63.506 63.654 63.801 63.948 64.095 64.241 64.386 64.53 64.673 64.815 64.956 65.095 65.234 65.371 65.506 65.64 65.772 65.903 66.032 66.159 66.284 66.408 66.529 66.649 66.766
59.241 59.25 59.263 59.28 59.301 59.326 59.355 59.388 59.425 59.467 59.513 59.563 59.618 59.677 59.74 59.808 59.88 59.957 60.037 60.122 60.211 60.303 60.4 60.5 60.605 60.712 60.823 60.938 61.055 61.176 61.299 61.425 61.553 61.684 61.817 61.952 62.089 62.228 62.367 62.509 62.651 62.794 62.939 63.083 63.228 63.374 63.52 63.665 63.811 63.956 64.101 64.245 64.389 64.532 64.674 64.815 64.956 65.095 65.233 65.369 65.505 65.639 65.771 65.902 66.031 66.159 66.285 66.409 66.531 66.652 66.771 66.887
59.436 59.448 59.463 59.482 59.505 59.531 59.562 59.596 59.635 59.678 59.725 59.776 59.831 59.89 59.954 60.022 60.094 60.17 60.25 60.334 60.422 60.514 60.61 60.709 60.812 60.918 61.028 61.14 61.256 61.375 61.496 61.62 61.746 61.875 62.006 62.138 62.273 62.409 62.546 62.685 62.825 62.966 63.108 63.25 63.393 63.536 63.679 63.822 63.966 64.109 64.252 64.394 64.536 64.677 64.817 64.956 65.095 65.232 65.368 65.503 65.637 65.77 65.901 66.03 66.158 66.285 66.409 66.532 66.654 66.773 66.891 67.007
59.628 59.641 59.659 59.68 59.704 59.732 59.765 59.8 59.84 59.884 59.932 59.984 60.04 60.1 60.163 60.231 60.303 60.379 60.459 60.542 60.63 60.721 60.815 60.913 61.015 61.12 61.228 61.339 61.453 61.57 61.689 61.811 61.935 62.062 62.19 62.321 62.453 62.587 62.722 62.859 62.996 63.135 63.274 63.414 63.555 63.695 63.836 63.978 64.119 64.26 64.4 64.54 64.68 64.819 64.958 65.095 65.232 65.368 65.502 65.636 65.768 65.899 66.029 66.157 66.284 66.409 66.532 66.654 66.775 66.893 67.01 67.125
59.815 59.831 59.851 59.874 59.9 59.93 59.963 60 60.041 60.086 60.135 60.187 60.244 60.304 60.368 60.436 60.508 60.584 60.663 60.746 60.833 60.923 61.017 61.114 61.214 61.318 61.424 61.534 61.646 61.761 61.879 61.999 62.121 62.246 62.372 62.5 62.63 62.762 62.895 63.029 63.165 63.301 63.438 63.576 63.714 63.853 63.992 64.131 64.27 64.408 64.547 64.685 64.823 64.96 65.097 65.233 65.368 65.502 65.635 65.767 65.897 66.027 66.155 66.282 66.408 66.532 66.654 66.775 66.894 67.012 67.128 67.242
60 60.018 60.039 60.064 60.092 60.123 60.158 60.196 60.238 60.284 60.334 60.387 60.444 60.504 60.569 60.637 60.709 60.784 60.863 60.946 61.032 61.121 61.214 61.31 61.409 61.511 61.617 61.725 61.835 61.949 62.065 62.183 62.303 62.426 62.551 62.677 62.805 62.934 63.065 63.197 63.33 63.465 63.599 63.735 63.871 64.008 64.144 64.281 64.418 64.555 64.692 64.828 64.964 65.1 65.234 65.368 65.502 65.634 65.766 65.896 66.025 66.153 66.28 66.406 66.53 66.653 66.775 66.894 67.013 67.129 67.245 67.358
60.181 60.2 60.224 60.25 60.279 60.312 60.348 60.388 60.431 60.478 60.528 60.582 60.64 60.701 60.765 60.833 60.905 60.98 61.059 61.141 61.226 61.315 61.407 61.502 61.6 61.701 61.805 61.912 62.021 62.133 62.247 62.364 62.483 62.603 62.726 62.85 62.976 63.104 63.232 63.363 63.494 63.626 63.758 63.892 64.026 64.16 64.295 64.43 64.565 64.7 64.835 64.969 65.103 65.237 65.37 65.502 65.634 65.765 65.895 66.024 66.152 66.278 66.404 66.528 66.651 66.773 66.894 67.012 67.13 67.246 67.36 67.472
60.358 60.38 60.405 60.432 60.463 60.498 60.535 60.576 60.62 60.668 60.719 60.773 60.831 60.893 60.957 61.026 61.097 61.172 61.251 61.332 61.417 61.505 61.596 61.69 61.788 61.888 61.99 62.096 62.203 62.314 62.427 62.541 62.658 62.777 62.898 63.021 63.145 63.27 63.397 63.525 63.654 63.784 63.915 64.047 64.179 64.311 64.444 64.577 64.71 64.843 64.976 65.109 65.241 65.373 65.504 65.635 65.765 65.894 66.023 66.15 66.277 66.402 66.526 66.649 66.771 66.892 67.011 67.129 67.245 67.36 67.474 67.585
60.532 60.556 60.582 60.611 60.644 60.68 60.718 60.76 60.805 60.854 60.906 60.961 61.019 61.081 61.146 61.214 61.286 61.361 61.439 61.52 61.604 61.691 61.782 61.875 61.971 62.07 62.172 62.276 62.382 62.491 62.602 62.716 62.831 62.948 63.067 63.188 63.31 63.434 63.559 63.685 63.812 63.94 64.069 64.199 64.329 64.459 64.59 64.721 64.853 64.984 65.115 65.246 65.377 65.507 65.636 65.766 65.894 66.022 66.149 66.275 66.4 66.524 66.647 66.769 66.89 67.009 67.127 67.244 67.36 67.474 67.586 67.697
60.703 60.728 60.756 60.787 60.821 60.858 60.898 60.941 60.987 61.036 61.089 61.144 61.203 61.265 61.33 61.399 61.47 61.545 61.623 61.703 61.787 61.874 61.964 62.056 62.151 62.249 62.35 62.452 62.558 62.665 62.775 62.887 63.001 63.116 63.234 63.353 63.473 63.595 63.718 63.842 63.968 64.094 64.221 64.349 64.477 64.606 64.735 64.864 64.994 65.123 65.252 65.382 65.51 65.639 65.767 65.895 66.022 66.148 66.273 66.398 66.522 66.645 66.767 66.887 67.007 67.125 67.242 67.358 67.473 67.586 67.698 67.808
60.87 60.897 60.927 60.959 60.994 61.033 61.074 61.118 61.165 61.215 61.268 61.324 61.383 61.446 61.511 61.58 61.651 61.726 61.803 61.884 61.967 62.053 62.142 62.234 62.328 62.425 62.524 62.626 62.73 62.836 62.944 63.055 63.167 63.281 63.397 63.514 63.633 63.753 63.875 63.997 64.121 64.245 64.371 64.496 64.623 64.75 64.877 65.005 65.132 65.26 65.388 65.515 65.643 65.77 65.896 66.022 66.148 66.273 66.397 66.52 66.643 66.764 66.885 67.004 67.123 67.24 67.356 67.471 67.585 67.697 67.808 67.917
61.035 61.063 61.094 61.128 61.165 61.204 61.246 61.291 61.339 61.39 61.444 61.5 61.56 61.623 61.688 61.757 61.828 61.903 61.98 62.06 62.143 62.228 62.317 62.408 62.501 62.597 62.695 62.796 62.899 63.004 63.111 63.22 63.331 63.443 63.558 63.673 63.791 63.909 64.029 64.15 64.271 64.394 64.518 64.642 64.767 64.892 65.017 65.143 65.269 65.395 65.521 65.647 65.773 65.898 66.023 66.148 66.272 66.396 66.518 66.64 66.762 66.882 67.001 67.12 67.237 67.353 67.469 67.582 67.695 67.807 67.917 68.025
61.196 61.226 61.259 61.294 61.332 61.372 61.415 61.461 61.51 61.561 61.616 61.673 61.733 61.796 61.862 61.93 62.002 62.076 62.153 62.233 62.315 62.4 62.488 62.578 62.671 62.766 62.863 62.963 63.065 63.168 63.274 63.382 63.491 63.603 63.715 63.83 63.945 64.062 64.18 64.3 64.42 64.541 64.663 64.785 64.908 65.032 65.156 65.28 65.404 65.529 65.653 65.778 65.902 66.026 66.149 66.272 66.395 66.517 66.639 66.759 66.879 66.998 67.117 67.234 67.35 67.465 67.58 67.693 67.804 67.915 68.024 68.132
61.355 61.386 61.42 61.457 61.495 61.537 61.581 61.628 61.677 61.73 61.785 61.842 61.903 61.966 62.032 62.101 62.172 62.246 62.323 62.403 62.485 62.569 62.656 62.746 62.838 62.932 63.028 63.127 63.227 63.33 63.435 63.541 63.649 63.759 63.87 63.983 64.097 64.213 64.329 64.447 64.566 64.685 64.805 64.926 65.048 65.17 65.292 65.415 65.537 65.66 65.783 65.906 66.029 66.151 66.273 66.395 66.516 66.637 66.757 66.877 66.996 67.113 67.231 67.347 67.462 67.576 67.689 67.802 67.912 68.022 68.131 68.238
61.511 61.543 61.578 61.616 61.656 61.699 61.744 61.791 61.842 61.895 61.95 62.008 62.069 62.133 62.199 62.268 62.339 62.413 62.49 62.569 62.65 62.734 62.821 62.91 63.001 63.094 63.19 63.287 63.387 63.489 63.592 63.697 63.804 63.913 64.023 64.134 64.247 64.361 64.476 64.592 64.709 64.827 64.946 65.065 65.185 65.306 65.426 65.547 65.669 65.79 65.911 66.033 66.154 66.275 66.396 66.516 66.636 66.756 66.875 66.993 67.11 67.227 67.343 67.458 67.573 67.686 67.798 67.909 68.019 68.128 68.236 68.342
61.663 61.698 61.734 61.773 61.814 61.857 61.903 61.952 62.003 62.056 62.112 62.171 62.232 62.296 62.362 62.431 62.503 62.577 62.653 62.732 62.813 62.897 62.983 63.071 63.161 63.254 63.349 63.445 63.544 63.644 63.747 63.851 63.956 64.064 64.172 64.282 64.394 64.506 64.62 64.735 64.85 64.967 65.084 65.202 65.32 65.439 65.559 65.678 65.798 65.918 66.038 66.158 66.278 66.397 66.517 66.636 66.754 66.873 66.99 67.107 67.224 67.339 67.454 67.568 67.682 67.794 67.905 68.016 68.125 68.233 68.34 68.446
61.814 61.849 61.887 61.926 61.968 62.013 62.06 62.109 62.161 62.215 62.272 62.331 62.392 62.456 62.523 62.592 62.663 62.737 62.813 62.892 62.973 63.056 63.141 63.229 63.319 63.41 63.504 63.6 63.698 63.797 63.899 64.002 64.106 64.212 64.32 64.428 64.538 64.65 64.762 64.875 64.99 65.105 65.22 65.337 65.454 65.571 65.689 65.807 65.926 66.044 66.163 66.281 66.4 66.518 66.636 66.754 66.871 66.988 67.105 67.221 67.336 67.45 67.564 67.677 67.79 67.901 68.011 68.121 68.229 68.336 68.443 68.548
61.961 61.998 62.036 62.077 62.12 62.166 62.213 62.263 62.316 62.371 62.428 62.487 62.549 62.613 62.68 62.749 62.821 62.894 62.97 63.049 63.129 63.212 63.297 63.384 63.473 63.564 63.657 63.752 63.849 63.948 64.048 64.15 64.253 64.358 64.464 64.572 64.681 64.791 64.902 65.013 65.126 65.24 65.354 65.469 65.585 65.701 65.818 65.934 66.051 66.168 66.286 66.403 66.52 66.637 66.754 66.87 66.987 67.102 67.218 67.332 67.446 67.56 67.673 67.785 67.896 68.007 68.116 68.225 68.332 68.439 68.544 68.649
62.106 62.144 62.183 62.225 62.269 62.316 62.364 62.415 62.468 62.523 62.581 62.641 62.703 62.768 62.834 62.903 62.975 63.049 63.124 63.202 63.283 63.365 63.449 63.536 63.624 63.715 63.807 63.901 63.997 64.095 64.194 64.295 64.397 64.501 64.606 64.713 64.82 64.929 65.039 65.149 65.261 65.373 65.486 65.6 65.714 65.829 65.944 66.06 66.175 66.291 66.407 66.523 66.639 66.755 66.87 66.985 67.1 67.215 67.329 67.443 67.556 67.668 67.78 67.891 68.001 68.111 68.22 68.327 68.434 68.54 68.645 68.749
62.248 62.287 62.328 62.371 62.416 62.463 62.512 62.564 62.617 62.673 62.731 62.791 62.854 62.919 62.986 63.055 63.126 63.2 63.276 63.353 63.433 63.515 63.599 63.685 63.773 63.863 63.955 64.048 64.143 64.24 64.338 64.438 64.539 64.642 64.746 64.851 64.958 65.065 65.174 65.283 65.394 65.505 65.616 65.729 65.842 65.955 66.069 66.183 66.297 66.412 66.527 66.641 66.756 66.87 66.985 67.099 67.213 67.326 67.439 67.552 67.664 67.775 67.886 67.996 68.105 68.214 68.322 68.429 68.535 68.64 68.744 68.847
62.388 62.428 62.47 62.513 62.559 62.607 62.657 62.709 62.764 62.82 62.879 62.939 63.002 63.067 63.134 63.203 63.275 63.348 63.424 63.501 63.581 63.663 63.746 63.832 63.919 64.008 64.099 64.192 64.286 64.382 64.48 64.578 64.679 64.78 64.883 64.988 65.093 65.199 65.307 65.415 65.524 65.634 65.744 65.855 65.967 66.079 66.192 66.305 66.418 66.531 66.644 66.758 66.871 66.985 67.098 67.211 67.323 67.436 67.548 67.659 67.77 67.881 67.991 68.1 68.208 68.316 68.423 68.529 68.634 68.739 68.842 68.944
62.525 62.566 62.609 62.654 62.7 62.749 62.8 62.853 62.907 62.964 63.023 63.084 63.147 63.213 63.28 63.349 63.421 63.494 63.569 63.647 63.726 63.807 63.891 63.976 64.062 64.151 64.241 64.333 64.427 64.522 64.618 64.716 64.816 64.917 65.018 65.122 65.226 65.331 65.437 65.544 65.652 65.761 65.87 65.98 66.091 66.202 66.313 66.425 66.536 66.649 66.761 66.873 66.985 67.097 67.209 67.321 67.433 67.544 67.655 67.765 67.875 67.985 68.094 68.202 68.31 68.417 68.523 68.628 68.733 68.836 68.939 69.041
62.66 62.702 62.746 62.791 62.839 62.888 62.94 62.993 63.049 63.106 63.165 63.227 63.29 63.355 63.423 63.492 63.564 63.637 63.712 63.789 63.869 63.949 64.032 64.117 64.203 64.291 64.381 64.472 64.565 64.659 64.755 64.852 64.95 65.05 65.151 65.253 65.356 65.461 65.566 65.672 65.778 65.886 65.994 66.103 66.212 66.322 66.432 66.543 66.653 66.764 66.875 66.986 67.098 67.209 67.319 67.43 67.541 67.651 67.761 67.87 67.979 68.088 68.196 68.303 68.41 68.516 68.621 68.726 68.83 68.933 69.035 69.136
62.793 62.835 62.88 62.927 62.975 63.025 63.077 63.131 63.187 63.245 63.305 63.366 63.43 63.496 63.563 63.633 63.704 63.777 63.852 63.929 64.008 64.089 64.171 64.255 64.341 64.429 64.518 64.608 64.7 64.794 64.889 64.985 65.083 65.182 65.282 65.383 65.485 65.588 65.692 65.797 65.903 66.009 66.116 66.224 66.332 66.441 66.55 66.659 66.769 66.878 66.988 67.098 67.208 67.318 67.428 67.538 67.647 67.756 67.865 67.974 68.082 68.189 68.296 68.403 68.509 68.614 68.719 68.822 68.925 69.028 69.129 69.23
62.923 62.967 63.012 63.059 63.108 63.159 63.212 63.267 63.323 63.381 63.441 63.504 63.567 63.633 63.701 63.77 63.842 63.915 63.99 64.067 64.145 64.226 64.308 64.391 64.477 64.564 64.652 64.742 64.834 64.926 65.021 65.116 65.213 65.311 65.41 65.51 65.611 65.713 65.817 65.92 66.025 66.13 66.236 66.343 66.45 66.557 66.665 66.774 66.882 66.991 67.1 67.209 67.317 67.426 67.535 67.644 67.752 67.86 67.968 68.076 68.183 68.29 68.396 68.501 68.607 68.711 68.815 68.918 69.02 69.122 69.222 69.322
63.051 63.095 63.142 63.19 63.24 63.291 63.345 63.4 63.457 63.515 63.576 63.638 63.702 63.768 63.836 63.906 63.977 64.05 64.125 64.202 64.28 64.36 64.442 64.525 64.61 64.696 64.784 64.874 64.964 65.057 65.15 65.245 65.341 65.438 65.536 65.635 65.736 65.837 65.939 66.042 66.145 66.25 66.355 66.46 66.566 66.673 66.779 66.887 66.994 67.102 67.209 67.317 67.425 67.533 67.641 67.748 67.856 67.963 68.07 68.177 68.283 68.389 68.494 68.599 68.703 68.807 68.91 69.012 69.114 69.215 69.315 69.414
63.177 63.222 63.269 63.318 63.369 63.421 63.475 63.53 63.588 63.647 63.708 63.77 63.835 63.901 63.969 64.038 64.11 64.183 64.258 64.334 64.412 64.492 64.573 64.656 64.741 64.827 64.914 65.003 65.093 65.184 65.277 65.371 65.466 65.563 65.66 65.758 65.858 65.958 66.059 66.161 66.264 66.367 66.471 66.575 66.68 66.786 66.892 66.998 67.104 67.211 67.318 67.424 67.531 67.638 67.745 67.852 67.958 68.064 68.17 68.276 68.381 68.486 68.591 68.695 68.798 68.901 69.003 69.105 69.206 69.306 69.406 69.504
63.3 63.347 63.394 63.444 63.495 63.548 63.602 63.659 63.716 63.776 63.837 63.9 63.965 64.031 64.099 64.169 64.24 64.313 64.388 64.464 64.542 64.621 64.702 64.785 64.869 64.954 65.041 65.13 65.219 65.31 65.402 65.495 65.59 65.685 65.782 65.879 65.978 66.077 66.178 66.279 66.38 66.483 66.586 66.689 66.793 66.898 67.002 67.107 67.213 67.318 67.424 67.53 67.636 67.742 67.848 67.953 68.059 68.164 68.269 68.374 68.479 68.583 68.686 68.79 68.892 68.994 69.096 69.197 69.297 69.397 69.496 69.594
63.422 63.469 63.517 63.568 63.62 63.673 63.728 63.785 63.843 63.903 63.964 64.027 64.092 64.159 64.227 64.297 64.368 64.441 64.516 64.592 64.669 64.749 64.829 64.912 64.995 65.08 65.167 65.254 65.343 65.433 65.525 65.617 65.711 65.806 65.902 65.999 66.096 66.195 66.294 66.394 66.495 66.596 66.698 66.801 66.904 67.007 67.111 67.215 67.32 67.424 67.529 67.634 67.739 67.844 67.949 68.054 68.158 68.263 68.367 68.471 68.575 68.678 68.781 68.883 68.985 69.086 69.187 69.288 69.387 69.486 69.584 69.682
63.541 63.589 63.638 63.689 63.742 63.796 63.851 63.908 63.967 64.027 64.089 64.153 64.218 64.284 64.353 64.422 64.494 64.567 64.641 64.717 64.795 64.874 64.954 65.036 65.119 65.204 65.289 65.377 65.465 65.555 65.646 65.737 65.831 65.925 66.02 66.116 66.212 66.31 66.409 66.508 66.608 66.708 66.809 66.911 67.013 67.116 67.219 67.322 67.425 67.529 67.633 67.737 67.841 67.945 68.049 68.153 68.256 68.36 68.463 68.567 68.669 68.772 68.874 68.975 69.077 69.177 69.277 69.377 69.476 69.574 69.672 69.769
63.659 63.707 63.757 63.809 63.862 63.916 63.972 64.03 64.089 64.15 64.212 64.275 64.341 64.408 64.476 64.546 64.617 64.69 64.764 64.84 64.917 64.996 65.076 65.158 65.241 65.325 65.41 65.497 65.585 65.674 65.764 65.855 65.948 66.041 66.135 66.231 66.327 66.424 66.521 66.62 66.719 66.818 66.919 67.019 67.121 67.222 67.324 67.427 67.529 67.632 67.735 67.838 67.941 68.044 68.147 68.25 68.353 68.456 68.558 68.661 68.763 68.864 68.966 69.067 69.167 69.267 69.366 69.465 69.564 69.661 69.758 69.855
63.774 63.823 63.874 63.926 63.98 64.035 64.091 64.149 64.209 64.27 64.332 64.396 64.462 64.529 64.597 64.667 64.738 64.811 64.885 64.961 65.038 65.117 65.197 65.278 65.36 65.444 65.529 65.615 65.703 65.791 65.881 65.971 66.063 66.156 66.249 66.344 66.439 66.535 66.632 66.73 66.828 66.927 67.026 67.126 67.226 67.327 67.428 67.53 67.631 67.733 67.835 67.938 68.04 68.142 68.244 68.346 68.449 68.55 68.652 68.754 68.855 68.956 69.056 69.156 69.256 69.355 69.454 69.552 69.65 69.747 69.844 69.94
