raw_data/humedad_relativa/hora15/rh15jul.txt
ncols         501
nrows         361
xllcorner     109.95
yllcorner     -45.05
cellsize      0.1
NODATA_value  -9999
[rows 320 to 351 of 361, columns 144 to 215 of 501]
77.012 77.018 77.025 77.032 77.04 77.048 77.058 77.067 77.078 77.089 77.1 77.112 77.125 77.138 77.152 77.167 77.182 77.198 77.214 77.231 77.249 77.267 77.286 77.306 77.326 77.346 77.368 77.39 77.412 77.435 77.459 77.483 77.508 77.534 77.56 77.587 77.614 77.642 77.67 77.7 77.729 77.759 77.79 77.821 77.853 77.886 77.919 77.952 77.986 78.021 78.056 78.091 78.127 78.164 78.2 78.238 78.276 78.314 78.352 78.391 78.431 78.47 78.51 78.551 78.591 78.632 78.673 78.714 78.756 78.798 78.839 78.881
77.174 77.18 77.187 77.195 77.203 77.211 77.221 77.23 77.241 77.252 77.264 77.276 77.289 77.302 77.316 77.331 77.346 77.362 77.378 77.395 77.413 77.431 77.45 77.469 77.489 77.51 77.531 77.553 77.576 77.599 77.622 77.646 77.671 77.697 77.722 77.749 77.776 77.804 77.832 77.861 77.89 77.92 77.951 77.982 78.013 78.045 78.078 78.111 78.144 78.179 78.213 78.248 78.284 78.32 78.356 78.393 78.43 78.468 78.506 78.544 78.583 78.622 78.661 78.701 78.741 78.781 78.821 78.862 78.902 78.943 78.984 79.025
77.335 77.341 77.348 77.356 77.364 77.373 77.382 77.392 77.403 77.414 77.425 77.438 77.451 77.464 77.478 77.493 77.508 77.524 77.54 77.557 77.575 77.593 77.612 77.631 77.651 77.672 77.693 77.715 77.737 77.76 77.784 77.808 77.832 77.857 77.883 77.91 77.936 77.964 77.992 78.02 78.049 78.079 78.109 78.14 78.171 78.203 78.235 78.268 78.301 78.335 78.369 78.403 78.438 78.474 78.51 78.546 78.583 78.62 78.657 78.695 78.733 78.771 78.81 78.849 78.888 78.928 78.967 79.007 79.047 79.087 79.127 79.168
77.494 77.5 77.507 77.515 77.523 77.532 77.542 77.552 77.563 77.574 77.586 77.598 77.611 77.625 77.639 77.653 77.669 77.684 77.701 77.718 77.736 77.754 77.772 77.792 77.812 77.832 77.853 77.875 77.897 77.92 77.943 77.967 77.992 78.017 78.042 78.068 78.095 78.122 78.15 78.178 78.207 78.236 78.266 78.296 78.327 78.359 78.391 78.423 78.456 78.489 78.523 78.557 78.591 78.626 78.662 78.697 78.734 78.77 78.807 78.844 78.882 78.919 78.957 78.996 79.034 79.073 79.112 79.151 79.19 79.229 79.269 79.308
77.651 77.658 77.665 77.673 77.682 77.691 77.7 77.71 77.721 77.732 77.744 77.757 77.77 77.783 77.798 77.812 77.828 77.843 77.86 77.877 77.894 77.913 77.931 77.951 77.97 77.991 78.012 78.033 78.055 78.078 78.101 78.125 78.149 78.174 78.199 78.225 78.252 78.279 78.306 78.334 78.363 78.392 78.421 78.451 78.482 78.513 78.544 78.576 78.609 78.641 78.675 78.708 78.742 78.777 78.812 78.847 78.883 78.919 78.955 78.991 79.028 79.065 79.103 79.14 79.178 79.216 79.254 79.293 79.331 79.37 79.408 79.447
77.807 77.814 77.821 77.83 77.838 77.847 77.857 77.867 77.878 77.889 77.901 77.914 77.927 77.941 77.955 77.97 77.985 78.001 78.017 78.034 78.052 78.07 78.088 78.108 78.127 78.148 78.169 78.19 78.212 78.234 78.257 78.281 78.305 78.33 78.355 78.381 78.407 78.434 78.461 78.488 78.517 78.545 78.575 78.604 78.635 78.665 78.696 78.728 78.76 78.792 78.825 78.858 78.892 78.926 78.96 78.995 79.03 79.065 79.101 79.137 79.173 79.21 79.246 79.283 79.321 79.358 79.395 79.433 79.471 79.508 79.546 79.584
77.961 77.969 77.976 77.984 77.993 78.002 78.012 78.023 78.034 78.045 78.057 78.07 78.083 78.096 78.111 78.125 78.141 78.156 78.173 78.19 78.207 78.225 78.244 78.263 78.283 78.303 78.324 78.345 78.367 78.389 78.412 78.435 78.459 78.484 78.509 78.534 78.56 78.587 78.614 78.641 78.669 78.697 78.726 78.756 78.786 78.816 78.847 78.878 78.909 78.941 78.974 79.006 79.039 79.073 79.107 79.141 79.175 79.21 79.245 79.281 79.316 79.352 79.388 79.425 79.461 79.498 79.535 79.571 79.608 79.645 79.683 79.72
78.114 78.122 78.13 78.138 78.147 78.156 78.166 78.176 78.187 78.199 78.211 78.224 78.237 78.251 78.265 78.28 78.295 78.311 78.327 78.344 78.361 78.379 78.398 78.417 78.437 78.457 78.477 78.498 78.52 78.542 78.565 78.588 78.612 78.636 78.661 78.686 78.712 78.738 78.765 78.792 78.82 78.848 78.876 78.905 78.935 78.965 78.995 79.026 79.057 79.088 79.12 79.153 79.185 79.218 79.252 79.285 79.319 79.354 79.388 79.423 79.458 79.493 79.529 79.564 79.6 79.636 79.672 79.708 79.744 79.781 79.817 79.853
78.266 78.273 78.281 78.29 78.299 78.308 78.318 78.329 78.34 78.351 78.364 78.376 78.389 78.403 78.417 78.432 78.447 78.463 78.48 78.497 78.514 78.532 78.55 78.569 78.589 78.609 78.629 78.65 78.672 78.694 78.716 78.74 78.763 78.787 78.812 78.837 78.862 78.888 78.914 78.941 78.969 78.997 79.025 79.053 79.083 79.112 79.142 79.172 79.203 79.234 79.266 79.297 79.33 79.362 79.395 79.428 79.461 79.495 79.529 79.563 79.598 79.632 79.667 79.702 79.737 79.773 79.808 79.843 79.879 79.914 79.95 79.986
78.416 78.424 78.432 78.44 78.449 78.459 78.469 78.48 78.491 78.502 78.515 78.527 78.541 78.554 78.569 78.583 78.599 78.614 78.631 78.648 78.665 78.683 78.701 78.72 78.739 78.759 78.78 78.801 78.822 78.844 78.866 78.889 78.912 78.936 78.961 78.985 79.011 79.036 79.062 79.089 79.116 79.144 79.172 79.2 79.229 79.258 79.287 79.317 79.347 79.378 79.409 79.441 79.472 79.504 79.537 79.569 79.602 79.635 79.668 79.702 79.736 79.77 79.804 79.838 79.873 79.908 79.942 79.977 80.012 80.047 80.081 80.116
78.565 78.572 78.581 78.589 78.599 78.608 78.618 78.629 78.64 78.652 78.664 78.677 78.69 78.704 78.718 78.733 78.748 78.764 78.78 78.797 78.814 78.832 78.851 78.869 78.889 78.908 78.929 78.949 78.971 78.992 79.015 79.037 79.06 79.084 79.108 79.133 79.158 79.183 79.209 79.235 79.262 79.289 79.317 79.345 79.373 79.402 79.431 79.46 79.49 79.521 79.551 79.582 79.613 79.645 79.677 79.709 79.741 79.773 79.806 79.839 79.873 79.906 79.939 79.973 80.007 80.041 80.075 80.109 80.143 80.177 80.211 80.245
78.712 78.72 78.728 78.737 78.746 78.756 78.766 78.777 78.788 78.8 78.812 78.825 78.838 78.852 78.866 78.881 78.896 78.912 78.928 78.945 78.962 78.98 78.998 79.017 79.036 79.056 79.076 79.097 79.118 79.139 79.161 79.184 79.207 79.23 79.254 79.278 79.303 79.328 79.354 79.38 79.406 79.433 79.46 79.488 79.516 79.544 79.573 79.602 79.632 79.661 79.691 79.722 79.753 79.784 79.815 79.846 79.878 79.91 79.943 79.975 80.008 80.04 80.073 80.106 80.14 80.173 80.206 80.239 80.273 80.306 80.34 80.373
78.858 78.866 78.874 78.883 78.893 78.902 78.913 78.924 78.935 78.947 78.959 78.972 78.985 78.999 79.013 79.028 79.043 79.059 79.075 79.092 79.109 79.127 79.145 79.163 79.182 79.202 79.222 79.242 79.263 79.285 79.306 79.329 79.352 79.375 79.398 79.422 79.447 79.472 79.497 79.523 79.549 79.575 79.602 79.63 79.657 79.685 79.714 79.742 79.771 79.801 79.83 79.86 79.89 79.921 79.952 79.983 80.014 80.046 80.077 80.109 80.141 80.173 80.206 80.238 80.271 80.303 80.336 80.368 80.401 80.434 80.466 80.499
79.002 79.011 79.019 79.028 79.038 79.048 79.058 79.069 79.08 79.092 79.104 79.117 79.131 79.144 79.159 79.173 79.189 79.204 79.22 79.237 79.254 79.272 79.29 79.308 79.327 79.346 79.366 79.387 79.407 79.429 79.45 79.472 79.495 79.518 79.541 79.565 79.589 79.614 79.639 79.664 79.69 79.716 79.743 79.77 79.797 79.825 79.853 79.881 79.909 79.938 79.968 79.997 80.027 80.057 80.087 80.118 80.148 80.179 80.21 80.242 80.273 80.305 80.336 80.368 80.4 80.432 80.464 80.496 80.528 80.56 80.592 80.624
79.146 79.154 79.162 79.172 79.181 79.191 79.202 79.213 79.224 79.236 79.248 79.261 79.275 79.288 79.303 79.317 79.332 79.348 79.364 79.381 79.398 79.415 79.433 79.451 79.47 79.49 79.509 79.529 79.55 79.571 79.592 79.614 79.637 79.659 79.683 79.706 79.73 79.754 79.779 79.804 79.83 79.856 79.882 79.908 79.935 79.962 79.99 80.018 80.046 80.075 80.103 80.132 80.162 80.191 80.221 80.251 80.281 80.312 80.342 80.373 80.404 80.435 80.466 80.497 80.528 80.559 80.591 80.622 80.653 80.685 80.716 80.747
79.287 79.296 79.305 79.314 79.323 79.333 79.344 79.355 79.367 79.379 79.391 79.404 79.417 79.431 79.445 79.46 79.475 79.49 79.506 79.523 79.54 79.557 79.575 79.593 79.612 79.631 79.651 79.671 79.691 79.712 79.733 79.755 79.777 79.8 79.822 79.846 79.869 79.893 79.918 79.943 79.968 79.993 80.019 80.045 80.072 80.099 80.126 80.153 80.181 80.209 80.238 80.266 80.295 80.324 80.353 80.383 80.412 80.442 80.472 80.502 80.533 80.563 80.594 80.624 80.655 80.685 80.716 80.747 80.777 80.808 80.838 80.869
79.428 79.436 79.445 79.455 79.464 79.474 79.485 79.496 79.508 79.52 79.532 79.545 79.558 79.572 79.586 79.601 79.616 79.631 79.647 79.664 79.681 79.698 79.716 79.734 79.752 79.771 79.791 79.811 79.831 79.852 79.873 79.894 79.916 79.938 79.961 79.984 80.007 80.031 80.055 80.08 80.105 80.13 80.155 80.181 80.207 80.234 80.261 80.288 80.315 80.343 80.37 80.399 80.427 80.455 80.484 80.513 80.542 80.572 80.601 80.631 80.66 80.69 80.72 80.75 80.78 80.81 80.84 80.87 80.9 80.93 80.96 80.989
79.567 79.576 79.585 79.594 79.604 79.614 79.625 79.636 79.647 79.66 79.672 79.685 79.698 79.712 79.726 79.741 79.756 79.771 79.787 79.803 79.82 79.837 79.855 79.873 79.891 79.91 79.93 79.949 79.969 79.99 80.011 80.032 80.054 80.076 80.098 80.121 80.144 80.167 80.191 80.215 80.24 80.265 80.29 80.315 80.341 80.367 80.394 80.42 80.447 80.474 80.502 80.53 80.557 80.585 80.614 80.642 80.671 80.7 80.728 80.757 80.787 80.816 80.845 80.874 80.904 80.933 80.963 80.992 81.021 81.05 81.08 81.109
79.705 79.714 79.723 79.732 79.742 79.752 79.763 79.774 79.786 79.798 79.81 79.823 79.837 79.85 79.864 79.879 79.894 79.909 79.925 79.942 79.958 79.975 79.993 80.011 80.029 80.048 80.067 80.086 80.106 80.127 80.147 80.168 80.19 80.211 80.234 80.256 80.279 80.302 80.326 80.35 80.374 80.398 80.423 80.448 80.474 80.499 80.525 80.552 80.578 80.605 80.632 80.659 80.686 80.714 80.742 80.77 80.798 80.826 80.854 80.883 80.911 80.94 80.969 80.998 81.026 81.055 81.084 81.113 81.141 81.17 81.198 81.227
79.842 79.851 79.86 79.869 79.879 79.89 79.9 79.912 79.923 79.935 79.948 79.961 79.974 79.988 80.002 80.016 80.031 80.046 80.062 80.078 80.095 80.112 80.129 80.147 80.165 80.184 80.203 80.222 80.242 80.262 80.282 80.303 80.324 80.346 80.368 80.39 80.413 80.436 80.459 80.482 80.506 80.531 80.555 80.58 80.605 80.63 80.656 80.682 80.708 80.734 80.761 80.787 80.814 80.841 80.869 80.896 80.924 80.951 80.979 81.007 81.035 81.063 81.091 81.119 81.147 81.176 81.204 81.232 81.26 81.288 81.316 81.343
79.977 79.986 79.995 80.005 80.015 80.025 80.036 80.047 80.059 80.071 80.084 80.096 80.11 80.123 80.137 80.152 80.167 80.182 80.198 80.214 80.23 80.247 80.265 80.282 80.3 80.319 80.337 80.357 80.376 80.396 80.416 80.437 80.458 80.479 80.501 80.523 80.545 80.568 80.591 80.614 80.638 80.661 80.686 80.71 80.735 80.76 80.785 80.81 80.836 80.862 80.888 80.914 80.941 80.967 80.994 81.021 81.048 81.075 81.102 81.13 81.157 81.185 81.212 81.24 81.267 81.295 81.322 81.35 81.377 81.405 81.432 81.459
80.111 80.12 80.13 80.139 80.149 80.16 80.171 80.182 80.194 80.206 80.218 80.231 80.244 80.258 80.272 80.286 80.301 80.317 80.332 80.348 80.365 80.381 80.398 80.416 80.434 80.452 80.471 80.49 80.509 80.529 80.549 80.569 80.59 80.611 80.632 80.654 80.676 80.699 80.721 80.744 80.767 80.791 80.815 80.839 80.863 80.888 80.912 80.937 80.963 80.988 81.014 81.04 81.066 81.092 81.118 81.145 81.171 81.198 81.224 81.251 81.278 81.305 81.332 81.359 81.386 81.413 81.44 81.467 81.493 81.52 81.547 81.573
80.244 80.253 80.263 80.273 80.283 80.293 80.304 80.315 80.327 80.339 80.352 80.364 80.378 80.391 80.405 80.42 80.435 80.45 80.465 80.481 80.497 80.514 80.531 80.548 80.566 80.584 80.603 80.622 80.641 80.66 80.68 80.7 80.721 80.742 80.763 80.784 80.806 80.828 80.85 80.873 80.896 80.919 80.943 80.966 80.99 81.014 81.039 81.063 81.088 81.113 81.138 81.164 81.189 81.215 81.241 81.267 81.293 81.319 81.345 81.372 81.398 81.424 81.451 81.477 81.503 81.53 81.556 81.582 81.608 81.634 81.66 81.686
80.376 80.385 80.395 80.405 80.415 80.425 80.436 80.448 80.459 80.471 80.484 80.497 80.51 80.523 80.537 80.552 80.566 80.581 80.597 80.613 80.629 80.645 80.662 80.68 80.697 80.715 80.733 80.752 80.771 80.79 80.81 80.83 80.85 80.871 80.892 80.913 80.934 80.956 80.978 81.001 81.023 81.046 81.069 81.092 81.116 81.14 81.164 81.188 81.212 81.237 81.262 81.287 81.312 81.337 81.362 81.388 81.413 81.439 81.465 81.491 81.516 81.542 81.568 81.594 81.62 81.645 81.671 81.697 81.722 81.748 81.773 81.798
80.507 80.516 80.525 80.535 80.546 80.556 80.567 80.578 80.59 80.602 80.615 80.628 80.641 80.654 80.668 80.682 80.697 80.712 80.727 80.743 80.759 80.776 80.792 80.81 80.827 80.845 80.863 80.881 80.9 80.919 80.939 80.958 80.978 80.999 81.019 81.04 81.062 81.083 81.105 81.127 81.149 81.172 81.194 81.217 81.241 81.264 81.288 81.311 81.335 81.36 81.384 81.408 81.433 81.458 81.483 81.508 81.533 81.558 81.583 81.608 81.634 81.659 81.684 81.709 81.735 81.76 81.785 81.81 81.835 81.859 81.884 81.909
80.636 80.645 80.655 80.665 80.675 80.686 80.697 80.708 80.72 80.732 80.744 80.757 80.77 80.784 80.798 80.812 80.827 80.841 80.857 80.872 80.888 80.905 80.921 80.938 80.956 80.973 80.991 81.009 81.028 81.047 81.066 81.086 81.105 81.125 81.146 81.167 81.187 81.209 81.23 81.252 81.274 81.296 81.318 81.341 81.364 81.387 81.41 81.434 81.457 81.481 81.505 81.529 81.553 81.577 81.602 81.626 81.651 81.675 81.7 81.725 81.75 81.774 81.799 81.824 81.848 81.873 81.897 81.922 81.946 81.97 81.994 82.018
80.765 80.774 80.783 80.793 80.804 80.814 80.825 80.837 80.849 80.861 80.873 80.886 80.899 80.912 80.926 80.94 80.955 80.97 80.985 81 81.016 81.032 81.049 81.066 81.083 81.1 81.118 81.136 81.155 81.173 81.192 81.212 81.231 81.251 81.271 81.291 81.312 81.333 81.354 81.376 81.397 81.419 81.441 81.463 81.486 81.509 81.531 81.554 81.578 81.601 81.625 81.648 81.672 81.696 81.72 81.744 81.768 81.792 81.816 81.84 81.864 81.889 81.913 81.937 81.961 81.985 82.009 82.033 82.057 82.08 82.104 82.127
80.892 80.901 80.911 80.921 80.931 80.942 80.953 80.964 80.976 80.988 81 81.013 81.026 81.04 81.053 81.067 81.082 81.097 81.112 81.127 81.143 81.159 81.175 81.192 81.209 81.226 81.244 81.262 81.28 81.298 81.317 81.336 81.356 81.375 81.395 81.415 81.436 81.456 81.477 81.498 81.519 81.541 81.563 81.585 81.607 81.629 81.652 81.674 81.697 81.72 81.743 81.766 81.789 81.813 81.836 81.86 81.883 81.907 81.931 81.954 81.978 82.002 82.025 82.049 82.073 82.096 82.119 82.143 82.166 82.189 82.212 82.234
81.018 81.027 81.037 81.047 81.057 81.068 81.079 81.09 81.102 81.114 81.127 81.139 81.152 81.166 81.179 81.193 81.208 81.222 81.237 81.253 81.268 81.284 81.301 81.317 81.334 81.351 81.368 81.386 81.404 81.422 81.441 81.46 81.479 81.498 81.518 81.538 81.558 81.578 81.599 81.62 81.641 81.662 81.683 81.705 81.726 81.748 81.771 81.793 81.815 81.838 81.86 81.883 81.906 81.929 81.952 81.975 81.998 82.021 82.044 82.067 82.091 82.114 82.137 82.16 82.183 82.206 82.229 82.251 82.274 82.296 82.319 82.341
81.143 81.152 81.162 81.172 81.182 81.193 81.204 81.216 81.227 81.239 81.252 81.264 81.277 81.291 81.304 81.318 81.333 81.347 81.362 81.377 81.393 81.409 81.425 81.441 81.458 81.475 81.492 81.509 81.527 81.545 81.564 81.582 81.601 81.62 81.64 81.659 81.679 81.699 81.719 81.74 81.76 81.781 81.802 81.824 81.845 81.867 81.888 81.91 81.932 81.954 81.976 81.999 82.021 82.044 82.066 82.089 82.111 82.134 82.157 82.179 82.202 82.225 82.247 82.27 82.292 82.315 82.337 82.359 82.381 82.403 82.425 82.446
81.266 81.276 81.286 81.296 81.306 81.317 81.328 81.34 81.351 81.363 81.376 81.388 81.401 81.415 81.428 81.442 81.456 81.471 81.485 81.501 81.516 81.532 81.548 81.564 81.58 81.597 81.614 81.632 81.649 81.667 81.685 81.703 81.722 81.741 81.76 81.779 81.799 81.819 81.839 81.859 81.879 81.9 81.92 81.941 81.962 81.984 82.005 82.026 82.048 82.07 82.091 82.113 82.135 82.157 82.179 82.202 82.224 82.246 82.268 82.29 82.313 82.335 82.357 82.379 82.401 82.422 82.444 82.466 82.487 82.508 82.529 82.55
81.389 81.399 81.409 81.419 81.429 81.44 81.451 81.463 81.474 81.486 81.499 81.511 81.524 81.537 81.551 81.565 81.579 81.593 81.608 81.623 81.638 81.653 81.669 81.685 81.702 81.718 81.735 81.752 81.77 81.788 81.805 81.824 81.842 81.861 81.879 81.898 81.918 81.937 81.957 81.977 81.997 82.017 82.037 82.058 82.079 82.099 82.12 82.142 82.163 82.184 82.205 82.227 82.248 82.27 82.292 82.313 82.335 82.357 82.378 82.4 82.422 82.443 82.465 82.486 82.508 82.529 82.55 82.571 82.592 82.613 82.633 82.654
