raw_data/humedad_relativa/hora15/rh15nov.txt
ncols         501
nrows         361
xllcorner     109.95
yllcorner     -45.05
cellsize      0.1
NODATA_value  -9999
[rows 320 to 351 of 361, columns 216 to 287 of 501]
75.701 75.71 75.719 75.727 75.735 75.742 75.749 75.755 75.761 75.765 75.77 75.773 75.775 75.777 75.778 75.778 75.777 75.774 75.771 75.766 75.761 75.754 75.745 75.735 75.724 75.711 75.696 75.679 75.661 75.641 75.619 75.595 75.569 75.541 75.51 75.478 75.443 75.406 75.366 75.324 75.28 75.233 75.184 75.132 75.078 75.022 74.963 74.902 74.839 74.773 74.706 74.636 74.564 74.49 74.415 74.338 74.259 74.179 74.098 74.015 73.932 73.848 73.763 73.678 73.593 73.508 73.423 73.338 73.254 73.171 73.089 73.008
75.833 75.842 75.85 75.859 75.866 75.873 75.88 75.886 75.891 75.895 75.899 75.902 75.905 75.906 75.906 75.906 75.904 75.902 75.898 75.893 75.887 75.879 75.871 75.86 75.849 75.835 75.82 75.804 75.785 75.765 75.743 75.719 75.693 75.665 75.635 75.602 75.568 75.531 75.492 75.451 75.407 75.361 75.313 75.263 75.21 75.155 75.097 75.038 74.976 74.912 74.847 74.779 74.709 74.638 74.564 74.49 74.414 74.336 74.258 74.178 74.097 74.016 73.935 73.853 73.77 73.688 73.606 73.525 73.444 73.364 73.284 73.206
75.962 75.971 75.98 75.988 75.995 76.002 76.008 76.014 76.019 76.023 76.027 76.029 76.031 76.032 76.033 76.032 76.03 76.027 76.023 76.018 76.011 76.003 75.994 75.984 75.972 75.958 75.943 75.926 75.908 75.887 75.865 75.841 75.815 75.787 75.757 75.725 75.691 75.655 75.616 75.576 75.533 75.488 75.441 75.391 75.34 75.286 75.23 75.172 75.112 75.049 74.985 74.919 74.852 74.782 74.712 74.639 74.565 74.49 74.414 74.337 74.259 74.181 74.102 74.023 73.943 73.864 73.785 73.706 73.628 73.551 73.474 73.399
76.089 76.098 76.107 76.114 76.122 76.128 76.134 76.14 76.145 76.149 76.152 76.154 76.156 76.157 76.156 76.155 76.153 76.15 76.146 76.14 76.133 76.125 76.116 76.105 76.093 76.079 76.064 76.047 76.028 76.008 75.986 75.962 75.936 75.908 75.878 75.847 75.813 75.777 75.739 75.699 75.657 75.613 75.566 75.518 75.467 75.415 75.36 75.304 75.245 75.184 75.122 75.058 74.992 74.925 74.856 74.786 74.714 74.642 74.568 74.493 74.418 74.342 74.266 74.189 74.112 74.036 73.959 73.883 73.808 73.733 73.659 73.586
76.214 76.223 76.231 76.239 76.246 76.253 76.258 76.264 76.268 76.272 76.275 76.277 76.278 76.279 76.278 76.277 76.274 76.271 76.266 76.26 76.253 76.245 76.235 76.224 76.212 76.198 76.182 76.165 76.147 76.126 76.104 76.08 76.055 76.027 75.998 75.966 75.933 75.897 75.86 75.821 75.779 75.736 75.69 75.643 75.594 75.542 75.489 75.433 75.376 75.317 75.257 75.194 75.13 75.065 74.998 74.93 74.86 74.79 74.719 74.646 74.573 74.5 74.426 74.352 74.278 74.203 74.129 74.056 73.983 73.91 73.839 73.768
76.337 76.346 76.354 76.361 76.368 76.375 76.38 76.385 76.389 76.393 76.396 76.398 76.399 76.399 76.398 76.396 76.394 76.39 76.385 76.379 76.371 76.363 76.353 76.342 76.329 76.315 76.299 76.282 76.264 76.243 76.221 76.197 76.172 76.144 76.115 76.084 76.051 76.016 75.979 75.941 75.9 75.857 75.813 75.766 75.718 75.667 75.615 75.561 75.506 75.448 75.389 75.328 75.266 75.202 75.137 75.071 75.004 74.936 74.866 74.796 74.725 74.654 74.583 74.511 74.439 74.367 74.295 74.224 74.153 74.083 74.013 73.945
76.458 76.466 76.474 76.482 76.488 76.495 76.5 76.505 76.509 76.512 76.515 76.516 76.517 76.517 76.516 76.514 76.511 76.507 76.502 76.495 76.488 76.479 76.469 76.457 76.445 76.43 76.415 76.397 76.379 76.358 76.336 76.313 76.287 76.26 76.231 76.2 76.168 76.133 76.097 76.059 76.019 75.977 75.933 75.888 75.84 75.791 75.74 75.687 75.633 75.577 75.519 75.46 75.4 75.338 75.274 75.21 75.145 75.078 75.011 74.943 74.874 74.805 74.736 74.666 74.596 74.526 74.457 74.388 74.319 74.251 74.183 74.117
76.576 76.585 76.593 76.6 76.606 76.612 76.618 76.622 76.626 76.629 76.631 76.633 76.633 76.633 76.632 76.629 76.626 76.622 76.616 76.61 76.602 76.593 76.583 76.571 76.558 76.544 76.528 76.511 76.492 76.472 76.45 76.426 76.401 76.374 76.345 76.315 76.283 76.249 76.213 76.176 76.136 76.095 76.052 76.007 75.961 75.913 75.863 75.811 75.758 75.704 75.647 75.59 75.531 75.47 75.409 75.346 75.283 75.218 75.153 75.087 75.02 74.953 74.885 74.818 74.75 74.682 74.614 74.547 74.48 74.414 74.349 74.284
76.693 76.701 76.709 76.716 76.723 76.728 76.733 76.738 76.741 76.744 76.746 76.747 76.748 76.747 76.746 76.743 76.74 76.735 76.729 76.723 76.715 76.706 76.695 76.683 76.67 76.656 76.64 76.623 76.604 76.584 76.562 76.538 76.513 76.487 76.458 76.428 76.396 76.363 76.328 76.291 76.252 76.212 76.169 76.126 76.08 76.033 75.984 75.934 75.882 75.828 75.773 75.717 75.66 75.601 75.541 75.48 75.418 75.355 75.292 75.227 75.163 75.097 75.032 74.966 74.9 74.834 74.768 74.703 74.638 74.573 74.509 74.447
76.808 76.816 76.824 76.83 76.837 76.842 76.847 76.851 76.855 76.857 76.859 76.86 76.86 76.86 76.858 76.855 76.851 76.847 76.841 76.834 76.826 76.816 76.806 76.794 76.781 76.766 76.75 76.733 76.714 76.694 76.672 76.649 76.624 76.597 76.569 76.54 76.508 76.475 76.44 76.404 76.366 76.326 76.285 76.242 76.197 76.151 76.103 76.054 76.003 75.951 75.897 75.843 75.786 75.729 75.671 75.611 75.551 75.49 75.428 75.365 75.302 75.238 75.175 75.11 75.046 74.982 74.918 74.854 74.791 74.728 74.666 74.604
76.921 76.929 76.936 76.943 76.949 76.954 76.959 76.963 76.966 76.969 76.97 76.971 76.971 76.97 76.968 76.965 76.961 76.956 76.95 76.943 76.935 76.925 76.915 76.903 76.889 76.875 76.859 76.841 76.823 76.803 76.781 76.758 76.733 76.707 76.679 76.649 76.618 76.586 76.552 76.516 76.478 76.439 76.399 76.356 76.313 76.267 76.221 76.172 76.123 76.072 76.019 75.966 75.911 75.855 75.798 75.74 75.681 75.621 75.561 75.5 75.439 75.377 75.314 75.252 75.189 75.127 75.064 75.002 74.94 74.879 74.818 74.758
77.032 77.04 77.047 77.054 77.059 77.065 77.069 77.073 77.076 77.078 77.08 77.08 77.08 77.079 77.077 77.073 77.069 77.064 77.058 77.051 77.042 77.033 77.022 77.01 76.996 76.982 76.966 76.948 76.93 76.91 76.888 76.865 76.84 76.814 76.787 76.758 76.727 76.695 76.661 76.626 76.589 76.551 76.511 76.469 76.426 76.382 76.336 76.289 76.24 76.19 76.139 76.087 76.033 75.979 75.923 75.866 75.809 75.751 75.692 75.632 75.572 75.512 75.451 75.39 75.329 75.268 75.207 75.146 75.085 75.025 74.966 74.907
77.141 77.149 77.156 77.162 77.168 77.173 77.178 77.181 77.184 77.186 77.187 77.188 77.187 77.186 77.183 77.18 77.176 77.171 77.164 77.157 77.148 77.138 77.127 77.115 77.102 77.087 77.071 77.054 77.035 77.015 76.994 76.971 76.947 76.921 76.893 76.865 76.834 76.803 76.769 76.735 76.698 76.661 76.621 76.581 76.538 76.495 76.45 76.404 76.356 76.307 76.257 76.206 76.153 76.1 76.046 75.99 75.934 75.877 75.82 75.761 75.703 75.644 75.584 75.525 75.465 75.405 75.345 75.286 75.227 75.168 75.109 75.052
77.249 77.256 77.263 77.27 77.275 77.28 77.284 77.288 77.29 77.292 77.293 77.293 77.293 77.291 77.289 77.285 77.281 77.275 77.269 77.261 77.252 77.242 77.231 77.219 77.206 77.191 77.175 77.158 77.139 77.119 77.098 77.075 77.051 77.025 76.998 76.97 76.94 76.909 76.876 76.842 76.806 76.769 76.73 76.69 76.649 76.606 76.562 76.516 76.47 76.422 76.373 76.323 76.271 76.219 76.166 76.112 76.057 76.001 75.945 75.888 75.831 75.773 75.715 75.656 75.598 75.539 75.481 75.423 75.364 75.307 75.249 75.192
77.354 77.362 77.369 77.375 77.38 77.385 77.389 77.393 77.395 77.397 77.398 77.398 77.397 77.395 77.392 77.389 77.384 77.378 77.372 77.364 77.355 77.345 77.334 77.322 77.308 77.293 77.277 77.26 77.242 77.222 77.201 77.178 77.154 77.129 77.102 77.074 77.044 77.013 76.981 76.947 76.912 76.875 76.837 76.798 76.757 76.715 76.672 76.628 76.582 76.535 76.487 76.437 76.387 76.336 76.284 76.231 76.177 76.123 76.068 76.012 75.956 75.899 75.842 75.785 75.728 75.67 75.613 75.556 75.499 75.442 75.385 75.329
77.459 77.466 77.473 77.479 77.484 77.489 77.493 77.496 77.498 77.5 77.5 77.5 77.499 77.497 77.494 77.49 77.486 77.48 77.473 77.465 77.456 77.446 77.435 77.423 77.409 77.394 77.378 77.361 77.343 77.323 77.302 77.279 77.256 77.231 77.204 77.176 77.147 77.116 77.085 77.051 77.016 76.98 76.943 76.904 76.864 76.823 76.781 76.737 76.692 76.646 76.599 76.55 76.501 76.451 76.4 76.348 76.295 76.242 76.188 76.133 76.078 76.023 75.967 75.911 75.855 75.798 75.742 75.686 75.629 75.573 75.518 75.462
77.561 77.569 77.575 77.581 77.586 77.591 77.594 77.597 77.599 77.601 77.601 77.601 77.6 77.598 77.595 77.591 77.586 77.58 77.573 77.565 77.556 77.546 77.535 77.522 77.509 77.494 77.478 77.461 77.442 77.423 77.402 77.379 77.356 77.331 77.305 77.277 77.248 77.218 77.187 77.154 77.119 77.084 77.047 77.009 76.97 76.929 76.887 76.844 76.8 76.755 76.709 76.661 76.613 76.564 76.514 76.463 76.411 76.359 76.306 76.252 76.198 76.144 76.089 76.034 75.978 75.923 75.868 75.812 75.757 75.702 75.647 75.592
77.662 77.67 77.676 77.682 77.687 77.691 77.695 77.697 77.699 77.701 77.701 77.7 77.699 77.697 77.694 77.69 77.685 77.679 77.671 77.663 77.654 77.644 77.633 77.62 77.607 77.592 77.576 77.559 77.541 77.521 77.5 77.478 77.455 77.43 77.404 77.377 77.348 77.318 77.287 77.255 77.221 77.186 77.15 77.112 77.073 77.033 76.992 76.95 76.907 76.862 76.817 76.77 76.723 76.674 76.625 76.575 76.525 76.473 76.421 76.368 76.315 76.262 76.208 76.154 76.099 76.045 75.99 75.935 75.881 75.826 75.772 75.718
77.762 77.769 77.775 77.781 77.786 77.79 77.793 77.796 77.798 77.799 77.799 77.798 77.797 77.795 77.791 77.787 77.782 77.776 77.769 77.76 77.751 77.741 77.73 77.717 77.703 77.689 77.673 77.656 77.637 77.618 77.597 77.575 77.552 77.528 77.502 77.475 77.447 77.417 77.386 77.354 77.321 77.286 77.251 77.214 77.176 77.136 77.096 77.054 77.012 76.968 76.923 76.877 76.831 76.783 76.735 76.686 76.636 76.585 76.534 76.482 76.43 76.378 76.324 76.271 76.218 76.164 76.11 76.056 76.002 75.948 75.894 75.841
77.86 77.867 77.873 77.879 77.883 77.887 77.891 77.893 77.895 77.896 77.896 77.895 77.893 77.891 77.887 77.883 77.878 77.871 77.864 77.856 77.847 77.836 77.825 77.812 77.799 77.784 77.768 77.751 77.733 77.714 77.693 77.671 77.648 77.624 77.598 77.572 77.544 77.515 77.484 77.452 77.42 77.386 77.35 77.314 77.276 77.237 77.198 77.157 77.115 77.072 77.028 76.983 76.937 76.89 76.842 76.794 76.745 76.695 76.645 76.594 76.543 76.491 76.438 76.386 76.333 76.28 76.227 76.173 76.12 76.067 76.013 75.96
77.957 77.964 77.97 77.975 77.979 77.983 77.986 77.989 77.99 77.991 77.991 77.99 77.988 77.986 77.982 77.978 77.972 77.966 77.959 77.95 77.941 77.93 77.919 77.906 77.893 77.878 77.862 77.845 77.827 77.808 77.787 77.766 77.743 77.719 77.694 77.667 77.639 77.611 77.58 77.549 77.517 77.483 77.448 77.412 77.375 77.337 77.298 77.257 77.216 77.174 77.13 77.086 77.041 76.995 76.948 76.9 76.852 76.803 76.754 76.703 76.653 76.602 76.55 76.498 76.446 76.393 76.341 76.288 76.235 76.182 76.129 76.076
78.052 78.059 78.065 78.07 78.074 78.078 78.081 78.083 78.084 78.085 78.085 78.084 78.082 78.079 78.075 78.071 78.065 78.059 78.051 78.043 78.034 78.023 78.012 77.999 77.986 77.971 77.955 77.938 77.92 77.901 77.88 77.859 77.836 77.812 77.787 77.761 77.734 77.705 77.675 77.645 77.612 77.579 77.545 77.509 77.473 77.435 77.396 77.357 77.316 77.274 77.231 77.188 77.143 77.098 77.052 77.005 76.957 76.909 76.86 76.811 76.761 76.71 76.659 76.608 76.556 76.504 76.452 76.4 76.347 76.295 76.242 76.19
78.146 78.152 78.158 78.163 78.168 78.171 78.174 78.176 78.177 78.178 78.177 78.176 78.174 78.171 78.168 78.163 78.157 78.151 78.143 78.135 78.125 78.115 78.103 78.091 78.077 78.062 78.047 78.03 78.012 77.993 77.972 77.951 77.928 77.905 77.88 77.854 77.827 77.799 77.769 77.739 77.707 77.674 77.64 77.605 77.569 77.532 77.493 77.454 77.414 77.373 77.331 77.288 77.244 77.199 77.154 77.107 77.06 77.013 76.964 76.916 76.866 76.816 76.766 76.715 76.664 76.613 76.561 76.509 76.457 76.405 76.353 76.3
78.239 78.245 78.25 78.255 78.26 78.263 78.266 78.268 78.269 78.269 78.269 78.267 78.265 78.262 78.258 78.254 78.248 78.241 78.234 78.225 78.216 78.205 78.193 78.181 78.167 78.153 78.137 78.12 78.102 78.083 78.063 78.042 78.019 77.996 77.971 77.945 77.919 77.891 77.861 77.831 77.8 77.767 77.734 77.699 77.664 77.627 77.589 77.55 77.511 77.47 77.428 77.386 77.343 77.299 77.254 77.208 77.162 77.114 77.067 77.019 76.97 76.92 76.871 76.82 76.77 76.719 76.667 76.616 76.564 76.512 76.46 76.408
78.33 78.336 78.341 78.346 78.35 78.354 78.356 78.358 78.359 78.359 78.359 78.357 78.355 78.352 78.348 78.343 78.337 78.33 78.323 78.314 78.305 78.294 78.282 78.27 78.256 78.242 78.226 78.209 78.191 78.172 78.152 78.131 78.109 78.086 78.061 78.036 78.009 77.981 77.952 77.923 77.892 77.859 77.826 77.792 77.757 77.72 77.683 77.645 77.606 77.566 77.525 77.483 77.44 77.396 77.352 77.307 77.261 77.214 77.167 77.119 77.071 77.022 76.973 76.923 76.873 76.822 76.772 76.72 76.669 76.617 76.565 76.513
78.42 78.426 78.431 78.436 78.44 78.443 78.445 78.447 78.448 78.448 78.447 78.446 78.443 78.44 78.436 78.431 78.425 78.419 78.411 78.402 78.392 78.382 78.37 78.358 78.344 78.329 78.314 78.297 78.279 78.26 78.241 78.22 78.197 78.174 78.15 78.125 78.098 78.071 78.042 78.013 77.982 77.95 77.917 77.883 77.849 77.813 77.776 77.738 77.699 77.66 77.619 77.578 77.535 77.492 77.448 77.404 77.358 77.312 77.266 77.218 77.171 77.122 77.073 77.024 76.974 76.924 76.873 76.822 76.771 76.72 76.668 76.616
78.509 78.514 78.52 78.524 78.528 78.531 78.533 78.535 78.536 78.536 78.535 78.533 78.531 78.527 78.523 78.518 78.512 78.505 78.498 78.489 78.479 78.469 78.457 78.444 78.431 78.416 78.401 78.384 78.366 78.347 78.328 78.307 78.285 78.262 78.238 78.213 78.186 78.159 78.131 78.101 78.071 78.04 78.007 77.974 77.939 77.904 77.867 77.83 77.791 77.752 77.712 77.671 77.629 77.587 77.543 77.499 77.454 77.409 77.362 77.316 77.268 77.22 77.172 77.123 77.073 77.023 76.973 76.922 76.871 76.82 76.768 76.717
78.596 78.602 78.607 78.611 78.615 78.618 78.62 78.622 78.622 78.622 78.621 78.62 78.617 78.614 78.609 78.604 78.598 78.591 78.583 78.575 78.565 78.554 78.543 78.53 78.516 78.502 78.486 78.469 78.452 78.433 78.413 78.393 78.371 78.348 78.324 78.299 78.273 78.246 78.218 78.189 78.159 78.128 78.096 78.062 78.028 77.993 77.957 77.92 77.882 77.843 77.804 77.763 77.722 77.679 77.636 77.593 77.548 77.503 77.457 77.411 77.364 77.316 77.268 77.219 77.17 77.121 77.071 77.02 76.969 76.918 76.867 76.815
78.682 78.688 78.693 78.697 78.701 78.704 78.706 78.707 78.708 78.708 78.707 78.705 78.702 78.698 78.694 78.689 78.683 78.676 78.668 78.659 78.649 78.639 78.627 78.614 78.601 78.586 78.571 78.554 78.536 78.518 78.498 78.478 78.456 78.433 78.41 78.385 78.359 78.332 78.304 78.275 78.246 78.215 78.183 78.15 78.116 78.081 78.046 78.009 77.971 77.933 77.894 77.854 77.813 77.771 77.728 77.685 77.641 77.596 77.551 77.505 77.458 77.411 77.363 77.314 77.265 77.216 77.166 77.116 77.065 77.014 76.963 76.911
78.768 78.773 78.778 78.782 78.786 78.789 78.79 78.792 78.792 78.792 78.791 78.789 78.786 78.782 78.778 78.773 78.766 78.759 78.751 78.742 78.733 78.722 78.71 78.698 78.684 78.67 78.654 78.637 78.62 78.601 78.582 78.561 78.54 78.517 78.494 78.469 78.444 78.417 78.389 78.361 78.331 78.3 78.269 78.236 78.203 78.168 78.133 78.097 78.059 78.021 77.982 77.943 77.902 77.861 77.818 77.775 77.732 77.687 77.642 77.597 77.55 77.503 77.456 77.407 77.359 77.31 77.26 77.21 77.159 77.108 77.057 77.005
78.852 78.857 78.862 78.866 78.869 78.872 78.874 78.875 78.875 78.875 78.874 78.872 78.869 78.865 78.861 78.855 78.849 78.842 78.834 78.825 78.815 78.804 78.793 78.78 78.766 78.752 78.736 78.72 78.702 78.684 78.665 78.644 78.623 78.6 78.577 78.552 78.527 78.501 78.473 78.445 78.415 78.385 78.354 78.321 78.288 78.254 78.219 78.183 78.146 78.108 78.07 78.03 77.99 77.949 77.907 77.864 77.821 77.777 77.732 77.687 77.641 77.594 77.547 77.499 77.45 77.401 77.352 77.302 77.251 77.2 77.149 77.097
78.935 78.94 78.945 78.949 78.952 78.955 78.956 78.957 78.957 78.957 78.956 78.953 78.951 78.947 78.942 78.937 78.93 78.923 78.915 78.906 78.896 78.886 78.874 78.861 78.848 78.833 78.818 78.801 78.784 78.765 78.746 78.726 78.705 78.682 78.659 78.635 78.609 78.583 78.556 78.528 78.499 78.469 78.437 78.405 78.372 78.339 78.304 78.268 78.232 78.194 78.156 78.117 78.077 78.036 77.994 77.952 77.909 77.865 77.821 77.776 77.73 77.683 77.636 77.589 77.54 77.491 77.442 77.392 77.341 77.29 77.239 77.187
