raw_data/humedad_relativa/hora15/rh15apr.txt
ncols         501
nrows         361
xllcorner     109.95
yllcorner     -45.05
cellsize      0.1
NODATA_value  -9999
[rows 256 to 287 of 361, columns 0 to 71 of 501]
61.948 61.946 61.944 61.94 61.935 61.929 61.922 61.913 61.903 61.892 61.879 61.866 61.85 61.833 61.815 61.796 61.774 61.752 61.728 61.702 61.674 61.645 61.615 61.582 61.548 61.513 61.475 61.436 61.395 61.352 61.308 61.261 61.213 61.163 61.11 61.056 61 60.942 60.882 60.82 60.756 60.69 60.622 60.552 60.479 60.405 60.328 60.248 60.166 60.082 59.994 59.902 59.806 59.706 59.598 59.483 59.356 59.217 59.059 58.827 58.573 58.254 57.807 57.52 57.274 56.728 56.485 56.085 55.917 55.258 55.132 54.811
62.034 62.033 62.032 62.029 62.025 62.019 62.013 62.005 61.996 61.986 61.975 61.962 61.947 61.932 61.915 61.896 61.876 61.855 61.832 61.808 61.782 61.754 61.725 61.694 61.662 61.628 61.592 61.555 61.516 61.475 61.432 61.388 61.341 61.293 61.243 61.192 61.138 61.082 61.025 60.965 60.904 60.84 60.774 60.707 60.637 60.564 60.49 60.412 60.332 60.249 60.162 60.071 59.976 59.874 59.766 59.649 59.521 59.379 59.221 59.044 58.678 58.424 58.19 57.868 57.598 57.277 56.912 56.137 55.637 55.872 55.585 55.34
62.12 62.12 62.119 62.117 62.114 62.109 62.104 62.097 62.089 62.08 62.069 62.057 62.044 62.03 62.014 61.996 61.978 61.958 61.936 61.913 61.888 61.862 61.835 61.805 61.775 61.742 61.708 61.672 61.635 61.596 61.555 61.513 61.468 61.422 61.374 61.325 61.273 61.22 61.164 61.107 61.048 60.986 60.923 60.857 60.789 60.719 60.646 60.571 60.492 60.41 60.324 60.234 60.138 60.037 59.927 59.809 59.68 59.538 59.381 59.207 58.894 58.704 58.501 58.139 57.956 57.585 57.312 56.924 56.702 56.138 56.053 55.733
62.205 62.206 62.206 62.205 62.202 62.199 62.194 62.188 62.181 62.173 62.163 62.152 62.14 62.127 62.112 62.096 62.078 62.059 62.039 62.017 61.994 61.969 61.943 61.915 61.886 61.855 61.823 61.789 61.753 61.716 61.677 61.636 61.593 61.549 61.503 61.456 61.406 61.355 61.301 61.246 61.189 61.129 61.068 61.004 60.938 60.87 60.798 60.724 60.647 60.566 60.48 60.391 60.295 60.193 60.084 59.966 59.837 59.696 59.541 59.371 59.184 58.979 58.758 58.522 58.189 57.803 57.664 57.144 56.975 56.659 56.527 56.269
62.29 62.292 62.292 62.292 62.29 62.288 62.284 62.279 62.272 62.265 62.256 62.247 62.235 62.223 62.209 62.194 62.178 62.16 62.141 62.121 62.099 62.075 62.05 62.024 61.996 61.967 61.936 61.903 61.869 61.834 61.796 61.757 61.717 61.674 61.63 61.584 61.537 61.487 61.436 61.382 61.327 61.269 61.209 61.147 61.083 61.016 60.946 60.873 60.797 60.717 60.632 60.543 60.448 60.346 60.237 60.12 59.992 59.853 59.701 59.536 59.356 59.161 58.952 58.73 58.497 58.102 57.96 57.757 57.496 57.098 57.001 56.747
62.375 62.377 62.378 62.379 62.378 62.376 62.373 62.369 62.363 62.357 62.349 62.34 62.33 62.319 62.306 62.292 62.277 62.26 62.243 62.223 62.203 62.18 62.157 62.132 62.106 62.078 62.048 62.017 61.985 61.95 61.915 61.877 61.838 61.798 61.755 61.711 61.665 61.617 61.567 61.516 61.462 61.406 61.348 61.288 61.225 61.159 61.09 61.019 60.943 60.864 60.78 60.692 60.597 60.497 60.388 60.272 60.146 60.009 59.861 59.701 59.529 59.344 59.146 58.938 58.72 58.495 58.265 58.032 57.799 57.569 57.344 57.127
62.459 62.462 62.464 62.465 62.465 62.464 62.462 62.458 62.454 62.448 62.441 62.434 62.424 62.414 62.402 62.39 62.375 62.36 62.343 62.325 62.306 62.285 62.262 62.239 62.214 62.187 62.159 62.13 62.098 62.066 62.032 61.996 61.958 61.919 61.878 61.836 61.791 61.745 61.697 61.647 61.595 61.541 61.484 61.425 61.363 61.299 61.232 61.161 61.087 61.008 60.926 60.838 60.744 60.644 60.537 60.423 60.299 60.166 60.022 59.868 59.703 59.527 59.341 59.145 58.941 58.731 58.516 58.3 58.084 57.869 57.66 57.456
62.542 62.546 62.549 62.551 62.551 62.551 62.55 62.547 62.544 62.539 62.533 62.526 62.518 62.509 62.498 62.486 62.473 62.459 62.443 62.426 62.408 62.388 62.367 62.345 62.321 62.296 62.269 62.241 62.211 62.18 62.147 62.113 62.077 62.039 62 61.959 61.916 61.871 61.825 61.776 61.725 61.672 61.617 61.56 61.499 61.436 61.37 61.3 61.227 61.15 61.068 60.981 60.889 60.791 60.686 60.573 60.452 60.323 60.184 60.036 59.878 59.711 59.534 59.35 59.159 58.963 58.763 58.562 58.36 58.161 57.965 57.775
62.626 62.63 62.634 62.636 62.638 62.638 62.637 62.636 62.633 62.629 62.624 62.618 62.611 62.602 62.593 62.582 62.57 62.557 62.542 62.526 62.509 62.49 62.471 62.449 62.427 62.403 62.378 62.351 62.322 62.293 62.261 62.228 62.194 62.157 62.12 62.08 62.039 61.995 61.95 61.903 61.854 61.802 61.748 61.692 61.633 61.571 61.506 61.438 61.366 61.289 61.209 61.123 61.033 60.936 60.833 60.723 60.605 60.48 60.346 60.204 60.053 59.894 59.728 59.555 59.376 59.192 59.005 58.817 58.629 58.443 58.261 58.084
62.708 62.714 62.718 62.721 62.723 62.724 62.725 62.724 62.722 62.719 62.715 62.709 62.703 62.696 62.687 62.677 62.666 62.654 62.64 62.625 62.609 62.592 62.573 62.553 62.532 62.509 62.485 62.46 62.432 62.404 62.374 62.342 62.309 62.274 62.238 62.199 62.159 62.118 62.074 62.028 61.98 61.93 61.877 61.822 61.764 61.704 61.64 61.573 61.502 61.427 61.348 61.264 61.175 61.08 60.98 60.872 60.758 60.637 60.508 60.372 60.229 60.078 59.921 59.758 59.59 59.418 59.243 59.068 58.892 58.719 58.549 58.383
62.791 62.797 62.801 62.805 62.808 62.81 62.811 62.811 62.81 62.808 62.804 62.8 62.795 62.788 62.78 62.771 62.761 62.75 62.738 62.724 62.709 62.693 62.675 62.656 62.636 62.615 62.592 62.567 62.541 62.514 62.485 62.455 62.423 62.39 62.354 62.317 62.279 62.238 62.196 62.151 62.104 62.056 62.004 61.95 61.894 61.835 61.772 61.706 61.637 61.563 61.486 61.404 61.317 61.224 61.126 61.022 60.912 60.795 60.671 60.541 60.404 60.261 60.113 59.959 59.801 59.64 59.477 59.313 59.15 58.988 58.829 58.674
62.873 62.879 62.885 62.889 62.893 62.896 62.897 62.898 62.898 62.896 62.894 62.89 62.886 62.88 62.873 62.865 62.856 62.846 62.834 62.822 62.808 62.793 62.776 62.758 62.739 62.719 62.697 62.674 62.649 62.623 62.596 62.567 62.536 62.504 62.47 62.434 62.397 62.357 62.316 62.273 62.227 62.18 62.13 62.077 62.022 61.964 61.903 61.838 61.77 61.699 61.623 61.542 61.457 61.368 61.272 61.172 61.065 60.953 60.834 60.71 60.58 60.444 60.304 60.159 60.011 59.86 59.707 59.554 59.401 59.25 59.102 58.957
62.954 62.961 62.967 62.973 62.977 62.98 62.983 62.984 62.985 62.984 62.983 62.98 62.976 62.971 62.965 62.958 62.95 62.941 62.93 62.919 62.906 62.892 62.876 62.859 62.841 62.822 62.801 62.779 62.756 62.731 62.705 62.677 62.647 62.616 62.584 62.549 62.513 62.475 62.435 62.393 62.349 62.303 62.254 62.203 62.149 62.092 62.032 61.969 61.903 61.833 61.759 61.681 61.598 61.511 61.418 61.321 61.218 61.11 60.997 60.879 60.755 60.627 60.494 60.358 60.218 60.077 59.934 59.791 59.648 59.507 59.368 59.233
63.035 63.043 63.05 63.056 63.061 63.065 63.068 63.07 63.071 63.072 63.071 63.069 63.066 63.062 63.057 63.051 63.043 63.035 63.026 63.015 63.003 62.99 62.975 62.96 62.943 62.925 62.905 62.884 62.862 62.838 62.813 62.786 62.758 62.728 62.696 62.663 62.628 62.591 62.553 62.512 62.469 62.424 62.376 62.327 62.274 62.219 62.16 62.099 62.034 61.966 61.894 61.818 61.738 61.653 61.564 61.47 61.372 61.268 61.16 61.047 60.93 60.808 60.683 60.555 60.424 60.291 60.157 60.023 59.89 59.758 59.628 59.503
63.116 63.124 63.131 63.138 63.144 63.149 63.153 63.155 63.157 63.158 63.158 63.157 63.155 63.152 63.148 63.143 63.136 63.129 63.12 63.11 63.099 63.087 63.074 63.059 63.043 63.026 63.008 62.988 62.966 62.944 62.92 62.894 62.867 62.838 62.808 62.776 62.742 62.707 62.669 62.63 62.588 62.544 62.498 62.449 62.398 62.344 62.288 62.228 62.165 62.099 62.029 61.955 61.877 61.796 61.71 61.619 61.525 61.426 61.323 61.215 61.104 60.989 60.871 60.75 60.627 60.502 60.377 60.251 60.127 60.004 59.883 59.765
63.196 63.205 63.213 63.22 63.227 63.232 63.237 63.24 63.243 63.245 63.245 63.245 63.244 63.241 63.238 63.234 63.228 63.222 63.214 63.205 63.195 63.184 63.171 63.158 63.143 63.127 63.109 63.09 63.07 63.049 63.026 63.001 62.975 62.948 62.919 62.888 62.855 62.821 62.784 62.746 62.706 62.663 62.619 62.571 62.522 62.469 62.414 62.356 62.295 62.231 62.163 62.092 62.017 61.938 61.855 61.768 61.678 61.583 61.485 61.383 61.277 61.169 61.057 60.943 60.828 60.711 60.593 60.476 60.36 60.245 60.132 60.022
63.275 63.285 63.294 63.302 63.309 63.315 63.32 63.325 63.328 63.33 63.332 63.332 63.332 63.33 63.328 63.324 63.32 63.314 63.307 63.299 63.29 63.28 63.268 63.256 63.242 63.226 63.21 63.192 63.173 63.153 63.131 63.107 63.083 63.056 63.028 62.998 62.967 62.934 62.899 62.862 62.823 62.781 62.738 62.692 62.644 62.593 62.54 62.484 62.424 62.362 62.297 62.228 62.155 62.08 62 61.917 61.831 61.74 61.647 61.55 61.45 61.347 61.242 61.135 61.026 60.917 60.807 60.697 60.588 60.481 60.376 60.273
63.355 63.365 63.374 63.383 63.391 63.397 63.403 63.408 63.412 63.416 63.418 63.419 63.419 63.419 63.417 63.414 63.41 63.405 63.399 63.392 63.384 63.375 63.364 63.353 63.34 63.326 63.31 63.293 63.275 63.256 63.235 63.213 63.189 63.164 63.137 63.108 63.078 63.046 63.012 62.976 62.939 62.899 62.857 62.812 62.766 62.717 62.665 62.611 62.553 62.493 62.43 62.364 62.294 62.221 62.145 62.066 61.983 61.897 61.808 61.716 61.622 61.525 61.426 61.325 61.223 61.12 61.017 60.915 60.813 60.713 60.615 60.519
63.433 63.444 63.454 63.464 63.472 63.479 63.486 63.492 63.496 63.5 63.503 63.505 63.506 63.506 63.505 63.503 63.5 63.496 63.491 63.485 63.478 63.469 63.46 63.449 63.437 63.424 63.409 63.394 63.377 63.358 63.338 63.317 63.294 63.27 63.244 63.217 63.188 63.157 63.125 63.09 63.054 63.015 62.975 62.932 62.887 62.839 62.789 62.737 62.682 62.624 62.563 62.499 62.432 62.362 62.29 62.214 62.135 62.053 61.969 61.882 61.792 61.701 61.608 61.513 61.417 61.321 61.224 61.129 61.034 60.94 60.849 60.76
63.512 63.523 63.534 63.544 63.553 63.561 63.568 63.574 63.58 63.585 63.588 63.591 63.593 63.593 63.593 63.592 63.59 63.587 63.582 63.577 63.571 63.563 63.554 63.545 63.534 63.521 63.508 63.493 63.477 63.46 63.441 63.421 63.399 63.376 63.351 63.325 63.297 63.268 63.236 63.203 63.168 63.131 63.092 63.051 63.007 62.961 62.913 62.863 62.809 62.754 62.695 62.634 62.57 62.503 62.434 62.361 62.286 62.209 62.129 62.046 61.962 61.876 61.788 61.699 61.609 61.519 61.429 61.339 61.251 61.164 61.078 60.996
63.59 63.602 63.613 63.624 63.633 63.642 63.65 63.657 63.663 63.668 63.673 63.676 63.679 63.68 63.681 63.68 63.679 63.676 63.673 63.669 63.663 63.656 63.648 63.64 63.629 63.618 63.606 63.592 63.577 63.56 63.543 63.524 63.503 63.481 63.458 63.432 63.406 63.377 63.347 63.315 63.282 63.246 63.208 63.169 63.127 63.083 63.037 62.988 62.937 62.883 62.827 62.769 62.707 62.644 62.577 62.509 62.437 62.364 62.288 62.21 62.13 62.049 61.967 61.883 61.799 61.715 61.63 61.547 61.464 61.383 61.304 61.227
63.667 63.68 63.692 63.703 63.713 63.722 63.731 63.739 63.746 63.751 63.757 63.761 63.764 63.766 63.768 63.768 63.767 63.766 63.763 63.759 63.755 63.749 63.742 63.734 63.725 63.714 63.703 63.69 63.676 63.66 63.644 63.626 63.606 63.585 63.563 63.539 63.514 63.486 63.458 63.427 63.395 63.36 63.324 63.286 63.246 63.204 63.159 63.113 63.064 63.012 62.959 62.903 62.844 62.784 62.721 62.655 62.588 62.518 62.446 62.373 62.298 62.221 62.144 62.065 61.987 61.908 61.829 61.751 61.674 61.599 61.525 61.454
63.745 63.758 63.77 63.782 63.793 63.803 63.812 63.82 63.828 63.834 63.84 63.845 63.849 63.852 63.854 63.855 63.855 63.854 63.852 63.85 63.846 63.841 63.835 63.828 63.819 63.81 63.799 63.787 63.774 63.76 63.744 63.727 63.709 63.689 63.668 63.645 63.621 63.595 63.567 63.538 63.507 63.474 63.44 63.403 63.365 63.324 63.282 63.237 63.19 63.141 63.09 63.037 62.981 62.923 62.863 62.801 62.737 62.671 62.604 62.534 62.464 62.392 62.319 62.246 62.172 62.098 62.025 61.952 61.881 61.81 61.742 61.676
63.821 63.835 63.848 63.86 63.872 63.882 63.892 63.901 63.909 63.916 63.923 63.928 63.933 63.937 63.94 63.942 63.942 63.942 63.941 63.939 63.936 63.932 63.927 63.921 63.913 63.905 63.895 63.884 63.872 63.859 63.844 63.828 63.811 63.792 63.772 63.75 63.727 63.703 63.676 63.648 63.619 63.588 63.554 63.52 63.483 63.444 63.403 63.361 63.316 63.269 63.221 63.17 63.117 63.062 63.005 62.946 62.886 62.824 62.76 62.695 62.628 62.561 62.493 62.424 62.355 62.286 62.218 62.15 62.084 62.019 61.955 61.894
63.898 63.912 63.926 63.938 63.95 63.962 63.972 63.982 63.99 63.998 64.005 64.012 64.017 64.021 64.025 64.028 64.029 64.03 64.03 64.028 64.026 64.023 64.019 64.013 64.007 63.999 63.99 63.98 63.969 63.957 63.943 63.928 63.912 63.894 63.875 63.855 63.833 63.81 63.785 63.758 63.73 63.7 63.669 63.635 63.6 63.564 63.525 63.484 63.442 63.397 63.351 63.303 63.252 63.2 63.147 63.091 63.034 62.975 62.915 62.854 62.792 62.728 62.665 62.6 62.536 62.472 62.409 62.346 62.284 62.224 62.165 62.109
63.974 63.989 64.003 64.016 64.029 64.04 64.051 64.062 64.071 64.08 64.087 64.094 64.1 64.105 64.11 64.113 64.116 64.117 64.118 64.117 64.116 64.113 64.11 64.105 64.099 64.093 64.085 64.076 64.066 64.054 64.042 64.028 64.013 63.996 63.978 63.959 63.938 63.916 63.893 63.868 63.841 63.812 63.782 63.751 63.718 63.682 63.646 63.607 63.567 63.524 63.48 63.435 63.387 63.338 63.287 63.235 63.181 63.126 63.069 63.012 62.954 62.894 62.835 62.775 62.715 62.655 62.596 62.538 62.481 62.425 62.371 62.319
64.049 64.065 64.079 64.093 64.106 64.119 64.13 64.141 64.151 64.161 64.169 64.177 64.183 64.189 64.194 64.198 64.201 64.204 64.205 64.205 64.204 64.203 64.2 64.196 64.192 64.186 64.179 64.171 64.162 64.151 64.14 64.127 64.113 64.097 64.081 64.063 64.043 64.022 64 63.976 63.951 63.924 63.896 63.866 63.834 63.801 63.766 63.729 63.691 63.651 63.609 63.566 63.521 63.475 63.427 63.378 63.327 63.275 63.222 63.169 63.114 63.059 63.003 62.947 62.892 62.836 62.782 62.728 62.675 62.623 62.574 62.526
64.125 64.14 64.156 64.17 64.184 64.197 64.209 64.221 64.231 64.241 64.25 64.258 64.266 64.272 64.278 64.283 64.287 64.29 64.292 64.293 64.293 64.292 64.29 64.287 64.283 64.278 64.272 64.265 64.257 64.248 64.237 64.225 64.212 64.198 64.182 64.166 64.147 64.128 64.107 64.084 64.061 64.035 64.008 63.98 63.95 63.919 63.886 63.851 63.815 63.777 63.738 63.697 63.655 63.611 63.566 63.52 63.472 63.424 63.374 63.324 63.273 63.222 63.17 63.118 63.066 63.015 62.964 62.914 62.866 62.818 62.773 62.729
64.199 64.216 64.232 64.247 64.261 64.274 64.287 64.299 64.311 64.321 64.331 64.34 64.348 64.355 64.361 64.367 64.371 64.375 64.378 64.38 64.381 64.381 64.38 64.378 64.375 64.371 64.365 64.359 64.352 64.344 64.334 64.323 64.311 64.298 64.284 64.268 64.251 64.233 64.213 64.192 64.17 64.146 64.121 64.094 64.066 64.036 64.005 63.972 63.938 63.903 63.866 63.828 63.788 63.747 63.705 63.661 63.617 63.571 63.525 63.478 63.431 63.383 63.335 63.287 63.239 63.191 63.145 63.099 63.054 63.01 62.968 62.928
64.274 64.291 64.307 64.323 64.338 64.352 64.365 64.378 64.39 64.401 64.411 64.421 64.429 64.437 64.444 64.45 64.456 64.46 64.464 64.466 64.468 64.469 64.469 64.468 64.465 64.462 64.458 64.453 64.446 64.439 64.43 64.421 64.41 64.398 64.385 64.37 64.354 64.337 64.319 64.299 64.278 64.256 64.232 64.207 64.181 64.153 64.124 64.093 64.061 64.028 63.993 63.957 63.92 63.882 63.842 63.802 63.76 63.718 63.675 63.631 63.587 63.542 63.498 63.453 63.409 63.365 63.322 63.28 63.239 63.199 63.161 63.124
64.348 64.365 64.382 64.398 64.414 64.429 64.442 64.456 64.468 64.48 64.491 64.501 64.51 64.519 64.527 64.534 64.54 64.545 64.549 64.553 64.555 64.557 64.557 64.557 64.556 64.553 64.55 64.546 64.54 64.534 64.526 64.518 64.508 64.497 64.485 64.472 64.457 64.441 64.424 64.406 64.387 64.366 64.344 64.32 64.296 64.269 64.242 64.213 64.183 64.152 64.12 64.086 64.051 64.016 63.979 63.941 63.902 63.863 63.823 63.782 63.741 63.7 63.659 63.618 63.577 63.537 63.498 63.459 63.421 63.385 63.35 63.317
64.422 64.44 64.457 64.474 64.49 64.505 64.52 64.533 64.546 64.559 64.57 64.581 64.591 64.6 64.609 64.616 64.623 64.629 64.634 64.638 64.642 64.644 64.645 64.646 64.645 64.644 64.642 64.638 64.634 64.628 64.622 64.614 64.605 64.596 64.585 64.573 64.559 64.545 64.529 64.512 64.494 64.475 64.454 64.433 64.41 64.385 64.36 64.333 64.305 64.276 64.246 64.214 64.182 64.149 64.114 64.079 64.043 64.007 63.97 63.932 63.895 63.857 63.819 63.781 63.744 63.707 63.671 63.635 63.601 63.568 63.537 63.507
