raw_data/humedad_relativa/hora15/rh15jan.txt
ncols         501
nrows         361
xllcorner     109.95
yllcorner     -45.05
cellsize      0.1
NODATA_value  -9999
[rows 64 to 95 of 361, columns 288 to 359 of 501]
61.577 61.722 61.864 62.001 62.134 62.263 62.387 62.507 62.621 62.731 62.834 62.933 63.025 63.11 63.189 63.262 63.327 63.384 63.435 63.477 63.512 63.539 63.558 63.57 63.575 63.573 63.564 63.55 63.495 63.447 63.402 63.362 63.317 63.225 63.123 63.046 62.92 62.779 62.64 62.571 62.601 62.49 62.403 62.379 61.972 62.264 62.262 61.969 61.992 62.303 62.808 62.866 63.43 63.652 64.06 64.279 64.664 65.327 65.129 65.947 66.039 66.289 64.232 67.38 68.197 69.911 70.421 70.927 71.427 71.918 72.397 72.863
61.136 61.288 61.436 61.58 61.72 61.855 61.986 62.113 62.234 62.351 62.461 62.566 62.665 62.757 62.842 62.92 62.99 63.053 63.108 63.155 63.193 63.224 63.246 63.259 63.266 63.264 63.256 63.241 63.194 63.148 63.044 63.017 62.888 62.84 62.819 62.75 62.632 62.548 62.472 62.364 62.263 62.107 62.042 61.894 61.853 61.279 61.532 61.455 60.226 60.939 61.398 62.067 62.71 63.12 63.271 63.614 64.421 64.491 65.262 65.64 63.552 65.987 66.74 65.668 67.862 69.678 70.208 70.733 71.251 71.76 72.255 72.735
60.696 60.854 61.009 61.159 61.306 61.449 61.587 61.72 61.849 61.972 62.09 62.202 62.307 62.406 62.497 62.582 62.658 62.726 62.786 62.837 62.879 62.913 62.938 62.954 62.961 62.961 62.953 62.912 62.856 62.778 62.72 62.531 62.62 62.451 62.461 62.34 62.287 62.233 62.148 62.07 61.965 61.79 61.683 61.52 61.176 61.2 61.034 60.84 60.429 60.333 61.24 61.246 62.048 61.638 62.609 63.261 63.854 63.682 63.311 63.701 64.57 66.264 64.32 68.169 68.641 68.829 70 70.546 71.083 71.61 72.122 72.618
60.257 60.421 60.582 60.74 60.893 61.043 61.188 61.329 61.465 61.595 61.72 61.839 61.952 62.058 62.156 62.247 62.329 62.403 62.468 62.524 62.57 62.607 62.635 62.653 62.662 62.662 62.654 62.592 62.558 62.485 62.453 62.34 62.286 62.179 62.131 62.065 61.974 61.787 61.794 61.692 61.591 61.483 61.332 61.187 61.085 60.864 60.405 60.477 60.628 60.806 59.993 60.801 60.762 61.492 62.043 62.016 62.417 63.505 64.125 64.193 60.727 65.299 64.41 66.797 67.221 61.596 69.798 70.365 70.923 71.47 72 72.511
59.818 59.989 60.156 60.321 60.481 60.638 60.79 60.938 61.082 61.22 61.352 61.479 61.599 61.712 61.817 61.915 62.004 62.084 62.155 62.216 62.266 62.307 62.337 62.358 62.368 62.369 62.361 62.318 62.273 62.162 62.074 61.96 61.939 61.847 61.809 61.725 61.598 61.522 61.414 61.329 61.25 61.138 61.026 60.849 60.612 60.542 60.03 60.45 60.264 59.553 59.555 60.069 59.532 60.354 60.62 59.959 60.762 60.281 61.739 64.081 63.949 64.877 64.809 64.002 64.616 59.475 69.601 70.19 70.771 71.339 71.889 72.417
59.379 59.557 59.731 59.902 60.069 60.233 60.393 60.548 60.699 60.845 60.986 61.12 61.248 61.369 61.482 61.587 61.682 61.769 61.846 61.912 61.967 62.012 62.045 62.068 62.079 62.081 62.069 62.009 61.966 61.896 61.819 61.725 61.626 61.512 61.463 61.358 61.268 61.147 61.055 60.945 60.836 60.749 60.656 60.349 60.358 60.161 60.309 60.32 60.103 58.633 59.688 59.79 59.718 58.684 60.36 59.688 59.714 58.325 58.73 58.908 63.736 64.089 65.244 62.216 64.408 65.546 69.408 70.022 70.627 71.218 71.789 72.336
58.941 59.124 59.305 59.482 59.657 59.828 59.995 60.158 60.317 60.471 60.62 60.762 60.899 61.027 61.149 61.261 61.364 61.458 61.541 61.613 61.673 61.722 61.759 61.783 61.796 61.798 61.782 61.75 61.689 61.591 61.526 61.393 61.29 61.183 61.104 60.995 60.896 60.782 60.694 60.613 60.461 60.35 60.258 60.24 60.098 60.063 59.871 59.504 58.893 59.769 59.506 58.061 58.254 59.736 59.947 59.797 58.923 58.423 60.457 62.091 61.074 61.15 58.688 64.157 64.232 66.761 64.149 69.858 70.49 71.107 71.702 72.269
58.502 58.691 58.878 59.063 59.244 59.422 59.597 59.768 59.935 60.098 60.255 60.406 60.55 60.688 60.818 60.938 61.05 61.151 61.241 61.319 61.384 61.437 61.477 61.504 61.519 61.521 61.511 61.456 61.392 61.287 61.222 61.098 61.016 60.912 60.77 60.682 60.568 60.463 60.322 60.254 60.196 60.169 59.933 59.801 59.74 59.552 59.341 59.203 59.256 59.137 58.903 58.747 58.76 58.885 59.443 59.725 60.323 59.802 60.285 60.26 61.176 61.091 60.943 62.515 66.432 66.403 62.985 69.698 70.359 71.005 71.627 72.217
58.062 58.258 58.451 58.642 58.83 59.016 59.199 59.378 59.553 59.724 59.89 60.05 60.203 60.35 60.488 60.618 60.738 60.847 60.944 61.029 61.101 61.158 61.202 61.231 61.247 61.249 61.21 61.16 61.12 61.023 60.929 60.814 60.702 60.566 60.469 60.368 60.263 60.14 59.999 59.894 59.806 59.783 59.66 59.474 59.36 59.233 59.168 58.991 58.793 58.776 58.683 58.932 58.39 58.117 58.234 58.657 58.676 57.526 59.038 59.76 60.288 60.909 54.136 60.656 64.643 67.812 68.467 69.539 70.233 70.912 71.565 72.182
57.621 57.823 58.022 58.22 58.416 58.609 58.799 58.986 59.17 59.349 59.524 59.693 59.856 60.013 60.161 60.3 60.429 60.547 60.652 60.744 60.822 60.885 60.932 60.964 60.981 60.982 60.941 60.879 60.813 60.724 60.653 60.549 60.422 60.327 60.187 60.109 59.969 59.871 59.71 59.595 59.508 59.427 59.28 59.213 59.067 58.944 58.893 58.892 58.678 58.586 58.655 58.975 59.137 58.948 57.562 58.38 58.376 57.997 57.083 59.548 57.43 59.31 54.436 61.951 55.455 67.159 68.574 69.378 70.109 70.827 71.516 72.163
57.179 57.386 57.592 57.796 57.999 58.199 58.397 58.592 58.666 58.973 59.157 59.336 59.509 59.675 59.834 59.983 60.122 60.249 60.364 60.464 60.548 60.617 60.668 60.703 60.72 60.721 60.688 60.634 60.567 60.454 60.408 60.281 60.15 60.036 59.925 59.768 59.592 59.532 59.362 59.219 59.115 58.974 58.976 58.949 58.984 58.783 58.691 58.663 58.419 58.577 58.863 58.975 59.163 58.304 58.989 58.629 59.584 57.951 60.14 59.574 58.739 59.34 60.983 62.477 54.884 55.648 67.67 69.21 69.983 70.746 71.48 72.163
56.735 56.948 57.159 57.37 57.579 57.777 57.978 57.984 58.312 58.456 58.788 58.977 59.161 59.337 59.507 59.667 59.817 59.954 60.078 60.187 60.28 60.354 60.41 60.447 60.465 60.423 60.421 60.365 60.297 60.246 60.127 59.999 59.877 59.732 59.594 59.438 59.28 59.149 59.037 58.894 58.746 58.684 58.562 58.564 58.547 58.599 58.6 58.501 58.536 58.445 58.63 58.385 58.371 59.097 59.154 59.445 59.89 59.773 59.555 60.296 60.158 61.419 61.835 62.153 59.35 59.792 67.949 69.029 69.85 70.667 71.453 72.181
56.288 56.506 56.724 56.941 57.138 57.216 57.552 57.797 58.006 58.213 58.416 58.616 58.81 58.998 59.178 59.35 59.512 59.661 59.796 59.915 60.016 60.098 60.158 60.198 60.217 60.2 60.14 60.067 60.001 59.877 59.813 59.692 59.548 59.396 59.259 59.143 58.967 58.834 58.716 58.61 58.505 58.36 58.208 58.054 58.204 58.145 58.145 58.078 58.066 58.239 58.262 58.545 58.497 58.252 57.782 58.722 58.636 59.864 59.987 60.432 60.651 61.079 60.399 61.891 62.246 55.524 63.471 68.037 69.701 70.578 71.43 72.216
55.839 56.062 56.286 56.509 56.722 56.945 57.174 57.393 57.611 57.827 58.041 58.25 58.455 58.655 58.848 59.033 59.207 59.369 59.516 59.646 59.757 59.846 59.912 59.955 59.96 59.957 59.897 59.787 59.68 59.608 59.477 59.366 59.217 59.051 58.894 58.752 58.607 58.487 58.367 58.194 58.07 57.996 57.896 57.863 57.617 57.562 57.743 57.595 57.528 57.662 57.898 58.19 58.208 58.112 58.192 58.287 57.705 58.746 59.711 59.977 60.52 60.427 60.197 59.27 62.362 62.454 60.05 61.428 69.485 70.467 71.396 72.257
55.387 55.615 55.843 56.072 56.301 56.529 56.757 56.985 57.211 57.437 57.66 57.88 58.096 58.308 58.514 58.712 58.9 59.076 59.236 59.379 59.501 59.6 59.672 59.711 59.717 59.702 59.608 59.51 59.403 59.261 59.139 59.014 58.92 58.746 58.549 58.38 58.205 58.074 57.917 57.781 57.652 57.579 57.421 57.347 57.314 57.245 57.185 57.333 57.163 57.055 57.331 57.805 57.813 57.632 57.508 57.442 57.399 57.79 58.103 58.185 57.138 60.154 60.274 59.042 60.415 62.289 62.102 64.179 66.664 68.778 71.317 72.27
54.906 55.154 55.397 55.631 55.866 56.1 56.336 56.571 56.805 57.039 57.272 57.503 57.731 57.955 58.174 58.386 58.589 58.78 58.957 59.114 59.25 59.359 59.438 59.462 59.467 59.424 59.362 59.239 59.105 59.018 58.827 58.679 58.527 58.35 58.213 58.018 57.819 57.662 57.503 57.329 57.237 57.108 57.055 56.927 56.866 56.816 56.627 56.84 56.782 56.857 56.895 57.284 57.563 57.507 57.269 57.414 56.379 57.133 56.245 54.7 56.383 59.395 57.607 57.91 57.609 60.035 62.434 61.885 63.478 69.935 71.133 72.163
54.403 54.645 54.886 55.185 55.439 55.666 55.907 55.983 56.392 56.635 56.877 57.118 57.358 57.594 57.827 58.054 58.273 58.481 58.674 58.849 59 59.122 59.204 59.232 59.23 59.157 59.081 58.955 58.836 58.694 58.545 58.307 58.164 58.005 57.864 57.687 57.467 57.259 57.109 56.934 56.789 56.671 56.6 56.455 56.393 56.302 56.387 56.487 56.337 56.187 56.498 56.752 56.747 57.351 57.52 57.73 57.811 57.806 57.485 55.311 54.865 56.262 58.708 58.486 59.207 59.899 61.292 62.074 58.973 69.028 70.524 71.811
53.866 54.139 54.403 54.72 54.978 55.224 55.41 55.72 55.92 56.221 56.472 56.723 56.974 57.223 57.47 57.712 57.947 58.174 58.387 58.581 58.751 58.889 58.972 59.011 58.989 58.921 58.798 58.673 58.533 58.333 58.143 57.99 57.818 57.646 57.476 57.266 57.092 56.884 56.721 56.541 56.402 56.278 56.021 55.968 55.876 55.916 55.76 55.945 55.898 55.635 56.071 56.09 56.336 56.329 56.995 57.139 56.299 56.605 57.816 57.9 54.585 53.241 55.968 58.844 59.011 58.759 59.031 60.402 59.388 66.055 70.164 60.139
53.321 53.621 53.904 54.227 54.524 54.775 55.028 55.283 55.539 55.798 56.057 56.317 56.578 56.839 57.099 57.356 57.609 57.855 58.09 58.307 58.5 58.658 58.755 58.791 58.76 58.665 58.517 58.339 58.167 57.99 57.825 57.635 57.438 57.255 57.028 56.866 56.672 56.468 56.315 56.104 55.957 55.803 55.662 55.55 55.433 55.337 55.244 55.159 55.675 55.253 55.432 55.625 55.421 56.185 55.92 56.357 56.647 56.703 56.62 55.129 54.942 56.872 56.559 58.366 57.618 58.882 55.424 59.172 59.678 63.997 55.859 70.56
52.807 53.113 53.429 53.741 54.042 54.318 54.576 54.836 55.098 55.363 55.629 55.898 56.168 56.44 56.712 56.984 57.254 57.519 57.777 58.021 58.241 58.428 58.544 58.557 58.528 58.421 58.248 58.069 57.895 57.648 57.423 57.245 57.013 56.853 56.639 56.432 56.218 56.05 55.833 55.679 55.532 55.334 55.144 55.097 55.027 55.033 54.62 54.478 55.143 54.806 55.086 55.305 55.427 55.409 55.583 55.422 55.706 55.675 55.506 54.637 53.655 56.767 55.097 56.744 54.703 57.519 55.141 57.979 57.986 62.311 67.648 65.978
52.366 52.622 52.916 53.235 53.557 53.825 54.105 54.378 54.645 54.915 55.188 55.464 55.742 56.023 56.306 56.591 56.876 57.16 57.441 57.713 57.967 58.175 58.33 58.364 58.297 58.173 57.977 57.794 57.587 57.322 57.089 56.839 56.614 56.434 56.205 55.984 55.801 55.574 55.397 55.173 55.023 54.918 54.726 54.626 54.479 54.497 54.513 54.366 54.256 54.659 54.689 54.683 54.588 54.933 55.185 54.577 54.835 54.979 55.512 55.646 55.341 55.293 55.898 55.35 55.928 54.912 55.546 56.731 57.717 59.113 51.566 69.146
51.732 52.065 52.392 52.744 53.064 53.359 53.633 53.906 54.174 54.455 54.732 55.013 55.298 55.586 55.878 56.172 56.47 56.77 57.071 57.37 57.66 57.906 58.124 58.186 58.065 57.89 57.638 57.424 57.191 56.933 56.698 56.44 56.204 55.97 55.763 55.487 55.352 55.164 54.939 54.731 54.497 54.32 54.226 54.24 54.091 53.728 53.762 53.921 53.858 53.808 53.512 54.497 54.557 53.113 54.796 54.281 54.904 55.434 55.523 55.75 55.767 55.715 53.815 56.709 52.719 56.055 53.75 54.26 57.513 64.014 66.651 66.283
51.259 51.56 51.893 52.251 52.574 52.864 53.143 53.412 53.675 53.898 54.252 54.546 54.834 55.127 55.424 55.726 56.032 56.342 56.645 56.953 57.266 57.593 57.89 57.992 57.802 57.548 57.294 57.057 56.811 56.539 56.285 56.034 55.803 55.571 55.299 55.073 54.887 54.717 54.526 54.292 54.06 53.914 53.792 53.739 53.651 53.486 53.335 53.325 53.256 53.08 53.208 53.047 53.438 53.829 54.384 53.432 54.538 54.612 54.53 54.429 55.428 54.732 54.098 55.475 53.96 56.647 54.363 55.286 55.734 60.133 66.599 66.768
50.731 51.066 51.389 51.685 52.006 52.307 52.624 52.889 53.189 53.472 53.746 54.04 54.351 54.646 54.945 55.242 55.555 55.864 56.187 56.491 56.807 57.129 57.394 57.624 57.376 57.095 56.826 56.579 56.334 56.112 55.805 55.585 55.346 55.13 54.863 54.625 54.429 54.22 54.039 53.799 53.528 53.375 53.267 52.98 52.778 52.931 52.907 52.93 52.904 52.82 52.166 52.307 52.187 52.48 53.56 53.79 53.636 53.651 52.934 54.073 54.285 54.469 53.847 55.414 55.878 55.889 56.027 54.324 59.812 59.894 64.085 66.991
50.177 50.468 50.804 51.121 51.415 51.756 52.075 52.38 52.668 52.939 53.194 53.444 53.766 54.063 54.415 54.719 55.037 55.337 55.662 55.973 56.254 56.479 56.729 56.881 56.746 56.53 56.3 56.054 55.827 55.607 55.346 55.104 54.876 54.652 54.371 54.196 53.899 53.661 53.495 53.34 53.056 52.865 52.632 52.494 52.232 52.123 52.18 52.13 52.466 52.412 52.402 51.704 51.634 51.555 52.42 53.045 53.334 53.267 52.794 53.363 54.013 53.244 54.119 54.922 56.052 56.496 56.11 55.733 62.644 63.167 64.71 59.444
49.668 49.941 50.278 50.615 50.946 51.257 51.541 51.818 52.127 52.417 52.702 52.917 53.1 53.449 53.877 54.165 54.488 54.765 55.059 55.368 55.58 55.725 55.825 56.142 56.07 55.92 55.723 55.488 55.269 55.043 54.725 54.597 54.36 54.131 53.889 53.643 53.417 53.153 52.946 52.785 52.607 52.365 52.247 51.799 51.789 51.502 51.169 50.74 51.136 51.532 51.849 51.698 50.978 50.77 51.647 51.529 52.539 53.096 52.667 52.693 52.792 52.743 53.881 55.078 55.687 56.356 56.655 55.903 57.349 55.413 65.669 59.656
49.207 49.476 49.82 50.111 50.376 50.686 50.968 51.243 51.524 51.815 52.174 52.353 52.544 52.793 53.26 53.519 53.862 54.069 54.379 54.667 54.88 54.977 55.276 55.396 55.351 55.247 55.126 54.926 54.721 54.508 54.315 54.074 53.857 53.619 53.281 53.141 52.446 52.539 52.162 52.171 51.997 51.98 51.538 51.2 51.158 50.802 50.998 50.73 50.577 50.595 49.707 50.724 51.464 50.617 51.089 51.698 51.721 51.723 52.256 52.218 52.048 52.142 53.799 54.423 53.872 56.101 56.757 55.53 56.387 64.516 65.796 66.585
48.702 48.967 49.263 49.588 49.827 50.121 50.403 50.632 50.93 51.229 51.534 51.859 52.041 52.141 52.557 52.856 53.025 53.35 53.727 53.955 54.162 54.337 54.502 54.664 54.608 54.531 54.435 54.286 54.106 53.927 53.741 53.546 53.362 53.145 52.883 51.921 51.976 51.828 51.597 51.65 51.448 51.293 50.818 50.222 50.324 50.409 50.023 49.979 49.679 49.206 49.176 50.54 50.886 51.153 51.012 51.081 51.04 50.919 50.639 50.809 50.94 51.686 52.56 53.719 53.37 56.003 55.658 56.135 57.633 55.32 64.492 66.039
48.092 48.322 48.739 49.02 49.234 49.5 49.765 50.035 50.323 50.644 50.931 51.305 51.473 51.62 51.801 52.096 52.32 52.651 52.989 53.264 53.445 53.61 53.749 53.882 53.877 53.856 53.764 53.637 53.499 53.341 53.172 53.002 52.837 52.669 52.407 51.769 51.357 51.008 51.05 50.762 50.745 50.635 50.399 50.106 49.743 49.668 49.329 49.342 49.046 48.269 48.801 49.478 50.324 50.395 50.749 50.919 50.887 50.45 49.484 48.562 49.69 51.055 51.876 52.921 53.655 55.904 55.705 58.646 57.718 57.859 55.104 62.169
47.417 47.84 48.14 48.395 48.647 48.859 49.149 49.42 49.691 50.003 50.311 50.6 50.915 51.105 51.243 51.222 51.461 51.893 52.262 52.548 52.732 52.886 52.997 53.126 53.162 53.141 53.073 52.968 52.86 52.738 52.584 52.399 52.231 52.067 51.838 51.421 51.157 50.512 50.505 50.322 49.804 49.887 49.878 49.128 49.562 49.226 48.811 48.666 48.76 47.655 48.164 48.238 47.79 50.043 49.756 50.478 50.218 49.945 48.131 48.192 48.611 50.063 51.808 52.953 53.522 54.502 54.81 55.013 59.453 61.779 54.597 52.86
46.834 47.164 47.488 47.721 48.001 48.207 48.515 48.754 49.077 49.395 49.697 49.979 50.254 50.465 50.717 50.786 50.855 51.096 51.497 51.779 52.017 52.143 52.258 52.375 52.4 52.438 52.383 52.287 52.226 52.093 51.927 51.756 51.585 51.41 51.194 50.861 50.452 49.99 49.631 49.461 49.315 49.201 49.242 48.717 48.974 48.879 48.452 48.124 47.405 47.194 46.645 46.836 46.704 49.175 49.321 48.519 49.666 49.278 48.372 47.201 48.95 50.159 51.953 52.866 53.083 54.174 55.647 54.345 54.863 57.439 59.958 58.725
46.027 46.529 46.787 47.058 47.33 47.61 47.878 48.138 48.472 48.784 49.066 49.357 49.572 49.784 50.041 50.213 50.333 50.469 50.677 51.007 51.309 51.458 51.524 51.617 51.659 51.703 51.667 51.582 51.501 51.374 51.207 51.084 50.929 50.725 50.552 50.342 49.932 49.536 48.828 48.279 48.147 48.388 48.532 48.174 48.163 48.175 47.938 47.493 46.834 46.496 45.49 45.786 47.809 48.67 47.578 47.436 48.54 49.006 48.481 48.868 49.799 50.754 51.907 52.727 53.587 54.301 54.39 54.948 55.751 55.286 62.566 64.137
