raw_data/evaporacion/evapjun.txt
ncols         178
nrows         142
xllcorner     111.875
yllcorner     -44.625
cellsize      0.25
NODATA_value  -9999
[rows 68 to 101 of 142, columns 76 to 151 of 178]
110.11 108.72 107.13 105.37 103.5 101.59 99.7 97.91 96.32 94.98 93.98 93.37 93.19 93.4 94 94.97 96.28 97.89 99.75 101.8 104.04 106.57 108.95 110.93 112.41 113.38 113.79 113.58 112.71 111.21 109.61 109.18 109.09 108.97 108.8 108.59 108.38 108.39 109.23 109.71 109.47 108.58 107.17 105.43 103.5 101.59 99.87 98.21 96.56 94.9 93.22 91.54 90.02 88.81 87.95 87.69 88.1 89.09 90.53 91.95 91.73 90.35 88.09 84.29 77.97 70.33 63.25 62.05 65.56 72.83 81.91 89.16 91.96 88.84 79.56 70.5
109.35 108.12 106.72 105.18 103.54 101.86 100.19 98.62 97.21 96.01 95.09 94.49 94.24 94.34 94.8 95.59 96.68 98.04 99.62 101.4 103.36 105.5 107.67 109.46 110.81 111.7 112.13 112.06 111.46 110.36 109 108.16 108.04 108.15 108.3 108.47 108.71 109.17 109.73 109.71 109.01 107.75 106.11 104.23 102.22 100.15 98.08 96.08 94.29 92.59 90.89 89.21 87.79 86.63 85.8 85.52 86.11 87.42 89.29 91.11 90.96 89.56 87.17 83.11 76.25 67.89 60.72 60.31 64.39 71.86 80.89 88.01 90.9 87.81 77.68 67.55
108.28 107.15 105.88 104.48 103 101.48 99.99 98.57 97.29 96.2 95.35 94.77 94.49 94.52 94.87 95.51 96.43 97.62 99.04 100.67 102.5 104.5 106.45 108.02 109.19 109.99 110.44 110.53 110.26 109.65 108.87 108.19 107.96 108.42 109.11 109.88 110.66 111.26 111.29 110.57 109.19 107.35 105.27 103.1 100.91 98.71 96.47 94.18 92.12 90.38 88.71 87.07 85.68 84.53 83.68 83.39 83.94 85.24 87.04 88.78 89.22 88 85.41 80.91 74.53 67.09 60.34 59.36 63.22 70.72 79.56 86.31 88.78 85.09 75.08 65.67
106.92 105.84 104.62 103.31 101.93 100.52 99.14 97.84 96.66 95.66 94.86 94.31 94.03 94.03 94.31 94.87 95.69 96.78 98.1 99.66 101.44 103.42 105.3 106.61 107.57 108.26 108.71 108.93 108.96 108.85 108.73 108.8 109.26 110.26 111.59 112.87 113.91 114.34 113.87 112.36 110.08 107.42 104.68 102.04 99.54 97.13 94.72 92.26 90.01 88.27 86.67 85.09 83.67 82.49 81.63 81.31 81.7 82.8 84.31 85.66 86.09 85.03 82.32 78.07 72.86 67.38 62.49 60.33 62.66 69.27 77.09 82.9 84.56 80.04 72.18 64.91
105.32 104.23 103.03 101.75 100.42 99.08 97.78 96.57 95.47 94.55 93.82 93.32 93.07 93.07 93.34 93.88 94.67 95.72 97.02 98.56 100.35 102.36 104.22 105.27 105.98 106.53 106.94 107.24 107.51 107.81 108.32 109.2 110.62 112.55 114.57 115.85 116.61 116.9 116.51 114.6 111.54 107.9 104.31 101.03 98.09 95.39 92.78 90.19 87.92 86.21 84.67 83.2 81.82 80.63 79.72 79.25 79.39 80.22 81.47 82.48 82.63 81.5 78.96 75.22 70.95 67.06 64.17 62.86 63.91 67.32 71.66 74.87 75.54 73.35 69.72 66.29
103.57 102.42 101.2 99.91 98.61 97.32 96.08 94.94 93.93 93.09 92.45 92.03 91.85 91.92 92.24 92.81 93.63 94.71 96.04 97.61 99.45 101.49 103.22 103.98 104.44 104.81 105.14 105.47 105.88 106.51 107.52 109.13 111.47 114.3 116.39 117.14 117.34 117.21 116.7 115.48 112.79 108.45 103.97 99.98 96.56 93.54 90.71 88.01 85.81 84.14 82.66 81.26 79.95 78.76 77.78 77.13 77.01 77.54 78.36 78.91 78.79 77.75 75.62 72.46 68.73 65.56 63.66 62.89 63.04 64.02 65.56 67 67.78 67.81 67.28 66.89
101.74 100.53 99.25 97.95 96.66 95.41 94.24 93.18 92.27 91.55 91.03 90.73 90.67 90.84 91.27 91.94 92.86 94.01 95.42 97.07 98.99 100.99 102.26 102.67 102.9 103.1 103.32 103.62 104.11 104.92 106.3 108.46 111.54 114.94 116.36 116.59 116.44 116.03 115.35 114.35 112.51 108.42 103.32 98.72 94.88 91.58 88.58 85.81 83.68 82.05 80.59 79.23 77.96 76.8 75.78 74.99 74.65 74.91 75.28 75.38 75.03 74.08 72.41 69.95 66.81 63.59 61.79 60.96 60.45 60.4 60.97 61.66 62.41 63.56 64.64 65.78
99.95 98.65 97.33 96.02 94.75 93.55 92.46 91.52 90.75 90.17 89.81 89.68 89.78 90.13 90.72 91.54 92.61 93.9 95.42 97.18 99.1 100.73 101.18 101.25 101.28 101.33 101.45 101.69 102.16 103.05 104.6 107.04 110.52 114.2 115.03 114.96 114.64 114.12 113.37 112.37 110.8 107.32 101.98 97.05 92.97 89.53 86.46 83.66 81.53 79.91 78.48 77.15 75.92 74.79 73.76 72.91 72.5 72.59 72.64 72.45 71.97 71.1 69.76 67.85 65.31 62.3 59.84 58.7 57.87 57.65 57.98 58.47 59.17 60.6 62.26 63.84
98.29 96.92 95.57 94.26 93.04 91.92 90.95 90.16 89.56 89.18 89.03 89.12 89.45 90.02 90.82 91.86 93.12 94.59 96.23 97.87 99.3 99.72 99.69 99.59 99.49 99.43 99.45 99.61 100.02 100.86 102.37 104.78 108.23 111.91 112.87 112.77 112.4 111.85 111.09 110.09 108.53 105.01 99.71 94.82 90.78 87.39 84.4 81.65 79.41 77.77 76.36 75.07 73.87 72.77 71.76 70.96 70.64 70.57 70.39 70.03 69.47 68.69 67.6 66.1 64.06 61.41 58.59 57 56.1 55.74 55.98 56.53 57.45 59.11 60.81 62.14
96.84 95.43 94.07 92.8 91.66 90.67 89.87 89.27 88.9 88.76 88.88 89.24 89.84 90.69 91.77 93.05 94.43 95.85 97.21 97.81 98.01 97.94 97.78 97.61 97.45 97.32 97.25 97.32 97.62 98.31 99.6 101.71 104.72 108.16 110.03 110.23 109.89 109.35 108.61 107.58 105.69 101.54 96.53 92.07 88.34 85.19 82.4 79.8 77.47 75.7 74.27 73.01 71.85 70.79 69.87 69.24 68.96 68.7 68.33 67.84 67.26 66.58 65.71 64.56 62.99 60.88 58.33 56.17 55.24 54.9 55.07 55.91 57.35 59.08 60.53 61.32
95.67 94.24 92.92 91.74 90.73 89.92 89.33 88.99 88.89 89.06 89.49 90.18 91.1 92.17 93.31 94.53 95.41 95.75 95.95 95.95 95.86 95.72 95.55 95.35 95.15 94.96 94.82 94.78 94.94 95.41 96.38 97.98 100.32 103.2 105.82 106.9 106.88 106.43 105.62 104.24 101.27 97.02 92.74 88.96 85.74 82.96 80.46 78.13 75.93 73.98 72.4 71.12 69.99 69.01 68.28 67.77 67.32 66.82 66.25 65.66 65.07 64.49 63.86 63.07 61.97 60.48 58.58 56.57 55.25 55.1 55.68 56.82 58.41 60.1 61.41 61.78
94.82 93.42 92.19 91.14 90.32 89.74 89.43 89.39 89.63 90.14 90.86 91.67 92.62 93.33 93.53 93.65 93.71 93.67 93.6 93.53 93.45 93.34 93.18 92.98 92.73 92.47 92.22 92.04 92.01 92.23 92.81 93.87 95.44 97.44 99.56 101.18 102 101.85 100.65 98.49 95.47 92.05 88.74 85.74 83.09 80.73 78.56 76.51 74.57 72.76 71.17 69.83 68.71 67.8 67.03 66.33 65.59 64.81 64.01 63.27 62.68 62.24 61.88 61.47 60.88 60 58.84 57.51 56.34 55.88 56.65 58.05 59.79 61.69 63.15 63.26
94.3 92.98 91.89 91.03 90.46 90.17 90.19 90.48 90.9 91.5 92.02 91.97 91.85 91.74 91.54 91.38 91.26 91.18 91.15 91.15 91.16 91.14 91.05 90.85 90.54 90.13 89.69 89.28 88.98 88.89 89.08 89.61 90.5 91.68 92.96 94.07 94.68 94.55 93.58 91.89 89.69 87.28 84.87 82.61 80.51 78.55 76.69 74.9 73.19 71.59 70.12 68.83 67.71 66.71 65.76 64.79 63.74 62.65 61.61 60.73 60.13 59.82 59.73 59.72 59.62 59.31 58.79 58.14 57.55 57.29 57.77 59.12 60.96 63.09 64.18 63.57
94.1 92.92 92.02 91.41 91.12 91.06 91.24 91.55 91.33 90.98 90.62 90.18 89.78 89.44 89.16 88.96 88.85 88.84 88.95 89.15 89.41 89.62 89.7 89.54 89.12 88.45 87.65 86.82 86.11 85.61 85.37 85.43 85.77 86.32 86.97 87.54 87.83 87.71 87.1 86.05 84.65 83.06 81.38 79.71 78.06 76.44 74.84 73.28 71.76 70.32 68.98 67.75 66.61 65.53 64.43 63.23 61.92 60.65 59.55 58.64 58.05 57.78 57.79 57.96 58.26 58.42 58.38 58.23 58.11 58.2 58.68 59.75 61.39 63.41 64.1 63.34
93.98 93.04 92.34 91.96 91.78 91.42 90.95 90.46 89.84 89.21 88.62 88.08 87.61 87.21 86.89 86.7 86.66 86.83 87.25 87.88 88.63 89.34 89.76 89.73 89.14 88.05 86.63 85.12 83.74 82.64 81.9 81.5 81.4 81.53 81.78 82.04 82.21 82.19 81.91 81.37 80.58 79.59 78.45 77.19 75.85 74.47 73.06 71.65 70.27 68.95 67.71 66.54 65.42 64.32 63.16 61.87 60.47 59.16 57.86 56.99 56.44 56.1 56.28 56.65 57.07 57.49 57.75 57.9 58.05 58.35 58.91 59.75 60.88 62.45 63.39 62.94
93.2 92.51 91.92 91.38 90.84 90.21 89.51 88.79 88.08 87.4 86.75 86.16 85.62 85.16 84.82 84.67 84.8 85.3 86.25 87.62 89.22 90.75 91.8 92.01 91.2 89.46 87.11 84.55 82.18 80.24 78.85 77.96 77.48 77.32 77.37 77.54 77.77 77.96 78.06 77.99 77.69 77.14 76.33 75.29 74.09 72.78 71.44 70.09 68.79 67.55 66.38 65.28 64.24 63.23 62.19 61.04 59.76 58.36 57.04 56.33 55.83 55.43 55.43 55.96 56.39 56.84 57.16 57.4 57.66 58.04 58.61 59.3 59.88 60.72 61.59 61.86
92.08 91.41 90.78 90.14 89.46 88.74 87.99 87.25 86.53 85.83 85.16 84.52 83.92 83.4 83.03 82.95 83.31 84.29 86 88.41 91.21 93.72 95.2 95.54 94.57 92.37 89.14 85.25 81.56 78.54 76.33 74.88 74.06 73.71 73.71 73.98 74.46 75.07 75.68 76.17 76.36 76.15 75.5 74.46 73.13 71.67 70.18 68.74 67.4 66.17 65.05 64.04 63.15 62.38 61.68 60.94 59.91 58.55 57.21 56.47 55.95 55.56 55.6 56.13 56.51 56.74 56.9 57.05 57.27 57.62 58.15 58.72 58.92 59.23 59.68 60.01
90.97 90.26 89.58 88.87 88.14 87.4 86.67 85.97 85.31 84.66 84.01 83.34 82.66 82.03 81.6 81.56 82.17 83.68 86.28 89.86 93.65 96.03 96.21 95.75 95.01 93.85 91.39 86.77 81.7 77.45 74.34 72.31 71.16 70.7 70.79 71.37 72.36 73.66 75.07 76.33 77.13 77.25 76.59 75.26 73.48 71.51 69.58 67.81 66.25 64.91 63.79 62.88 62.21 61.81 61.69 61.63 60.91 59.81 58.61 57.7 57.1 56.76 56.89 57.19 57.38 57.36 57.19 57.12 57.2 57.42 57.81 58.15 58.17 58.36 58.85 59.36
89.91 89.16 88.42 87.68 86.94 86.24 85.61 85.06 84.57 84.07 83.5 82.81 82.03 81.25 80.66 80.56 81.3 83.24 86.6 90.98 94.19 94.71 94.24 93.58 92.85 92.03 90.76 87.71 82.04 76.72 72.78 70.21 68.79 68.3 68.63 69.72 71.51 73.86 76.46 78.81 80.25 80.56 79.77 78.03 75.54 72.68 69.92 67.51 65.51 63.91 62.68 61.82 61.39 61.45 62.06 62.85 62.47 61.79 61.11 60.44 59.81 59.27 58.93 58.72 58.62 58.47 58.03 57.72 57.57 57.55 57.6 57.48 57.43 57.77 58.6 59.24
88.88 88.09 87.31 86.56 85.87 85.3 84.87 84.6 84.41 84.19 83.8 83.14 82.22 81.18 80.29 79.95 80.59 82.64 86.34 90.71 92.3 92.22 91.7 91.02 90.28 89.47 88.5 86.7 81.86 76.08 71.56 68.58 66.96 66.51 67.17 68.94 71.78 75.49 79.41 82.47 83.74 83.57 82.65 81.04 78.33 74.79 71.28 68 65.31 63.25 61.77 60.87 60.61 61.11 62.43 64.03 64.01 63.83 63.73 63.41 62.79 61.9 60.89 60.06 59.48 59.06 58.66 58.3 57.89 57.41 56.91 56.52 56.45 56.95 58.06 58.82
87.87 87.04 86.24 85.51 84.92 84.54 84.43 84.58 84.81 84.82 84.53 83.87 82.81 81.53 80.34 79.67 79.95 81.69 84.96 88.28 89.33 89.42 89.07 88.46 87.7 86.8 85.69 84.16 80.86 75.5 70.78 67.54 65.73 65.3 66.28 68.74 72.71 77.66 81.55 83.04 83.43 83.01 81.8 79.91 77.55 75.05 72.4 68.82 65.59 62.97 61.09 60.01 59.78 60.54 62.36 64.52 64.89 65.16 65.16 64.73 64.18 63.42 62.01 60.57 59.51 58.8 58.38 58.04 57.56 56.81 55.98 55.35 55.16 55.62 56.76 57.85
86.87 -9999 85.18 84.48 84.02 83.89 84.16 84.76 85.18 84.7 83.89 82.94 81.86 80.72 79.7 79.06 78.98 80.02 82.25 84.28 85.51 86.1 86.13 85.69 84.91 83.82 82.4 80.67 78.31 74.61 70.47 67.25 65.2 64.59 65.67 68.61 73.39 78.58 80.86 81.93 81.97 81.29 80.03 77.8 74.95 72.32 70.1 67.95 65.58 62.86 60.57 59.15 58.75 59.5 61.5 63.99 64.63 65.1 65.03 64.55 63.99 63.23 61.69 59.93 58.68 58.06 57.94 57.81 57.34 56.41 55.25 54.23 53.75 53.92 54.75 55.9
-9999 -9999 -9999 83.43 83.08 83.18 83.79 84.58 84.37 83.55 82.56 81.46 80.31 79.02 77.78 76.82 76.34 76.62 77.72 79.25 80.79 81.94 82.47 82.31 81.54 80.26 78.62 76.69 74.5 71.99 69.38 67.05 64.91 64.02 64.95 67.94 72.62 76.62 78.68 79.82 79.58 78.68 77.24 74.88 71.58 68.56 66.38 64.91 63.77 62.23 59.97 58.2 57.45 57.92 59.68 62.14 62.94 63.38 63.52 63.13 62.53 61.6 59.87 58.2 57.16 56.95 57.15 56.68 56.03 55.28 54.37 53.18 52.42 52.26 52.6 53.26
-9999 -9999 -9999 -9999 -9999 82.21 -9999 -9999 83.06 82.08 80.95 79.75 78.49 77.15 75.72 74.51 73.65 73.24 73.4 74.22 75.54 76.96 77.96 78.16 77.56 76.47 75.24 73.91 72.21 69.92 67.27 64.81 62.97 62.29 63.22 65.79 69.6 72.85 75.19 76.69 76.62 75.64 73.86 71.03 67.54 64.59 62.54 61.28 60.85 60.41 58.96 57.03 55.87 55.87 57.07 59.03 59.87 60.09 60.21 60.04 59.39 58.29 56.92 55.76 55.18 55.29 55.42 54.82 54.06 53.24 52.32 51.37 50.76 50.57 50.65 50.92
-9999 -9999 -9999 -9999 -9999 -9999 -9999 -9999 -9999 -9999 -9999 77.94 76.57 75.18 73.77 72.6 71.6 70.77 70.19 70.08 70.65 71.8 73 73.61 73.59 73.57 74.05 74.37 73.31 70.64 66.87 63.1 60.33 59.05 59.27 61.03 64.06 67.27 69.91 71.77 72.48 71.75 69.78 66.74 63.65 61.37 59.75 58.6 58.13 58.24 57.58 55.58 54.06 53.55 54.1 55.31 55.78 55.73 55.61 55.4 54.96 54.32 53.69 53.27 53.2 53.44 53.43 52.75 51.84 50.8 49.73 48.88 48.41 48.32 48.52 48.89
-9999 -9999 -9999 -9999 -9999 -9999 -9999 -9999 -9999 -9999 -9999 -9999 -9999 73.08 71.86 70.8 69.65 68.61 67.75 66.99 66.73 67.32 68.42 69.43 70.39 72.27 75.05 75.83 73.48 69.95 65.78 61.21 57.32 55.49 55.26 56.15 58.11 60.72 63.23 65.15 66.19 66.08 64.77 62.47 60.19 58.61 57.43 56.51 56.19 56.44 55.96 53.92 52.14 51.23 51.17 51.56 51.41 51.14 50.94 50.82 50.74 50.76 50.97 51.4 51.77 51.9 51.48 50.6 49.43 48.11 46.98 46.26 45.93 45.92 46.19 46.7
-9999 -9999 -9999 -9999 -9999 -9999 -9999 -9999 -9999 -9999 -9999 -9999 -9999 70.78 69.69 68.49 67.22 66.06 65.1 64.29 63.61 63.74 64.66 65.93 67.8 71.14 73.81 72.22 68.9 65.07 60.93 56.69 53 51.31 51.5 52.21 53.31 54.94 56.81 58.51 59.75 60.31 60.04 58.93 57.44 56.33 55.55 54.99 55.09 55.15 54.43 52.25 50.3 49.11 48.54 48.08 47.53 47.09 46.87 46.96 47.32 47.97 48.94 49.99 50.33 50.11 49.45 48.38 46.83 45.22 44.15 43.61 43.41 43.43 43.67 44.13
-9999 -9999 -9999 -9999 -9999 -9999 -9999 -9999 -9999 -9999 -9999 -9999 -9999 68.25 67.12 65.82 64.49 63.29 62.23 61.36 60.7 60.71 61.5 62.8 64.92 68.27 69.41 -9999 -9999 59.67 55.89 52.28 49.11 47.18 48.03 49.16 50 50.97 52.21 53.59 54.89 55.89 56.4 56.35 55.86 55.28 54.84 54.6 54.49 54.14 53.11 50.82 48.75 47.32 46.27 45.31 44.43 43.8 43.6 43.93 44.67 45.73 46.94 47.92 48.29 48.07 47.35 46.03 43.96 42.11 41.21 40.93 40.87 40.91 41.1 41.61
-9999 -9999 -9999 -9999 -9999 -9999 -9999 -9999 -9999 -9999 -9999 -9999 -9999 -9999 -9999 62.88 61.57 60.36 59.27 58.37 57.82 57.92 58.63 59.76 61.39 63.72 -9999 -9999 58.42 55.12 51.97 49.11 46.65 44.94 45.26 46.43 47.26 48.11 49.22 50.61 52.15 53.6 54.68 55.2 55.25 55.02 54.66 54.28 53.82 53.15 51.96 49.83 47.65 45.95 44.5 43.23 42.11 41.67 41.72 42.14 42.86 43.77 44.74 45.6 46.06 45.92 45.09 43.36 40.77 38.84 38.32 38.42 38.62 38.81 39.11 39.93
-9999 -9999 -9999 -9999 -9999 -9999 -9999 -9999 -9999 -9999 -9999 -9999 -9999 -9999 -9999 -9999 58.69 57.51 56.43 55.51 55.03 55.24 55.97 56.91 57.92 59.11 -9999 -9999 54.62 51.98 49.55 47.38 45.47 43.87 43.06 43.48 44.29 45.52 47.02 48.69 50.57 52.64 54.59 55.76 56.08 55.85 55.13 54.13 53.14 52.14 50.9 49.11 46.93 44.88 43.24 41.84 40.68 40.4 40.54 40.97 41.58 42.23 42.85 43.4 43.75 43.55 42.49 40.29 37.57 36.1 36.06 36.57 37.13 37.61 38.18 39.34
-9999 -9999 -9999 -9999 -9999 -9999 -9999 -9999 -9999 -9999 -9999 -9999 -9999 -9999 -9999 -9999 -9999 54.84 53.73 52.77 52.27 52.6 53.49 54.5 -9999 -9999 -9999 54.79 52.81 50.82 48.92 47.13 45.34 43.59 42.4 42.46 43.46 44.79 46.11 47.48 49.14 51.16 53.42 55.43 56.78 57.22 56.4 54.69 52.93 51.35 49.87 48.17 46.14 44.09 42.42 41.06 39.95 39.65 39.84 40.24 40.7 41.09 41.34 41.49 41.47 41 39.77 37.67 35.45 34.48 34.74 35.56 36.49 37.35 38.21 39.68
-9999 -9999 -9999 -9999 -9999 -9999 -9999 -9999 -9999 -9999 -9999 -9999 -9999 -9999 -9999 -9999 -9999 52.24 51.08 50.12 49.59 49.99 -9999 -9999 -9999 -9999 -9999 54.05 52.63 51.04 49.33 47.5 45.54 43.6 42.37 42.5 43.64 44.89 45.88 46.8 48.02 49.76 51.96 54.09 55.48 55.92 55.55 54.6 53.02 50.98 49.01 47.19 45.31 43.44 41.87 40.68 39.8 39.44 39.6 39.89 40.11 40.22 40.17 39.99 39.62 38.94 37.86 36.3 34.61 33.76 34.07 35.07 36.28 37.4 38.47 40.28
-9999 -9999 -9999 -9999 -9999 -9999 -9999 -9999 -9999 -9999 -9999 -9999 -9999 -9999 -9999 -9999 -9999 -9999 48.66 47.89 47.52 47.88 -9999 -9999 -9999 -9999 -9999 53.55 52.34 50.87 49.23 47.44 45.53 43.7 42.61 42.97 44.29 45.46 46.11 46.57 47.28 48.58 50.46 52.25 53.17 53.23 52.83 52.27 51.55 50.36 48.18 46.13 44.34 42.7 41.34 40.35 39.71 39.48 39.56 39.6 39.56 39.43 39.22 38.92 38.45 37.76 36.83 35.61 34.14 33.1 33.24 34.3 35.6 36.72 37.89 40.45
-9999 -9999 -9999 -9999 -9999 -9999 -9999 -9999 -9999 -9999 -9999 -9999 -9999 -9999 -9999 -9999 -9999 -9999 46.78 46.22 46.09 -9999 -9999 -9999 -9999 -9999 -9999 52.82 -9999 -9999 48.76 47.13 45.42 43.84 43.02 43.68 45.22 46.33 46.7 46.72 46.89 47.56 48.69 49.57 49.7 49.39 49.05 48.84 48.72 48.31 46.75 44.76 43.11 41.77 40.72 39.97 39.47 39.23 39.22 39.03 38.78 38.57 38.43 38.29 37.92 37.25 36.32 35.03 33.31 31.8 31.62 32.74 34.25 35.6 37.36 41.18
