raw_data/evaporacion/evapjul.txt
ncols         178
nrows         142
xllcorner     111.875
yllcorner     -44.625
cellsize      0.25
NODATA_value  -9999
[rows 66 to 98 of 142, columns 75 to 149 of 178]
128.62 126.49 124.33 122.05 119.64 117.16 114.76 112.8 111.32 110.16 109.25 108.6 108.21 108.09 108.22 108.62 109.31 110.34 111.72 113.47 115.53 117.79 120.08 122.21 124.03 125.41 126.27 126.53 126.1 124.91 123.06 121.36 120.84 120.53 120.17 119.74 119.25 118.73 118.51 119.44 120.22 120.21 119.4 117.89 116.02 114.51 113.17 111.83 110.46 109.08 107.72 106.36 104.99 103.63 102.34 101.18 100.17 99.31 98.54 97.8 97.07 96.19 94.82 92.85 90.15 86.96 83.58 80.61 79.21 80.61 84.84 90.1 93.74 94.08 91.58
127.48 125.84 124.04 122.06 119.91 117.66 115.38 113.22 111.25 109.51 108.05 106.94 106.28 106.08 106.19 106.6 107.35 108.48 109.97 111.79 113.91 116.2 118.51 120.61 122.35 123.65 124.43 124.62 124.16 122.94 121.1 119.47 119.04 118.8 118.5 118.14 117.71 117.26 117.02 117.88 118.62 118.6 117.78 116.31 114.41 112.51 110.95 109.52 108.1 106.7 105.3 103.89 102.47 101.09 99.85 98.88 98.29 98.13 98.28 98.64 99.09 98.96 97.6 95.27 91.39 86.29 80.55 75 72.28 74.46 81.59 90.82 97.61 98.57 94.19
126.45 125.09 123.53 121.79 119.91 117.93 115.91 113.93 112.05 110.35 108.9 107.76 106.99 106.61 106.59 106.93 107.61 108.61 109.88 111.39 113.08 114.95 117.07 119.07 120.7 121.88 122.59 122.77 122.37 121.31 119.63 117.87 117.35 117.18 117 116.78 116.53 116.29 116.28 117.15 117.67 117.43 116.49 114.99 113.1 111.03 109.04 107.38 105.85 104.4 102.96 101.5 100.01 98.61 97.42 96.53 96.15 96.41 97.24 98.56 99.89 99.53 97.99 95.55 91.52 84.85 76.75 69.22 68.08 72.08 80.2 90.29 98.25 101.11 97.18
125.24 124.02 122.63 121.07 119.38 117.6 115.8 114.02 112.33 110.79 109.46 108.39 107.62 107.17 107.06 107.27 107.79 108.6 109.66 110.93 112.39 114.01 115.81 117.61 119.06 120.11 120.75 120.95 120.69 119.91 118.63 117.11 116.14 115.93 115.97 116.05 116.17 116.37 116.83 117.42 117.46 116.79 115.54 113.86 111.92 109.83 107.7 105.65 103.76 102.17 100.68 99.16 97.63 96.27 95.1 94.22 93.86 94.3 95.46 97.23 98.97 98.69 97.12 94.54 90.23 82.97 74.08 66.44 66.15 70.76 79.11 89.15 96.99 100 96.14
123.76 122.62 121.32 119.88 118.32 116.69 115.03 113.4 111.85 110.43 109.19 108.18 107.43 106.96 106.79 106.91 107.32 107.99 108.91 110.05 111.4 112.94 114.63 116.25 117.48 118.35 118.9 119.13 119.03 118.57 117.8 116.85 116.01 115.66 116.01 116.61 117.31 118.04 118.64 118.71 118.06 116.75 114.96 112.91 110.75 108.55 106.35 104.12 101.92 99.99 98.41 96.87 95.33 93.98 92.81 91.92 91.53 91.96 93.12 94.82 96.48 96.81 95.42 92.62 87.85 81.09 73.17 65.94 64.99 69.34 77.71 87.54 94.98 97.55 93.04
122.04 120.92 119.66 118.27 116.78 115.24 113.68 112.15 110.69 109.36 108.21 107.26 106.54 106.09 105.9 105.99 106.34 106.95 107.81 108.9 110.21 111.74 113.44 115.02 116 116.66 117.09 117.31 117.33 117.17 116.89 116.6 116.49 116.79 117.63 118.82 119.99 120.97 121.38 120.95 119.52 117.36 114.81 112.16 109.58 107.12 104.74 102.36 99.96 97.8 96.15 94.62 93.11 91.72 90.53 89.62 89.21 89.49 90.48 91.9 93.14 93.45 92.23 89.29 84.75 79.21 73.35 68.09 65.77 68.4 75.75 84.43 90.84 92.53 87.14
120.13 118.98 117.7 116.32 114.86 113.35 111.85 110.39 109.02 107.77 106.69 105.81 105.16 104.76 104.61 104.72 105.09 105.71 106.58 107.68 109.02 110.6 112.37 113.95 114.66 115.06 115.33 115.5 115.59 115.65 115.77 116.08 116.77 117.97 119.69 121.52 122.69 123.37 123.63 123.23 121.41 118.49 115.03 111.58 108.42 105.56 102.91 100.33 97.76 95.53 93.86 92.35 90.9 89.53 88.33 87.39 86.85 86.91 87.67 88.83 89.73 89.74 88.42 85.63 81.59 76.97 72.73 69.55 68.06 69.14 72.84 77.59 81.12 81.78 79.18
118.11 116.88 115.55 114.14 112.67 111.18 109.72 108.32 107.02 105.86 104.89 104.11 103.56 103.26 103.2 103.4 103.86 104.55 105.5 106.68 108.1 109.76 111.6 113.06 113.47 113.59 113.67 113.73 113.82 114.01 114.42 115.21 116.59 118.66 121.21 123.1 123.75 123.9 123.73 123.2 122.01 119.43 115.3 111.02 107.2 103.88 100.92 98.11 95.4 93.21 91.54 90.05 88.63 87.31 86.12 85.12 84.43 84.25 84.72 85.45 85.87 85.61 84.37 81.96 78.43 74.26 70.65 68.42 67.39 67.34 68.22 69.8 71.37 72.29 72.4
116.07 114.74 113.34 111.87 110.38 108.9 107.48 106.15 104.94 103.9 103.05 102.43 102.03 101.88 101.98 102.33 102.94 103.78 104.86 106.17 107.72 109.5 111.33 112.31 112.35 112.22 112.09 112.02 112.05 112.28 112.85 113.97 115.84 118.6 121.68 122.93 123.08 122.87 122.42 121.72 120.72 118.94 115.03 110.17 105.77 102.05 98.82 95.83 93.02 90.87 89.21 87.73 86.34 85.05 83.86 82.81 82 81.61 81.8 82.08 82.05 81.55 80.39 78.42 75.55 71.85 67.98 65.7 64.51 63.62 63.32 63.86 64.61 65.52 67.07
114.11 112.67 111.18 109.66 108.15 106.7 105.34 104.1 103.02 102.14 101.47 101.03 100.85 100.91 101.23 101.81 102.62 103.67 104.94 106.44 108.14 109.97 111.41 111.51 111.19 110.85 110.55 110.33 110.26 110.45 111.06 112.31 114.43 117.54 120.86 121.53 121.38 121 120.44 119.66 118.66 117.12 113.77 108.69 103.96 100.02 96.65 93.58 90.74 88.56 86.9 85.43 84.06 82.79 81.61 80.55 79.68 79.21 79.25 79.21 78.9 78.25 77.16 75.52 73.18 70.03 66.22 63.01 61.4 60.13 59.69 60.02 60.57 61.43 63.33
112.33 110.77 109.2 107.65 106.15 104.75 103.48 102.38 101.48 100.8 100.37 100.18 100.27 100.61 101.22 102.07 103.16 104.47 105.99 107.66 109.27 110.59 110.72 110.31 109.83 109.35 108.92 108.58 108.4 108.49 109.02 110.2 112.26 115.32 118.62 119.4 119.19 118.75 118.14 117.35 116.34 114.8 111.42 106.36 101.67 97.76 94.43 91.43 88.63 86.33 84.63 83.17 81.83 80.59 79.43 78.39 77.55 77.2 77.07 76.81 76.32 75.61 74.6 73.22 71.29 68.64 65.16 61.39 59.18 57.87 57.28 57.5 58.15 59.29 61.49
110.79 109.14 107.51 105.96 104.51 103.21 102.08 101.17 100.5 100.09 99.94 100.07 100.49 101.17 102.12 103.32 104.73 106.22 107.72 109.12 109.57 109.54 109.15 108.66 108.13 107.6 107.1 106.67 106.38 106.34 106.69 107.64 109.38 112.01 115.06 116.65 116.71 116.28 115.67 114.88 113.84 111.97 108 103.21 98.92 95.3 92.2 89.39 86.74 84.32 82.49 81 79.68 78.47 77.36 76.4 75.74 75.44 75.14 74.69 74.09 73.34 72.44 71.28 69.72 67.59 64.73 61.25 58.25 56.89 56.31 56.42 57.41 59.23 61.47
109.56 107.83 106.2 104.68 103.33 102.18 101.26 100.6 100.22 100.13 100.34 100.85 101.65 102.73 103.96 105.25 106.62 107.58 107.86 107.95 107.79 107.47 107.08 106.62 106.11 105.57 105.02 104.52 104.13 103.94 104.07 104.68 105.93 107.88 110.39 112.68 113.53 113.39 112.84 111.98 110.59 107.71 103.64 99.52 95.87 92.73 89.97 87.46 85.07 82.79 80.76 79.09 77.75 76.57 75.54 74.79 74.27 73.82 73.29 72.66 71.95 71.21 70.41 69.49 68.31 66.72 64.6 61.92 59.06 57.11 56.72 57.31 58.64 60.53 62.59
108.66 106.91 105.3 103.88 102.68 101.74 101.09 100.74 100.71 101.01 101.63 102.49 103.45 104.56 105.41 105.63 105.75 105.79 105.67 105.51 105.32 105.08 104.78 104.39 103.92 103.38 102.78 102.19 101.66 101.28 101.15 101.39 102.11 103.33 104.99 106.78 108.14 108.76 108.5 107.26 105.13 102.19 98.89 95.68 92.75 90.15 87.8 85.6 83.5 81.48 79.58 77.91 76.49 75.32 74.37 73.59 72.9 72.18 71.39 70.55 69.74 68.99 68.32 67.66 66.88 65.84 64.44 62.67 60.66 58.81 57.86 58.57 60.14 62.1 64.19
108.11 106.37 104.85 103.57 102.59 101.93 101.6 101.63 101.99 102.5 103.23 103.85 103.83 103.74 103.63 103.43 103.25 103.1 102.99 102.92 102.86 102.78 102.64 102.39 101.98 101.4 100.69 99.91 99.15 98.5 98.06 97.92 98.12 98.7 99.57 100.58 101.44 101.86 101.61 100.59 98.89 96.73 94.36 92 89.76 87.66 85.69 83.79 81.94 80.16 78.47 76.93 75.56 74.38 73.35 72.4 71.47 70.47 69.41 68.35 67.38 66.63 66.1 65.73 65.35 64.83 64.06 63.05 61.89 60.74 59.92 60.02 61.41 63.37 65.53
107.81 106.2 104.82 103.76 103.05 102.71 102.63 102.86 103.22 103 102.64 102.27 101.81 101.39 101.04 100.76 100.56 100.45 100.45 100.57 100.79 101.05 101.24 101.24 100.93 100.28 99.31 98.15 96.94 95.85 94.98 94.41 94.16 94.21 94.5 94.91 95.27 95.4 95.15 94.47 93.37 91.96 90.37 88.69 87 85.33 83.67 82.02 80.38 78.79 77.26 75.83 74.52 73.33 72.23 71.15 70.03 68.8 67.54 66.32 65.25 64.5 64.06 63.9 63.8 63.69 63.42 62.96 62.4 61.84 61.42 61.38 62.26 63.92 65.91
107.31 106.11 104.98 104.16 103.69 103.47 103.05 102.52 101.98 101.3 100.62 99.99 99.42 98.93 98.52 98.2 98.02 98.03 98.27 98.79 99.56 100.45 101.27 101.73 101.62 100.81 99.37 97.53 95.55 93.71 92.2 91.08 90.37 90 89.88 89.93 90.02 90.04 89.91 89.55 88.95 88.13 87.1 85.92 84.63 83.24 81.79 80.31 78.82 77.35 75.94 74.6 73.34 72.17 71.06 69.96 68.78 67.46 66.04 64.55 63.49 62.78 62.29 62.34 62.55 62.66 62.67 62.53 62.32 62.11 61.98 62.03 62.52 63.65 65.21
106.12 105.21 104.39 103.67 103.02 102.38 101.65 100.86 100.06 99.28 98.54 97.85 97.22 96.66 96.19 95.86 95.75 95.96 96.63 97.81 99.49 101.44 103.28 104.52 104.74 103.71 101.54 98.61 95.43 92.44 89.97 88.13 86.89 86.14 85.76 85.62 85.65 85.76 85.86 85.89 85.77 85.43 84.84 83.97 82.88 81.6 80.21 78.77 77.33 75.92 74.56 73.29 72.1 71.01 70 69.05 68.03 66.77 65.2 63.66 62.78 62.11 61.55 61.42 61.84 62.05 62.08 62.01 61.92 61.87 61.9 62.05 62.37 62.99 63.91
104.81 103.92 103.12 102.36 101.59 100.79 99.96 99.12 98.29 97.5 96.75 96.03 95.35 94.71 94.17 93.82 93.81 94.32 95.57 97.7 100.65 104.05 107.1 108.9 109.29 108.11 105.43 101.48 96.73 92.2 88.47 85.7 83.84 82.71 82.14 81.98 82.14 82.53 83.09 83.67 84.13 84.3 84.05 83.34 82.21 80.79 79.21 77.6 76.04 74.57 73.21 71.96 70.86 69.92 69.17 68.58 68.01 66.93 65.37 63.81 62.89 62.2 61.65 61.55 61.95 62.12 61.94 61.68 61.51 61.46 61.55 61.77 62.09 62.41 62.88
103.54 102.63 101.78 100.96 100.12 99.27 98.42 97.6 96.82 96.1 95.4 94.7 93.98 93.26 92.61 92.19 92.24 93.07 94.98 98.18 102.56 107.18 110.09 110.34 109.8 108.91 107.51 104.53 98.94 92.78 87.6 83.78 81.25 79.76 79.07 79.02 79.52 80.47 81.77 83.21 84.5 85.31 85.4 84.68 83.25 81.33 79.21 77.12 75.18 73.47 71.98 70.71 69.69 68.97 68.61 68.64 68.77 67.98 66.68 65.26 64.15 63.37 62.86 62.83 62.94 62.85 62.38 61.74 61.33 61.16 61.2 61.42 61.7 61.93 62.33
102.34 101.4 100.5 99.62 98.74 97.88 97.08 96.37 95.77 95.23 94.7 94.09 93.36 92.52 91.69 91.1 91.09 92.1 94.53 98.68 104.04 107.98 108.66 108.14 107.37 106.53 105.57 104.06 100.38 93.54 87.09 82.3 79.13 77.32 76.6 76.8 77.85 79.66 82.09 84.79 87.25 88.75 89.05 88.2 86.35 83.69 80.62 77.65 75.02 72.81 71.01 69.61 68.63 68.14 68.25 69.05 70.08 69.6 68.74 67.88 67.03 66.2 65.44 64.86 64.36 63.84 63.16 62.17 61.45 61.06 60.92 60.96 61.04 61.28 61.85
101.18 100.2 99.25 98.33 97.44 96.64 95.98 95.51 95.22 95.04 94.82 94.41 93.71 92.71 91.58 90.65 90.36 91.27 93.86 98.43 103.81 105.81 105.79 105.22 104.46 103.61 102.68 101.57 99.44 93.64 86.66 81.18 77.52 75.45 74.75 75.29 77.06 79.99 83.87 87.98 91.2 92.51 92.33 91.35 89.67 86.81 83.04 79.28 75.71 72.74 70.43 68.74 67.68 67.36 67.92 69.46 71.31 71.2 70.89 70.64 70.16 69.33 68.15 66.78 65.5 64.36 63.28 62.26 61.45 60.83 60.34 60.03 59.95 60.23 60.98
100.05 99.02 98.03 97.08 96.22 95.53 95.1 94.99 95.17 95.48 95.52 95.23 94.51 93.35 91.93 90.64 89.97 90.46 92.69 96.77 100.91 102.31 102.51 102.18 101.52 100.68 99.67 98.43 96.67 92.77 86.32 80.59 76.6 74.29 73.54 74.38 76.87 80.99 86.18 90.25 91.79 92.17 91.72 90.47 88.52 86.08 83.47 80.67 76.8 73.23 70.28 68.13 66.83 66.51 67.32 69.38 71.81 72.11 72.27 72.12 71.49 70.71 69.65 67.77 65.73 63.98 62.56 61.52 60.79 60.15 59.47 58.86 58.57 58.76 59.53
98.93 97.85 -9999 95.84 95.02 94.48 94.34 94.67 95.37 95.88 95.38 94.5 93.45 92.24 90.95 89.81 89.14 89.18 90.59 93.44 96.08 97.74 98.58 98.74 98.33 97.5 96.31 94.73 92.78 90.05 85.66 80.62 76.63 73.97 72.95 73.82 76.77 81.72 87.14 89.49 90.56 90.58 89.88 88.58 86.3 83.38 80.68 78.36 76.06 73.45 70.36 67.7 66 65.45 66.23 68.43 71.2 71.79 72.15 71.9 71.2 70.37 69.26 67.18 64.73 62.72 61.38 60.68 60.2 59.62 58.77 57.85 57.17 57.08 57.65
-9999 -9999 -9999 -9999 93.8 93.4 93.51 94.23 95.16 94.96 94.08 92.99 91.76 90.45 88.97 87.54 86.45 85.97 86.43 87.92 89.96 92.01 93.6 94.42 94.41 93.65 92.29 90.48 88.32 85.81 82.84 79.69 76.81 74.01 72.58 73.21 76.13 80.92 85.05 87.14 88.28 88.03 87.12 85.65 83.25 79.88 76.8 74.53 72.96 71.66 69.87 67.21 65.07 64.11 64.54 66.45 69.15 69.91 70.22 70.18 69.55 68.63 67.28 64.95 62.57 60.8 59.91 59.58 58.88 58.17 57.46 56.69 55.76 55.37 55.66
-9999 -9999 -9999 -9999 -9999 -9999 92.39 -9999 -9999 93.46 92.4 91.13 89.76 88.33 86.77 85.1 83.7 82.75 82.35 82.67 83.81 85.61 87.57 89.04 89.56 89.09 88.01 86.75 85.35 83.43 80.68 77.42 74.34 71.95 70.86 71.51 73.94 77.76 81.04 83.42 84.95 84.88 83.89 82.09 79.24 75.7 72.69 70.58 69.22 68.65 68.02 66.25 63.9 62.46 62.34 63.62 65.75 66.54 66.58 66.49 66.04 65.03 63.45 61.5 59.72 58.52 58.06 57.76 56.98 56.16 55.36 54.5 53.7 53.34 53.55
-9999 -9999 -9999 -9999 -9999 -9999 -9999 -9999 -9999 -9999 -9999 -9999 87.63 86.06 84.44 82.81 81.47 80.35 79.42 78.81 78.77 79.64 81.31 83.09 84.19 84.5 84.81 85.75 86.42 85.27 82.01 77.28 72.52 68.98 67.24 67.21 68.86 71.88 75.13 77.84 79.74 80.47 79.76 77.79 74.74 71.62 69.3 67.63 66.38 65.8 65.75 64.84 62.42 60.56 59.9 60.45 61.75 62.1 61.78 61.38 60.83 60 58.92 57.81 56.94 56.42 56.24 55.87 54.99 53.99 52.93 51.89 51.17 50.94 51.2
-9999 -9999 -9999 -9999 -9999 -9999 -9999 -9999 -9999 -9999 -9999 -9999 -9999 -9999 81.93 80.54 79.36 78.03 76.83 75.87 75.03 74.87 75.86 77.57 79.21 80.78 83.51 87.37 88.59 85.72 81.34 76.17 70.47 65.55 63.18 62.74 63.57 65.55 68.2 70.77 72.73 73.8 73.73 72.45 70.18 67.92 66.33 65.12 64.13 63.71 63.82 63.14 60.69 58.57 57.49 57.41 57.79 57.41 56.82 56.27 55.75 55.24 54.84 54.71 54.88 55.03 54.91 54.21 53.08 51.73 50.32 49.23 48.66 48.56 48.88
-9999 -9999 -9999 -9999 -9999 -9999 -9999 -9999 -9999 -9999 -9999 -9999 -9999 -9999 79.13 77.88 76.49 74.98 73.64 72.54 71.66 71.03 71.52 73.03 75 77.71 82.25 85.87 83.97 79.84 75.11 70.04 64.89 60.42 58.33 58.5 59.27 60.43 62.08 63.96 65.66 66.9 67.49 67.27 66.25 64.83 63.77 62.99 62.41 62.43 62.38 61.49 58.94 56.69 55.36 54.75 54.15 53.35 52.61 52 51.56 51.34 51.51 52.25 53.29 53.6 53.28 52.48 51.22 49.44 47.71 46.68 46.29 46.3 46.59
-9999 -9999 -9999 -9999 -9999 -9999 -9999 -9999 -9999 -9999 -9999 -9999 -9999 -9999 76 74.61 73.04 71.47 70.06 68.85 67.92 67.42 67.87 69.24 71.21 74.14 78.57 80.14 -9999 -9999 68.18 63.62 59.34 55.65 53.48 54.58 55.98 56.94 57.9 59.05 60.32 61.54 62.53 63.11 63.18 62.83 62.37 62 61.79 61.66 61.26 60.1 57.49 55.16 53.64 52.49 51.35 50.3 49.41 48.73 48.32 48.19 48.59 49.63 50.81 51.37 51.22 50.48 49.09 46.9 44.99 44.17 44.03 44.14 44.35
-9999 -9999 -9999 -9999 -9999 -9999 -9999 -9999 -9999 -9999 -9999 -9999 -9999 -9999 -9999 -9999 69.22 67.67 66.29 65.08 64.17 63.92 64.6 65.89 67.52 69.68 72.66 -9999 -9999 66.25 62.3 58.6 55.32 52.6 50.91 51.69 53.35 54.34 55.02 55.79 56.85 58.17 59.55 60.71 61.45 61.75 61.74 61.56 61.28 60.88 60.22 58.96 56.59 54.19 52.35 50.71 49.32 48.12 47.33 46.79 46.4 46.17 46.3 46.97 48 48.8 48.89 48.15 46.43 43.81 41.95 41.58 41.85 42.18 42.45
-9999 -9999 -9999 -9999 -9999 -9999 -9999 -9999 -9999 -9999 -9999 -9999 -9999 -9999 -9999 -9999 -9999 64.11 62.86 61.78 60.98 60.92 61.76 62.93 64.13 65.31 66.68 -9999 -9999 61.25 58.19 55.44 53.07 51.14 49.86 49.83 50.97 51.9 52.59 53.37 54.47 55.99 57.88 59.86 61.35 62.1 62.26 61.84 61.06 60.19 59.24 57.96 56.02 53.61 51.3 49.42 47.94 46.75 46.08 45.64 45.28 44.99 44.82 44.95 45.45 46.07 46.19 45.31 43.15 40.46 39.14 39.31 40.02 40.74 41.32
-9999 -9999 -9999 -9999 -9999 -9999 -9999 -9999 -9999 -9999 -9999 -9999 -9999 -9999 -9999 -9999 -9999 -9999 60.19 59.29 58.67 58.65 59.42 60.44 61.38 -9999 -9999 -9999 60.96 58.7 56.49 54.43 52.57 50.91 49.66 49.33 50.08 51.1 51.86 52.46 53.26 54.52 56.33 58.57 60.82 62.57 63.46 63.08 61.72 60.16 58.59 57.02 55.14 52.82 50.45 48.52 47.08 46.01 45.49 45.21 44.96 44.65 44.25 43.87 43.66 43.62 43.33 42.24 40.2 38.09 37.32 37.83 38.9 40.06 41.08
