raw_data/evaporacion/evapnov.txt
ncols         178
nrows         142
xllcorner     111.875
yllcorner     -44.625
cellsize      0.25
NODATA_value  -9999
[rows 64 to 95 of 142, columns 72 to 143 of 178]
377.13 374.67 371.92 368.89 365.64 362.31 359.07 356.09 353.49 351.35 349.68 348.45 347.61 347.09 346.82 346.76 346.87 347.17 347.72 348.59 349.9 351.73 354.11 357.05 360.43 364.04 367.63 370.91 373.67 375.71 376.91 377.15 376.38 374.62 372.13 369.78 368.56 367.53 366.42 365.3 364.55 364.81 365.1 364.7 363.46 361.43 358.75 355.65 352.39 348.94 345.31 341.53 337.64 333.71 329.77 325.73 321.22 315.98 309.87 302.78 294.78 286.61 278.74 270.91 263.77 257.77 252.35 247.94 244.2 240.5 237.56 236.39
377.81 375.5 372.88 369.95 366.74 363.33 359.98 356.87 354.13 351.82 349.95 348.51 347.46 346.77 346.39 346.27 346.43 346.86 347.63 348.81 350.48 352.72 355.55 358.93 362.71 366.66 370.47 373.89 376.67 378.67 379.73 379.73 378.56 376.28 373.56 372.23 371.44 370.54 369.4 368.07 366.73 366.12 366.59 366.51 365.38 363.28 360.42 357.06 353.5 349.73 345.77 341.64 337.35 332.92 328.36 323.65 318.77 313.7 308.46 303.03 297.42 291.66 285.75 279.64 273.5 267.56 261.71 255.89 249.88 243.81 238.67 235.75
377.9 375.73 373.23 370.32 366.99 363.26 359.72 356.57 353.86 351.59 349.66 348.1 346.94 346.16 345.73 345.62 345.84 346.42 347.42 348.92 350.98 353.66 356.97 360.81 364.97 369.19 373.16 376.63 379.39 381.31 382.26 382.08 380.67 378.17 375.75 374.94 374.3 373.44 372.32 370.95 369.4 368.13 368.42 368.4 367.24 365 361.9 358.24 354.34 350.25 345.98 341.55 336.96 332.21 327.31 322.3 317.27 312.4 307.89 303.9 300.35 296.9 293.3 289.48 285.16 279.64 272.76 264.36 254.99 245.29 236.41 230.6
377.36 375.31 372.74 369.4 365.47 361.59 358.06 354.94 352.24 349.98 348.11 346.64 345.56 344.84 344.47 344.45 344.77 345.53 346.77 348.58 351.01 354.15 357.97 362.36 367.06 371.54 375.57 379 381.69 383.53 384.4 384.19 382.76 380.28 377.98 377.29 376.74 375.97 374.94 373.65 372.16 370.83 370.9 370.64 369.21 366.66 363.24 359.24 354.92 350.46 345.88 341.16 336.3 331.3 326.18 321.01 315.95 311.22 307.15 304.04 301.96 300.61 299.6 298.52 295.93 290.48 282.83 271.8 258.24 243.42 229.03 220.25
376.15 373.94 370.72 366.76 362.73 358.95 355.5 352.42 349.74 347.46 345.59 344.11 343.01 342.29 341.94 341.96 342.39 343.26 344.65 346.62 349.26 352.69 357.01 362.29 368.29 373.52 377.59 380.88 383.43 385.17 386.04 385.93 384.73 382.51 380.04 379.24 378.82 378.24 377.45 376.47 375.34 374.35 374.31 373.52 371.48 368.37 364.47 360.05 355.3 350.39 345.41 340.36 335.22 330.02 324.75 319.49 314.43 309.81 305.9 303.2 302.01 302.19 303.39 304.37 301.34 295.51 287.65 276.33 259.36 239.51 220.88 215.11
373.92 370.9 367.07 363.06 359.17 355.52 352.15 349.12 346.45 344.17 342.27 340.76 339.63 338.9 338.56 338.63 339.13 340.12 341.65 343.8 346.66 350.36 355.02 360.76 367.63 374.62 379.09 382.18 384.51 386.14 387.03 387.11 386.34 384.74 382.68 381.31 380.94 380.79 380.58 380.3 379.97 379.67 379.08 377.31 374.29 370.3 365.67 360.66 355.44 350.07 344.59 339.04 333.61 328.26 322.92 317.65 312.69 308.14 304.26 301.61 300.77 301.7 303.98 305.96 303.16 297.31 289.17 277.27 259.04 237.53 218.6 214.51
369.95 366.33 362.48 358.64 354.91 351.37 348.08 345.08 342.42 340.12 338.19 336.66 335.52 334.8 334.5 334.64 335.26 336.4 338.11 340.49 343.61 347.61 352.59 358.69 366.04 374.07 379.83 382.85 384.89 386.35 387.24 387.55 387.28 386.47 385.35 384.39 384.09 384.7 385.57 386.44 387.13 387 385.48 382.37 377.96 372.67 366.95 361.1 355.23 349.33 343.34 337.25 331.38 325.95 320.65 315.44 310.54 306.02 302.13 299.43 298.57 299.54 301.73 303.64 302.3 296.92 288.37 275.49 258.41 239.01 221.04 215.68
364.67 361.06 357.36 353.67 350.05 346.59 343.34 340.36 337.7 335.38 333.44 331.91 330.79 330.12 329.9 330.17 330.95 332.3 334.27 336.93 340.37 344.7 350.04 356.52 364.25 372.93 379.99 382.88 384.53 385.76 386.61 387.1 387.29 387.28 387.31 387.7 388.78 390.72 393.06 394.95 396.17 395.85 393.51 388.9 382.66 375.62 368.41 361.39 354.65 348.08 341.5 334.85 328.54 323.08 317.87 312.76 307.87 303.36 299.45 296.68 295.56 296.23 297.93 299.07 297.83 292.95 284.22 272.03 257.78 242.96 229.31 221.45
359.01 355.51 351.91 348.3 344.75 341.33 338.09 335.12 332.44 330.12 328.19 326.69 325.64 325.07 325.01 325.48 326.52 328.17 330.47 333.5 337.33 342.06 347.8 354.67 362.77 371.92 379.7 382.27 383.47 384.4 385.13 385.71 386.26 386.96 388.09 390.02 392.98 396.9 400.75 402.72 403.45 403.09 401.18 395.92 388.1 379 369.94 361.48 353.67 346.29 339.04 331.81 325.23 319.74 314.56 309.52 304.7 300.23 296.29 293.29 291.78 292.03 293.25 293.74 291.99 287.15 279.08 268.49 256.87 245.96 237.05 231.37
353.36 349.89 346.33 342.74 339.19 335.76 332.52 329.54 326.86 324.57 322.69 321.28 320.37 320 320.19 320.97 322.37 324.43 327.18 330.69 335.01 340.22 346.41 353.69 362.17 371.52 378.96 380.97 381.7 382.28 382.81 383.38 384.16 385.41 387.51 390.86 395.72 401.5 405.51 406.46 406.17 405.07 403.08 399.47 392.58 382.06 371.09 361.1 352.18 343.98 336.06 328.32 321.65 316.08 310.84 305.81 301.04 296.6 292.61 289.33 287.29 286.83 286.8 285.99 283.64 279.2 272.56 264.2 255.12 246.83 240.56 236.37
347.94 344.42 340.81 337.18 333.59 330.13 326.87 323.88 321.24 319.01 317.26 316.02 315.36 315.29 315.86 317.09 318.99 321.6 324.95 329.06 333.98 339.77 346.5 354.24 363.07 372.2 377.64 378.82 379.11 379.36 379.65 380.13 381.01 382.61 385.42 389.89 396.3 403.33 405.95 405.92 405 403.44 401.21 398.2 393.26 383.35 371.12 359.84 350 341.15 332.73 324.62 317.95 312.3 307.06 302.09 297.31 292.76 288.68 285.1 282.46 281.06 279.69 277.65 274.61 270.34 264.84 258.49 251.98 246.15 241.24 237.21
342.93 339.28 335.56 331.83 328.18 324.67 321.4 318.44 315.88 313.8 312.25 311.31 311.01 311.39 312.49 314.32 316.89 320.22 324.31 329.19 334.86 341.35 348.69 356.93 365.81 373.28 375.34 375.56 375.54 375.51 375.58 375.91 376.76 378.49 381.64 386.71 393.99 401.64 403.08 402.52 401.37 399.69 397.44 394.54 390.32 381.81 369.18 357.25 346.96 337.83 329.23 320.99 314.22 308.54 303.35 298.43 293.66 289.06 284.85 281.02 278.04 276.06 273.84 271.01 267.52 263.38 258.67 253.67 248.81 244.53 240.72 236.67
338.47 334.63 330.75 326.9 323.16 319.61 316.35 313.48 311.08 309.24 308.02 307.5 307.72 308.71 310.5 313.1 316.53 320.76 325.79 331.6 338.17 345.5 353.42 361.24 368.11 370.62 371.01 370.95 370.76 370.55 370.45 370.61 371.32 372.95 376.03 381.06 388.31 396.03 397.85 397.33 396.19 394.58 392.43 389.68 385.61 377.17 364.74 353.02 342.94 334.02 325.65 317.57 310.54 304.84 299.66 294.79 290.07 285.51 281.25 277.33 274.42 271.93 269.05 265.7 261.98 258.01 253.88 249.76 245.89 242.53 239.57 236.01
334.67 330.6 326.52 322.53 318.71 315.15 311.97 309.25 307.11 305.62 304.87 304.91 305.8 307.57 310.24 313.82 318.28 323.61 329.77 336.63 343.84 351.14 358.13 361.94 364.02 364.75 364.95 364.89 364.65 364.35 364.1 364.09 364.57 365.9 368.54 372.94 379.32 386.6 390.47 390.73 389.79 388.34 386.39 383.75 379.11 369.48 357.86 347.22 337.98 329.74 322 314.4 307.19 301.29 296.09 291.25 286.63 282.17 277.93 274.16 271.13 267.95 264.39 260.6 256.76 253 249.39 245.99 242.86 240.1 237.76 235.33
331.54 327.23 322.96 318.83 314.96 311.44 308.4 305.94 304.16 303.16 303.01 303.78 305.51 308.24 311.97 316.7 322.36 328.62 335.21 342.07 347.67 351.12 353.84 355.56 356.65 357.32 357.63 357.63 357.38 356.99 356.58 356.34 356.5 357.37 359.32 362.7 367.67 373.85 379.48 381.75 381.66 380.57 378.66 375.42 368.67 359.03 349.17 340.21 332.27 325.05 318.19 311.42 304.72 298.45 292.97 288.14 283.57 279.15 275.13 271.39 267.53 263.32 258.9 254.58 250.63 247.19 244.25 241.66 239.31 237.2 235.41 234.02
328.81 324.51 320.08 315.86 311.98 308.58 305.77 303.66 302.37 301.99 302.59 304.24 306.98 310.81 315.55 320.86 326.77 332.08 335.64 338.83 341.63 343.8 345.66 347.24 348.51 349.42 349.92 349.99 349.68 349.07 348.34 347.68 347.34 347.58 348.69 350.9 354.3 358.68 363.35 366.97 368.85 368.61 366.07 361.37 354.72 347.1 339.55 332.52 326.06 320.01 314.13 308.28 302.44 296.71 291.33 286.39 281.79 277.37 272.94 268.22 263.01 257.41 251.8 246.75 242.67 239.71 237.73 236.3 235.04 233.8 232.68 232.05
325.66 322.07 317.83 313.6 309.79 306.59 304.11 302.47 301.79 302.16 303.66 306.25 309.61 313.84 318.12 320.98 323.71 326.36 328.65 330.87 333.06 335.2 337.29 339.28 341.06 342.48 343.36 343.56 343.04 341.92 340.45 338.94 337.72 337.06 337.17 338.21 340.16 342.86 345.86 348.53 350.17 350.19 348.39 344.95 340.34 335.14 329.82 324.63 319.62 314.7 309.79 304.81 299.78 294.77 289.87 285.12 280.44 275.6 270.29 264.27 257.48 250.34 243.6 237.88 233.72 231.13 230.09 229.93 230.11 230.03 229.76 229.82
321.85 318.98 315.7 311.88 308.33 305.43 303.39 302.34 302.35 303.3 305.3 308 309.75 311.42 313.24 314.87 316.6 318.46 320.44 322.53 324.79 327.28 330.05 333.02 335.99 338.57 340.31 340.8 339.89 337.73 334.78 331.61 328.77 326.66 325.5 325.31 326.03 327.42 329.18 330.87 332.04 332.33 331.57 329.79 327.19 324.05 320.59 316.95 313.17 309.26 305.19 300.97 296.64 292.25 287.82 283.32 278.57 273.32 267.22 259.99 251.83 244.22 237.94 232.58 228.45 225.61 224.06 223.84 225.16 226.34 226.96 227.62
317.99 315.27 312.54 309.8 307.05 304.65 303.07 302.51 302.82 303.11 303.52 304.21 304.84 305.62 306.62 307.83 309.23 310.81 312.62 314.76 317.4 320.76 324.97 329.96 335.3 340.19 343.64 344.8 343.27 339.3 333.71 327.6 321.98 317.53 314.52 312.92 312.49 312.94 313.94 315.16 316.29 317.08 317.35 317.01 316.05 314.51 312.46 309.97 307.11 303.93 300.51 296.89 293.12 289.23 285.21 280.97 276.32 270.92 264.42 256.54 248.06 241.11 234.49 229.44 225.51 222.26 220.94 220.66 221.64 223.54 224.8 225.77
314.29 311.59 308.92 306.46 304.26 302.43 301.07 300.15 299.6 299.2 298.96 298.94 299.15 299.59 300.26 301.14 302.23 303.59 305.35 307.76 311.22 316.18 322.93 331.35 340.68 349.46 355.86 358.25 355.85 349.06 339.34 328.62 318.69 310.68 305.05 301.64 300.04 299.76 300.39 301.61 303.14 304.77 306.24 307.32 307.79 307.51 306.42 304.59 302.15 299.28 296.14 292.83 289.42 285.92 282.28 278.4 274.07 269.01 262.83 255.43 248.04 241.14 234.57 230.23 226.48 222.96 220.86 220.83 221.02 222.81 224.09 224.91
310.76 308.09 305.42 302.95 300.8 299 297.53 296.36 295.41 294.68 294.16 293.85 293.76 293.9 294.26 294.84 295.66 296.85 298.69 301.63 306.38 313.69 324.08 337.4 352.28 365.68 374.22 377.3 374.27 365.48 351.86 335.17 319.38 306.62 297.53 291.89 289 288.14 288.74 290.43 292.91 295.92 299.08 301.89 303.88 304.67 304.09 302.27 299.54 296.27 292.79 289.32 285.92 282.59 279.27 275.85 272.19 268.07 263.2 257.44 251.53 245.02 238.47 234.05 230.26 226.8 224.88 224.84 224.66 225.37 225.85 226
307.41 304.77 302.11 299.61 297.4 295.49 293.88 292.5 291.34 290.37 289.59 289.04 288.7 288.58 288.66 288.97 289.56 290.65 292.65 296.3 302.61 312.72 327.41 346.28 365.9 378.87 381.62 381.2 379.24 375.16 365.01 345.03 322.99 304.78 291.8 283.69 279.5 278.24 279.19 281.91 286.08 291.32 297.01 302.29 306.21 308.05 307.54 304.94 300.9 296.19 291.45 287.05 283.12 279.61 276.43 273.52 270.81 268.24 265.65 262.63 258.35 252.99 247.04 241.98 237.96 234.76 233.37 232.69 232.1 231.81 231.07 230.24
304.27 301.63 298.95 296.42 294.14 292.12 290.35 288.79 287.42 286.24 285.26 284.51 283.97 283.63 283.5 283.59 284.01 285.04 287.24 291.56 299.33 312.02 330.66 353.53 370.69 375.38 375.28 373.97 372.11 369.48 364.51 351.36 326.58 303.58 287.02 276.7 271.44 270.09 271.83 276.23 282.97 291.53 300.94 309.64 315.62 318.16 317.39 313.7 307.64 300.32 293.17 286.88 281.64 277.41 274.04 271.5 269.84 269.15 269.48 269.89 267.21 263.57 259.64 255.54 251.49 247.76 244.86 242.79 241.7 241.3 239.82 238.19
301.33 298.64 295.92 293.33 290.97 288.84 286.91 285.18 283.63 282.28 281.14 280.24 279.55 279.06 278.77 278.74 279.09 280.15 282.53 287.3 295.97 310.21 331.07 354.29 364.27 366.29 365.82 364.3 362.22 359.5 355.5 347.39 325.95 300.95 282.08 270.35 264.53 263.48 266.45 273.12 283.24 296.07 309.6 320.53 325.99 327.18 326.17 323.18 316.74 307.55 298.27 289.37 282.02 276.39 272.33 269.8 268.95 270.06 273.27 276.97 275.85 274.16 272.42 269.71 265.87 261.1 256.18 252.41 250.28 249.31 248.29 246.54
298.57 295.78 292.98 290.33 287.87 285.61 283.54 281.64 279.93 278.45 277.2 276.18 275.35 274.64 274.15 274.04 274.51 275.81 278.5 283.6 292.42 306.58 326.36 345.15 352.73 355.38 355.45 353.9 351.31 347.57 342.09 334.13 318.54 295.29 276.18 264.16 258.42 257.99 262.41 271.6 285.42 302.21 315.65 321.67 324.41 324.85 323.16 319.56 314.55 309.02 302.8 293.16 284.16 276.72 271.38 268.3 267.72 270 275.33 281.45 281.89 281.86 280.63 277.74 274.33 270.31 264.38 259 255.57 253.58 251.99 249.66
295.91 292.99 290.1 287.36 284.79 -9999 280.18 278.13 276.29 274.7 273.35 272.2 271.03 269.67 268.6 268.25 268.82 270.64 274.02 279.66 288.05 300.29 316.01 329.06 337.16 341.57 342.89 341.39 337.73 331.87 323.7 313.69 301.12 284.55 268.55 257.86 252.72 253 258.69 270.02 286.74 304.46 312.95 317.58 319.33 319.1 317.27 312.81 306.59 300.93 296.29 291.5 285.52 277.74 270.95 266.77 265.72 268.2 274.45 282.08 283.6 284.39 283.09 280.21 277.02 273.3 267.32 261.21 257.19 255.17 254.06 251.84
-9999 -9999 -9999 -9999 -9999 -9999 -9999 274.62 272.66 270.96 269.51 268.09 266.2 264.14 262.78 262.36 262.85 264.93 268.38 273.14 279.55 288.04 298.4 308.72 317.5 323.44 325.74 324.11 318.85 310.56 300.17 288.82 277.4 266.39 256.91 250.27 246.5 247.44 254 266.5 283.6 298.02 305.86 310.74 311.76 310.97 308.67 303.83 296.36 289.66 285.2 282.62 280.71 277.03 270.27 264.83 262.69 264.4 270.19 278.04 280.26 281.08 280.63 278.27 275.17 271.19 264.88 259.14 255.67 254.62 254.12 250.28
-9999 -9999 -9999 -9999 -9999 -9999 -9999 -9999 -9999 267.17 -9999 -9999 261.48 259.22 258.16 257.85 258.31 260.21 263.96 268.35 272.92 277.61 282.79 288.92 295.63 301.28 303.67 301.46 294.99 285.93 276.28 267.22 258.93 251.27 244.62 239.8 237.61 239.43 246.51 258.72 273.94 286.4 295.26 301.25 302.77 301.75 298.51 292.35 284.33 277.8 273.74 271.78 272.06 271.97 268.05 262.04 258.57 258.93 263.23 269.83 272.38 272.56 272.22 270.77 267.74 263.33 258.26 254.08 251.75 251.31 250.13 245.61
-9999 -9999 -9999 -9999 -9999 -9999 -9999 -9999 -9999 -9999 -9999 -9999 -9999 -9999 -9999 253.93 254.69 257.19 261.87 266.93 270.63 272.59 273.3 273.81 275.67 278.37 279.41 276.7 270.8 264.36 259.47 255.55 250.75 244.58 237.75 232.01 229.04 229.75 234.75 244.47 257.52 270.1 280.03 287.08 290.72 290.35 286.56 279.78 272.87 268.18 265.3 263.62 263.81 265.49 264.33 258.16 253.59 252.57 255.16 259.84 261.4 260.74 259.68 258.17 255.87 253.01 250.22 248.09 246.92 246.44 244.57 239.78
-9999 -9999 -9999 -9999 -9999 -9999 -9999 -9999 -9999 -9999 -9999 -9999 -9999 -9999 -9999 -9999 -9999 255.45 261.17 266.3 267.96 267.96 266.96 263.58 260.24 258.9 257.85 255.19 251.74 250.2 251.03 249.72 244.41 237.97 231.21 224.74 220.66 220.78 224.38 231.19 240.95 251.8 261.43 268.67 273.17 274.45 272.39 267.59 262.86 260.06 258.37 257.33 257.92 260.03 259.62 253.39 248.2 246.27 247.47 249.86 249.37 247.98 246.61 245.35 244.17 243.25 242.92 243.17 243.06 241.84 238.43 233.14
-9999 -9999 -9999 -9999 -9999 -9999 -9999 -9999 -9999 -9999 -9999 -9999 -9999 -9999 -9999 -9999 -9999 253.07 258.36 260.69 260.08 258.49 256.58 253.51 247.75 243.74 241.38 239.37 238.6 240.75 242.58 238.76 232.91 226.79 220.71 215.06 211.16 211.76 216.05 221.64 228.48 236.28 243.94 250.51 255.51 258.57 259.35 257.84 255.23 253.72 253.07 253.03 254.78 256.32 255.2 248.58 243.1 240.75 240.67 240 238.01 235.86 234.25 233.49 233.54 234.5 236.57 238.88 238.66 236.19 231.86 225.87
-9999 -9999 -9999 -9999 -9999 -9999 -9999 -9999 -9999 -9999 -9999 -9999 -9999 -9999 -9999 -9999 -9999 247.88 251.13 251.02 248.82 246.06 243.15 239.83 234.95 230.99 228.77 227.75 228.5 231.42 231.49 -9999 -9999 216.35 211.46 207.32 204.38 204.2 209.47 215.28 220.58 225.93 231.36 236.75 241.86 246.26 249.42 251.03 251.37 251.39 251.72 252.52 253.63 253.93 251.84 244.86 239.14 236.33 234.38 231.46 227.98 224.94 223.11 222.93 223.88 226.09 229.29 231.93 232.18 229.86 225.33 218.4
