raw_data/evaporacion/evapmar.txt
ncols         178
nrows         142
xllcorner     111.875
yllcorner     -44.625
cellsize      0.25
NODATA_value  -9999
[rows 64 to 95 of 142, columns 0 to 71 of 178]
-9999 -9999 -9999 -9999 -9999 -9999 -9999 -9999 274.89 277.67 281.54 287.92 294.79 301.27 307.3 312.97 318.36 323.51 328.43 333.12 337.58 341.83 345.85 349.58 352.9 355.67 357.8 359.27 360.19 360.78 361.25 361.79 362.51 363.4 364.42 365.46 366.45 367.31 367.96 368.05 366.3 363.79 361.57 359.73 358.17 356.82 355.66 354.68 353.91 353.42 353.28 353.58 354.39 355.75 357.2 357.34 356.97 356.62 356.37 356.21 356.13 356.1 355.95 355.56 355.06 354.48 353.8 353.01 352.06 350.86 349.28 347.54
-9999 -9999 -9999 -9999 266.88 -9999 -9999 -9999 274.06 277.39 282.49 288.84 295.32 301.57 307.54 313.28 318.83 324.18 329.34 334.33 339.21 344.05 348.84 353.49 357.75 361.31 363.87 365.33 365.82 365.67 365.28 364.97 364.91 365.13 365.53 365.96 366.3 366.45 366.34 365.86 364.46 362.03 359.8 357.95 356.46 355.26 354.29 353.52 352.96 352.65 352.65 353.02 353.79 354.83 355.43 355.38 355.25 355.19 355.19 355.24 355.36 355.51 355.61 355.47 355.17 354.76 354.24 353.59 352.75 351.59 350.18 348.6
-9999 -9999 -9999 -9999 268.58 -9999 269.76 -9999 -9999 279.35 284.62 290.4 296.3 302.17 307.93 313.6 319.16 324.59 329.92 335.19 340.54 346.08 351.83 357.56 362.68 366.69 369.45 370.86 371.02 370.17 368.65 367.2 366.18 365.6 365.33 365.15 364.88 364.39 363.64 362.62 361.33 359.78 358.17 356.5 355.14 354.09 353.28 352.66 352.22 351.97 351.97 352.21 352.47 352.67 352.78 352.86 352.97 353.14 353.34 353.58 353.85 354.14 354.4 354.54 354.47 354.24 353.87 353.34 352.54 351.5 350.28 348.89
-9999 -9999 -9999 -9999 -9999 -9999 -9999 -9999 -9999 282.33 287.02 292.11 297.42 302.83 308.27 313.72 319.13 324.49 329.84 335.3 341.06 347.3 353.99 360.51 365.22 368.05 370.19 371.9 373.08 372.97 370.76 368.13 366.05 364.63 363.69 362.94 362.14 361.14 359.89 358.43 356.87 355.31 353.85 352.52 351.44 350.6 349.97 349.53 349.23 349.07 349.03 349.1 349.23 349.38 349.59 349.85 350.16 350.5 350.87 351.26 351.65 352.04 352.39 352.66 352.79 352.74 352.51 352.08 351.43 350.59 349.57 348.37
-9999 -9999 -9999 -9999 -9999 274.43 -9999 -9999 -9999 285.05 289.16 293.65 298.39 303.3 308.33 313.41 318.5 323.62 328.83 334.3 340.31 347.06 354.36 360.55 363.85 366.08 368.02 369.75 371.26 372.08 370.67 367.29 364.29 362.14 360.62 359.4 358.19 356.81 355.23 353.51 351.75 350.1 348.65 347.44 346.51 345.82 345.35 345.07 344.93 344.91 344.99 345.15 345.38 345.67 346.02 346.42 346.86 347.33 347.81 348.31 348.8 349.28 349.7 350.04 350.27 350.35 350.26 349.98 349.52 348.87 348.04 347.01
-9999 -9999 -9999 -9999 -9999 -9999 278.73 -9999 283.94 287.22 290.87 294.83 299.03 303.4 307.9 312.48 317.11 321.81 326.69 331.97 337.94 344.86 352.24 357.54 360.3 362.4 364.27 365.95 367.42 368.53 368.02 364.29 360.71 358.1 356.21 354.67 353.19 351.6 349.86 348.04 346.26 344.66 343.3 342.24 341.46 340.93 340.62 340.48 340.47 340.57 340.75 341.01 341.33 341.71 342.14 342.61 343.12 343.66 344.21 344.78 345.33 345.86 346.34 346.75 347.05 347.23 347.26 347.12 346.81 346.31 345.63 344.69
-9999 -9999 -9999 -9999 -9999 -9999 -9999 283.17 285.87 288.87 292.13 295.6 299.24 303.01 306.88 310.83 314.86 319 323.38 328.23 333.84 340.46 347.61 352.75 355.4 357.42 359.24 360.87 362.3 363.35 362.75 358.97 355.32 352.62 350.61 348.96 347.38 345.73 343.97 342.2 340.54 339.09 337.92 337.05 336.47 336.13 335.98 335.97 336.07 336.24 336.48 336.78 337.14 337.54 337.99 338.47 338.99 339.53 340.1 340.68 341.25 341.81 342.32 342.77 343.13 343.37 343.48 343.44 343.24 342.86 342.23 340.89
-9999 -9999 -9999 -9999 -9999 -9999 -9999 -9999 287.35 290.13 293.04 296.03 299.07 302.15 305.28 308.48 311.78 315.24 318.98 323.21 328.17 334.06 340.68 346.35 349.31 351.33 353.12 354.72 356.09 356.74 355.11 351.57 348.36 345.93 344.07 342.5 340.98 339.4 337.76 336.15 334.69 333.47 332.54 331.92 331.57 331.43 331.45 331.56 331.73 331.94 332.19 332.48 332.82 333.19 333.6 334.05 334.52 335.01 335.53 336.06 336.59 337.12 337.62 338.07 338.45 338.73 338.89 338.9 338.75 338.36 337.29 334.66
-9999 -9999 -9999 -9999 -9999 -9999 -9999 -9999 288.55 291.2 293.83 296.36 298.75 301.03 303.28 305.59 308.05 310.73 313.73 317.2 321.32 326.22 331.84 337.49 341.57 344.04 345.94 347.46 348.44 348.02 345.59 342.71 340.28 338.39 336.88 335.54 334.2 332.8 331.37 330 328.8 327.86 327.22 326.87 326.76 326.82 326.98 327.19 327.43 327.67 327.89 328.13 328.4 328.71 329.04 329.39 329.76 330.15 330.56 330.98 331.42 331.86 332.29 332.69 333.03 333.29 333.45 333.47 333.25 332.31 330.1 327.16
-9999 -9999 -9999 -9999 -9999 -9999 -9999 -9999 -9999 292.33 294.81 296.91 298.6 299.96 301.17 302.43 303.9 305.71 307.91 310.58 313.8 317.64 322.03 326.69 331 334.42 336.78 337.91 337.86 336.77 334.99 333.18 331.64 330.39 329.33 328.31 327.23 326.08 324.92 323.84 322.94 322.3 321.95 321.87 321.97 322.13 322.35 322.65 322.99 323.34 323.55 323.72 323.9 324.1 324.33 324.56 324.8 325.04 325.29 325.55 325.83 326.13 326.43 326.71 326.96 327.15 327.24 327.18 326.62 324.81 322.33 319.56
-9999 -9999 -9999 -9999 -9999 -9999 -9999 -9999 -9999 293.65 296.09 297.82 298.87 299.2 299.19 299.22 299.57 300.42 301.79 303.68 306.08 308.96 312.23 315.72 319.12 322.06 324.19 325.36 325.61 325.21 324.47 323.66 322.93 322.29 321.67 321 320.22 319.36 318.5 317.73 317.13 316.79 316.72 316.87 317.05 317.26 317.56 317.94 318.35 318.77 319.1 319.22 319.3 319.39 319.5 319.6 319.69 319.77 319.84 319.91 320 320.12 320.24 320.36 320.46 320.51 320.49 320.26 319.28 317.27 314.86 312.24
-9999 -9999 -9999 -9999 -9999 -9999 -9999 -9999 -9999 294.39 296.43 297.7 298.57 298.27 297.28 296.02 295.17 295.01 295.57 296.76 298.47 300.58 302.99 305.57 308.11 310.41 312.24 313.51 314.25 314.56 314.63 314.58 314.49 314.34 314.11 313.76 313.29 312.73 312.17 311.7 311.39 311.31 311.48 311.8 312.05 312.35 312.74 313.17 313.63 314.07 314.45 314.59 314.59 314.59 314.59 314.57 314.52 314.44 314.34 314.23 314.14 314.05 313.99 313.92 313.85 313.73 313.55 313.2 312.26 310.31 307.96 305.4
-9999 -9999 -9999 -9999 -9999 -9999 -9999 -9999 -9999 -9999 292.72 293.55 294.38 294.92 294.55 292.56 290.61 289.52 289.36 289.96 291.11 292.64 294.41 296.36 298.37 300.28 301.95 303.29 304.32 305.09 305.67 306.12 306.46 306.69 306.77 306.72 306.54 306.27 306 305.79 305.72 305.85 306.2 306.66 307.02 307.41 307.87 308.36 308.85 309.31 309.68 309.81 309.77 309.7 309.62 309.5 309.34 309.15 308.91 308.66 308.41 308.17 307.93 307.69 307.45 307.16 306.81 306.36 305.61 304.01 301.74 299.2
-9999 -9999 -9999 -9999 -9999 -9999 -9999 -9999 -9999 -9999 -9999 288.06 288.72 289.4 289.65 288.22 285.7 283.94 283.25 283.39 284.05 285.02 286.23 287.74 289.51 291.36 293.03 294.45 295.65 296.67 297.54 298.29 298.91 299.41 299.76 299.98 300.07 300.08 300.06 300.07 300.18 300.45 300.91 301.48 301.96 302.44 302.96 303.49 304 304.47 304.82 304.89 304.84 304.76 304.64 304.47 304.25 303.98 303.67 303.33 302.97 302.62 302.25 301.89 301.5 301.06 300.56 299.97 299.23 298.12 296.2 293.72
-9999 -9999 -9999 -9999 -9999 -9999 -9999 -9999 -9999 -9999 -9999 282.09 282.62 283.21 283.63 282.93 280.34 278.35 277.44 277.22 277.27 277.57 278.31 279.54 281.23 283.2 285.1 286.66 287.95 289.09 290.11 291.03 291.86 292.59 293.21 293.71 294.09 294.37 294.57 294.74 294.93 295.23 295.67 296.24 296.86 297.4 297.97 298.54 299.07 299.52 299.78 299.86 299.85 299.8 299.69 299.52 299.29 299.01 298.67 298.3 297.9 297.48 297.04 296.59 296.1 295.56 294.94 294.22 293.37 292.36 290.98 288.88
-9999 -9999 -9999 -9999 -9999 -9999 -9999 -9999 -9999 -9999 -9999 -9999 276.3 276.89 277.4 276.98 274.83 273.24 272.48 271.81 271.15 270.85 271.5 272.59 273.97 275.88 278.02 279.75 281.07 282.22 283.3 284.34 285.35 286.35 287.3 288.18 288.93 289.52 289.91 290.14 290.28 290.42 290.67 291.07 291.61 292.21 292.84 293.43 293.93 294.32 294.59 294.76 294.86 294.88 294.84 294.72 294.54 294.28 293.97 293.6 293.2 292.75 292.28 291.77 291.22 290.6 289.91 289.11 288.17 287.09 285.84 284.26
-9999 -9999 -9999 -9999 -9999 -9999 -9999 -9999 -9999 -9999 -9999 -9999 269.96 270.75 271.39 271.06 270.03 269.55 269.22 267.96 266.65 265.92 266.28 267.12 268.25 269.91 272.14 273.93 275.1 276.11 277.15 278.27 279.51 280.88 282.35 283.8 285.1 286.09 286.67 286.83 286.69 286.42 286.2 286.19 286.41 286.83 287.38 287.96 288.51 288.98 289.38 289.69 289.92 290.08 290.15 290.14 290.03 289.84 289.57 289.24 288.84 288.39 287.88 287.33 286.73 286.08 285.35 284.51 283.53 282.4 281.12 279.68
-9999 -9999 -9999 -9999 -9999 -9999 -9999 -9999 -9999 -9999 -9999 -9999 -9999 264.73 265.63 266.23 267.23 268.38 268.17 266.55 264.7 263.28 263 263.41 264.38 266.07 268.23 269.82 270.5 271.08 271.87 272.99 274.51 276.44 278.68 281.03 283.17 284.74 285.52 285.45 284.7 283.62 282.57 281.8 281.46 281.52 281.89 282.43 283.03 283.64 284.2 284.71 285.13 285.47 285.71 285.83 285.84 285.73 285.51 285.19 284.78 284.29 283.73 283.12 282.49 281.82 281.09 280.27 279.31 278.19 276.9 275.46
-9999 -9999 -9999 -9999 -9999 -9999 -9999 -9999 -9999 -9999 -9999 -9999 256.01 257.84 260.31 263.59 267.24 269.68 269.41 267.83 265.82 263.92 262.75 262.63 263.57 265.31 267.33 268.52 268.16 267.76 267.9 268.78 270.54 273.18 276.51 280.13 283.41 285.61 286.53 286.19 284.6 282.27 279.91 278.02 276.83 276.36 276.44 276.91 277.58 278.34 279.11 279.86 280.54 281.13 281.58 281.88 282 281.97 281.77 281.43 280.96 280.38 279.72 279.03 278.34 277.67 276.98 276.24 275.38 274.33 273.08 271.66
-9999 -9999 -9999 -9999 -9999 -9999 -9999 -9999 -9999 -9999 -9999 -9999 247.82 251.71 257.02 263.1 268.16 270.79 271.66 271.15 269.49 267.42 265.86 265.42 266.15 267.77 269.79 270.93 269.28 267.1 265.82 265.95 267.7 271.03 275.58 280.44 284.28 286.24 286.94 286.96 285.19 281.95 278.03 274.69 272.42 271.26 271 271.37 272.12 273.07 274.12 275.18 276.19 277.09 277.81 278.3 278.56 278.58 278.36 277.95 277.36 276.64 275.88 275.13 274.42 273.75 273.09 272.4 271.65 270.73 269.58 268.22
-9999 -9999 -9999 -9999 -9999 -9999 -9999 -9999 -9999 -9999 -9999 -9999 -9999 247.48 254.7 260.92 265.96 270.46 273.81 275.09 274.26 271.98 269.9 269.19 269.86 271.4 273.37 274.94 273.71 269.85 266.2 264.7 265.84 269.53 274.87 279.13 280.69 281.39 281.86 282.24 282.18 280.72 276.09 271.32 267.92 266.05 265.45 265.74 266.61 267.82 269.19 270.63 272.02 273.23 274.22 274.93 275.36 275.46 275.24 274.73 274.01 273.2 272.55 272 271.43 270.74 269.92 268.99 268.18 267.38 266.35 265.08
-9999 -9999 -9999 -9999 -9999 -9999 -9999 -9999 -9999 -9999 -9999 -9999 -9999 243.15 248.75 254.2 260.72 267.93 272.88 275.39 276.43 274.95 272.34 271.38 272.11 273.5 274.95 276.26 276.68 274.32 268.91 264.86 264.48 267.73 272.58 274.24 274.7 275.01 275.35 275.76 276.18 275.95 272.62 267.13 262.87 260.48 259.65 259.95 261 262.5 264.26 266.11 267.79 269.09 270.21 271.15 271.86 272.25 272.22 271.75 271.03 270.33 269.79 269.33 268.81 268.15 267.29 266.23 265.12 264.33 263.41 262.22
-9999 -9999 -9999 -9999 -9999 -9999 -9999 -9999 -9999 -9999 -9999 -9999 -9999 234.87 239.34 245.16 253 261.03 265.64 269 271.85 273.23 271.7 271.44 272.58 273.8 274.48 274.78 274.86 274.35 271.31 265.54 262.82 264.45 267.39 267.94 268.09 268.24 268.46 268.79 269.19 269.25 267 261.38 256.8 254.27 253.46 253.92 255.22 257.06 259.22 261.42 263.19 264.72 266.1 267.32 268.31 268.98 269.19 268.92 268.33 267.73 267.26 266.85 266.38 265.74 264.88 263.8 262.59 261.68 260.77 259.62
-9999 -9999 -9999 -9999 -9999 -9999 -9999 -9999 -9999 -9999 -9999 -9999 -9999 -9999 230.53 236.91 244.46 251.27 255.67 259.67 263.53 266.48 267.66 269.14 270.32 271.27 271.94 272.1 271.08 270.28 268.98 264.71 259.92 259.36 260.91 260.95 260.87 260.85 260.91 261.08 261.33 261.26 258.84 253.59 249.46 247.31 246.83 247.6 249.23 251.42 253.94 256.43 258.46 260.3 261.99 263.51 264.79 265.74 266.22 266.18 265.76 265.26 264.85 264.5 264.07 263.46 262.61 261.53 260.32 259.39 258.45 257.27
-9999 -9999 -9999 -9999 -9999 -9999 -9999 -9999 -9999 -9999 -9999 -9999 -9999 -9999 224.53 231.18 236.51 241.06 245.1 249.14 252.8 256.11 259.62 262.2 264.04 265.39 266.34 266.85 266.33 264.81 263.76 261.14 254.82 252.03 252.72 252.53 252.13 251.88 251.73 251.62 251.61 251.13 248.01 243.8 240.87 239.61 239.77 241.01 243.02 245.56 248.42 251.26 253.65 255.84 257.87 259.7 261.28 262.52 263.28 263.49 263.25 262.87 262.54 262.25 261.86 261.28 260.45 259.4 258.3 257.42 256.39 255.13
-9999 -9999 -9999 -9999 -9999 -9999 -9999 -9999 -9999 -9999 -9999 -9999 -9999 -9999 -9999 221.29 225.13 229.12 233.29 236.92 238.46 242.2 247.85 252.19 255.34 257.57 259.11 260.09 260.12 258.31 257.06 254.49 247.15 242.21 241.06 240.98 240.23 239.53 238.97 238.53 238.15 237.21 234.65 232.38 231.26 231.31 232.37 234.21 236.63 239.49 242.64 245.87 248.74 251.32 253.7 255.86 257.76 259.28 260.32 260.79 260.8 260.58 260.35 260.12 259.77 259.24 258.47 257.54 256.68 255.72 254.52 253.14
-9999 -9999 -9999 -9999 -9999 -9999 -9999 -9999 -9999 -9999 -9999 -9999 -9999 -9999 -9999 209.52 212.15 215.11 218.48 221.54 222.54 225.92 232.11 238.36 243.41 247.15 249.82 251.54 251.75 250.34 249.09 245.9 237.36 230.68 227.24 225.5 223.97 222.62 221.53 220.69 220.06 219.53 219.33 219.79 220.92 222.61 224.77 227.3 230.15 233.3 236.67 240.17 243.57 246.62 249.39 251.91 254.11 255.92 257.2 257.98 258.39 258.55 258.52 258.34 258.02 257.57 256.97 256.2 -9999 -9999 -9999 -9999
-9999 -9999 -9999 -9999 -9999 -9999 -9999 -9999 -9999 -9999 -9999 -9999 -9999 -9999 -9999 197.17 198.38 199.78 201.52 203.44 205.11 208.11 213.89 220.98 227.43 232.75 236.98 240.06 241.03 240.76 239.53 235.33 226.13 218.4 212.89 208.85 205.93 203.63 201.86 200.73 200.25 200.6 202.89 206.41 210.11 213.68 217.07 220.36 223.67 227.08 230.64 234.3 237.97 241.47 244.71 247.6 250.08 252.14 253.77 255 255.9 256.5 256.83 256.9 256.74 -9999 -9999 -9999 -9999 -9999 -9999 -9999
-9999 -9999 -9999 -9999 -9999 -9999 -9999 -9999 -9999 -9999 -9999 -9999 -9999 -9999 -9999 185.12 184.89 184.78 185.01 185.88 188.05 191.97 197.8 204.31 210.41 215.87 221.03 226.09 229.09 229.89 228.32 223.12 214.56 206.72 200.22 195.23 190.99 187.12 184.17 182.87 183.21 184.54 187.2 192.82 199.15 204.72 209.43 213.52 217.28 220.95 224.66 228.46 232.28 236.03 239.57 242.81 245.68 248.15 250.23 251.94 253.29 254.29 254.96 -9999 -9999 -9999 -9999 -9999 -9999 -9999 -9999 -9999
-9999 -9999 -9999 -9999 -9999 -9999 -9999 -9999 -9999 -9999 -9999 -9999 -9999 -9999 -9999 176.7 175.28 174.04 173.2 173.41 176.26 181.36 186.06 191.09 196.1 201.09 207.02 213.43 217.21 218.12 216.22 211.26 204.36 197.79 192.15 186.69 180.55 174.43 169.98 168.43 169.77 172.89 176.35 180.99 188.67 196.07 202.06 206.92 211.1 214.99 218.83 222.74 226.7 230.64 234.45 -9999 -9999 -9999 -9999 -9999 -9999 -9999 -9999 -9999 -9999 -9999 -9999 -9999 -9999 -9999 -9999 -9999
-9999 -9999 -9999 -9999 -9999 -9999 -9999 -9999 -9999 -9999 -9999 -9999 -9999 -9999 -9999 175.99 173.8 171.72 169.99 169.48 172.46 177.06 179.4 182.05 185.96 191.28 197.62 202.86 205.73 206.32 204.78 201.37 197.13 193.06 188.84 183 175.02 168.07 163.97 161.91 161.72 164.84 169.69 173.84 179.97 188.23 195.25 200.73 205.24 209.28 213.21 217.2 221.27 -9999 -9999 -9999 -9999 -9999 -9999 -9999 -9999 -9999 -9999 -9999 -9999 -9999 -9999 -9999 -9999 -9999 -9999 -9999
-9999 -9999 -9999 -9999 -9999 -9999 -9999 -9999 -9999 -9999 -9999 -9999 -9999 -9999 -9999 180.18 178.34 176.26 174.13 172.66 173.65 176.06 177.73 179.58 182.47 186.35 190.38 193.47 195.29 195.98 195.65 194.57 193.37 192.27 189.95 184.5 176.07 168.41 163.43 160.76 159.78 161.24 166.22 170.05 173.86 181.77 189.28 195.11 199.79 -9999 -9999 -9999 -9999 -9999 -9999 -9999 -9999 -9999 -9999 -9999 -9999 -9999 -9999 -9999 -9999 -9999 -9999 -9999 -9999 -9999 -9999 -9999
