raw_data/evaporacion/evapfeb.txt
ncols         178
nrows         142
xllcorner     111.875
yllcorner     -44.625
cellsize      0.25
NODATA_value  -9999
[rows 32 to 63 of 142, columns 72 to 143 of 178]
202.22 202.61 203.31 204.34 205.66 207.19 208.72 209.97 210.55 210.08 208.47 206.83 207.38 208.46 209.44 210.18 210.74 211.38 213.07 215.37 216.35 215.81 214.22 212.13 209.99 208.03 206.23 204.41 202.36 199.87 196.72 192.61 187.12 179.82 170.55 160.73 154.84 -9999 -9999 -9999 -9999 -9999 -9999 -9999 175.41 174.42 170.5 165.13 160.04 156.05 153.47 152.26 151.95 151.78 150.9 148.78 145.49 141.68 137.85 134.23 132.99 133.63 135.41 138.06 -9999 -9999 -9999 -9999 -9999 -9999 -9999 -9999
206.8 207.38 208.29 209.54 211.11 212.87 214.61 215.99 216.6 216.04 214.35 213.12 213.96 215.14 216.15 216.9 217.4 217.79 218.35 219.95 220.15 218.63 216.06 213.25 210.85 209.13 207.96 206.97 205.73 203.87 201.08 197 191.15 183.03 172.72 163.06 158.41 156.05 155.54 -9999 -9999 -9999 -9999 178.56 179.77 178.44 174.61 168.09 161.75 157.24 154.74 153.85 153.79 153.71 152.78 150.39 146.52 141.87 136.73 130.74 127.05 127 128.78 131.88 135.96 -9999 -9999 -9999 -9999 -9999 -9999 -9999
211.13 211.88 212.99 214.47 216.28 218.29 220.28 221.89 222.73 222.42 220.97 219.8 220.71 221.97 223.1 224.02 224.74 225.21 225.25 225.39 223.93 220.79 216.98 213.37 210.63 209.03 208.37 208.47 208.39 207.48 205.33 201.59 195.8 187.49 177 167.94 163.44 161.19 160.65 161.62 164.84 171.25 178.46 182.96 183.72 181.83 177.27 169.96 162.87 158.18 156.02 155.92 156.78 157.29 156.53 153.97 149.49 143.73 137.12 128.64 120.65 119.6 121.87 125.98 131.49 -9999 -9999 -9999 -9999 -9999 -9999 -9999
215.11 216.02 217.32 219.03 221.09 223.37 225.64 227.59 228.85 229.12 228.31 227.24 228.06 229.58 231.09 232.54 233.83 234.6 234.26 232.48 228.73 223.9 219.66 216.11 213.17 210.72 208.99 209.38 210.53 210.75 209.43 206.28 201.01 193.27 183.32 174.24 169.69 167.07 166.25 167.09 170.22 176.01 182.39 186.93 187.51 184.93 179.27 171.55 165.16 161.08 158.92 158.87 160.6 161.57 160.76 158.32 153.82 147.17 139.47 129.72 118.03 114.08 116.34 121.47 128.52 -9999 -9999 -9999 -9999 -9999 -9999 -9999
218.6 219.65 221.16 223.12 225.45 228.02 230.62 232.96 234.78 235.87 236.22 236.26 237.11 239.31 241.77 244.18 246.26 247.31 246.21 242.22 236.11 229.75 224.45 220.37 217.17 214.44 212.22 211.09 212.68 213.85 213.32 210.87 206.42 199.83 191.15 182.08 177.23 174.34 172.99 173.71 176.66 181.24 186.06 189.48 189.92 186.99 181.11 173.96 168.52 165.02 163.07 163.17 165.02 165.88 164.95 162.62 158.46 151.58 143.54 134.61 123.95 115.22 115.76 121.29 129.99 -9999 -9999 -9999 -9999 -9999 -9999 -9999
221.4 222.58 224.32 226.58 229.25 232.16 235.11 237.89 240.33 242.36 244.13 246.06 248.75 252.52 256.49 260.03 262.69 263.41 260.8 254.34 245.55 236.98 230.09 225.34 221.77 218.8 216.43 214.9 215.59 217 216.9 214.97 211.37 206.2 199.58 192.18 186.36 183.08 181.44 181.64 183.73 187.09 190.54 192.65 192.35 189.4 184.28 178.14 173.08 169.83 168.13 168.36 169.93 170.52 169.49 167.13 163.03 156.38 148.63 140.99 133.96 128.46 127.75 132.76 142.57 154.51 -9999 -9999 -9999 -9999 -9999 -9999
223.21 224.53 226.58 229.25 232.35 235.69 239.05 242.29 245.35 248.33 251.59 255.69 261.21 268.05 274.16 278.34 280.85 280.55 276.16 267.48 256.3 245.38 236.62 230.68 226.49 223.26 220.88 219.34 219.25 220.29 220.01 218.17 215.19 211.43 206.99 202.09 197.41 193.75 191.53 191.12 192.39 194.6 196.7 197.63 196.66 193.69 189.32 184.34 179.77 176.54 174.98 174.83 175.28 175.32 174.23 171.64 167.39 161.44 154.46 147.89 143.39 142.05 144.29 150.58 160.67 172.97 -9999 -9999 -9999 -9999 -9999 -9999
223.79 225.26 227.72 230.96 234.67 238.56 242.41 246.12 249.75 253.6 258.24 264.45 272.94 283.07 290.51 294.95 297.32 296.23 290.62 280.46 267.69 254.9 244.23 236.59 231.44 227.88 225.56 224.02 223.56 223.69 222.71 220.62 218.04 215.58 213.14 210.6 208.23 206.14 204.66 204.08 204.29 204.88 205.26 204.81 203.1 200.05 196.17 192.06 188.27 185.31 183.41 182.32 181.51 180.47 178.75 176 172.11 167.1 161.43 156.3 153.25 154.47 159.49 167.39 178.11 190.46 -9999 -9999 -9999 -9999 -9999 -9999
223.53 225.05 227.82 231.73 236.22 240.8 245.21 249.38 253.5 258.04 263.78 271.69 282.63 295.12 302.17 307.01 309.32 307.82 302.43 291.82 278.43 264.79 252.74 243.49 237.14 233.04 230.55 229.07 228.36 227.38 225.94 224.07 222.15 220.7 219.77 219.05 218.27 217.32 216.41 215.83 215.33 214.78 214.02 212.84 211.02 208.45 205.25 201.75 198.4 195.53 193.24 191.35 189.52 187.42 184.81 181.56 177.68 173.42 169.34 166.18 165.02 167.37 173.57 181.69 191.37 201.8 204.49 201.77 -9999 -9999 -9999 -9999
224.63 225.74 227.91 231.98 237.22 242.56 247.55 252.14 256.61 261.56 267.89 276.73 288.77 301.37 307.62 312.36 312.88 311.17 307.29 298.76 286.3 273.36 261.14 250.87 243.48 238.84 236.55 235.18 233.62 231.87 230.04 227.89 226.16 225.3 225.42 226.2 226.82 226.9 226.5 225.79 224.85 223.76 222.55 221.22 219.76 218 215.71 212.97 209.98 207.15 204.56 202.05 199.33 196.13 192.37 188.13 183.59 179.24 175.76 173.74 173.86 177.04 183.76 191.72 198.62 205.44 206.37 201.27 193.36 184.89 177.55 -9999
226.94 227.98 229.82 232.86 238.19 244.14 249.63 254.53 259.15 264.14 270.43 279.11 290.51 301.04 306.35 310.62 310.8 309.17 306.03 299.08 288.83 278.31 267.68 257.84 250.83 246.57 243.97 241.73 239.02 236.58 234.38 232.31 231.31 230.9 231.17 232.59 234.01 234.58 234.37 233.66 232.67 231.64 230.67 229.65 228.76 227.68 225.76 223.29 220.65 218.05 215.47 212.71 209.4 205.24 200.22 194.69 189.13 184.09 180.37 178.62 179.21 182.46 188.74 196.64 201.06 203.88 204.04 198.1 189.23 180.79 174 -9999
229.62 230.63 232.36 235.05 239.76 245.94 251.71 256.71 261.25 265.91 271.49 278.9 288.15 295.53 299.14 302.41 303.29 301.78 298.62 292.32 285.11 278.01 270.2 262.44 256.9 253.28 250.58 247.81 244.52 241.62 239.42 237.64 237.05 237.04 237.59 239.14 240.65 241.14 240.8 239.99 238.97 238 237.29 236.85 236.33 235.25 233.45 231.26 228.97 226.74 224.61 222.29 219.11 214.32 207.9 200.67 193.73 187.95 183.8 181.66 182.22 185.12 190.12 196.49 200.66 200.76 198.36 192.68 184.28 176.14 169.86 165.02
232.37 233.35 235.03 237.65 242.13 248.28 254 258.86 263.07 267.07 271.45 276.79 282.89 286.86 288.42 289.4 289.18 287.19 284.02 280.33 276.82 273.1 268.55 264.04 260.68 258.2 255.94 253.36 250.24 247.37 245.57 244 243.52 243.75 244.59 246.13 247.23 247.36 246.75 245.75 244.6 243.6 242.95 242.67 242.29 241.28 239.61 237.62 235.58 233.86 232.64 231.4 228.73 223.49 215.47 205.92 197.05 190.4 186.2 184.23 184.25 186.64 190.35 194.76 198.39 198.08 194.32 188.45 180.47 171.72 165.92 162
235.23 236.19 237.89 240.6 245.41 251.28 256.63 261.1 264.8 267.96 270.88 273.82 276.65 278.03 278 276.66 274.03 270.92 268.42 267.33 267.16 266.43 264.89 263.82 262.88 261.8 260.41 258.56 256.25 254 252.92 252.04 251.59 251.8 252.54 253.37 253.7 253.29 252.4 251.25 250.02 248.92 248.22 247.95 247.63 246.69 245.17 243.29 241.38 240.11 239.82 238.99 235.54 229.75 221.28 210.48 200.43 193.09 188.25 186.65 186.72 188.38 191.02 193.62 195.56 195.42 191.83 186.2 178.83 170.04 164.29 161.46
238.35 239.31 241.23 244.48 249.56 254.87 259.58 263.49 266.58 268.88 270.39 271.16 271.53 271.82 271.02 268.32 264.78 261.94 259.66 258.33 259.49 260.93 261.5 263.31 264.51 264.78 264.36 263.5 262.39 261.37 260.92 260.62 260.45 260.46 260.51 260.39 259.82 258.92 257.79 256.52 255.23 254.05 253.26 252.97 252.69 251.82 250.36 248.52 246.65 245.51 245.48 244.46 240.66 234.63 225.91 214.89 204.93 197.67 192.51 190.06 190.1 191.12 192.91 194.21 194.58 193.58 190.54 185.8 179.82 172.41 166.53 164.27
242.27 243.36 246.01 249.84 254.35 258.79 262.76 266.05 268.54 270.07 270.47 269.76 269.16 269.39 268.75 266.23 262.97 259.88 257.18 255.33 256.11 258.36 260.07 263.72 266.35 267.62 268.06 268.16 268.31 268.7 268.88 268.93 268.97 268.73 268.1 267.1 265.74 264.36 263 261.61 260.23 258.93 258.07 257.77 257.52 256.72 255.24 253.36 251.39 249.92 249.31 248.42 244.81 238.82 230.01 219.15 209.6 202.62 197.6 195.1 194.71 195.19 196.2 196.54 195.97 194.42 191.76 188.22 184.32 179.61 174.95 172.56
248.82 250.04 252.43 255.64 259.24 262.82 266.08 268.79 270.76 271.73 271.4 269.91 269.29 269.94 269.95 268.08 265.18 261.82 258.55 256.29 257.01 258.98 261.23 265.6 268.82 270.61 271.63 272.48 273.68 275.26 276.07 276.47 276.66 276.05 274.96 273.44 271.52 269.67 268.04 266.49 264.92 263.52 262.63 262.3 262.06 261.3 259.79 257.75 255.46 253.27 251.44 249.69 246.73 241.45 233.36 223.58 214.76 208.24 203.86 201.73 200.49 200.45 200.6 200.13 199.04 197.48 195.65 193.77 191.9 190.22 189.17 189.2
255.8 256.85 258.71 261.18 263.98 266.84 269.5 271.72 273.29 273.92 273.26 271.52 270.87 271.82 272.27 271.05 268.83 265.82 262.5 260.3 260.66 261.72 264.59 268.86 271.95 273.8 275.07 276.39 278.26 280.64 282.05 282.7 282.65 281.85 280.66 279.06 276.78 274.54 272.63 270.9 269.27 267.89 266.94 266.42 265.99 265.16 263.63 261.38 258.64 255.71 252.78 249.83 246.44 241.95 236.03 229.09 222.27 216.61 212.37 209.34 207.36 206.52 205.64 204.38 202.9 201.53 200.71 200.59 200.31 201.18 204.01 207.1
262.29 263.1 264.51 266.4 268.59 270.88 273.05 274.89 276.18 276.66 276.01 274.31 273.19 274 274.85 274.24 272.72 270.39 267.65 265.79 265.15 265.72 269.33 273.01 275.51 277.13 278.4 279.87 281.98 284.74 286.8 287.59 287.58 286.82 285.65 283.98 281.45 279 276.95 275.15 273.52 272.1 270.95 269.82 268.59 267.45 266.12 263.91 260.86 257.43 253.86 250.24 246.69 243.01 239.01 234.52 229.74 225.11 220.96 217.42 214.98 212.97 210.91 208.79 206.86 205.52 205.32 206.14 206.63 209.37 214.85 217.51
268.5 269.05 270.07 271.5 273.21 275.04 276.8 278.34 279.44 279.9 279.48 278.07 276.41 276.56 277.25 277.34 276.4 274.48 272.3 270.63 270.06 271.74 274.88 277.5 279.28 280.52 281.63 283.02 285.03 287.76 290.45 291.46 291.7 291.13 289.94 287.97 285.49 283.15 281.11 279.31 277.68 276.2 274.81 273.1 271.18 269.39 267.62 265.5 262.56 258.98 255.12 251.36 248.13 245.12 242.44 239.79 236.74 233.38 229.91 226.37 222.93 219.53 216.22 213.13 210.52 208.84 208.45 208.76 209.04 211.96 217.26 218.59
274.83 275.08 275.73 276.74 278.02 279.44 280.84 282.1 283.07 283.59 283.52 282.74 281.46 280.68 280.65 280.5 279.78 278.5 277.04 276.03 276.54 278.42 280.42 281.97 283.09 283.96 284.86 286.04 287.73 290.01 292.62 294.42 294.83 294.34 293.11 291.25 289.09 286.99 285.07 283.34 281.77 280.29 278.81 276.98 274.61 272.24 269.93 267.52 264.69 261.2 257.39 254.16 251.49 249 246.87 245.57 244.01 241.97 239.45 235.88 231.2 226.28 221.56 217.31 213.78 211.31 210.02 208.88 207.75 208.48 211.16 212.64
281.59 281.48 281.73 282.32 283.16 284.17 285.22 286.2 287.04 287.66 287.99 287.97 287.61 287.1 286.75 286.36 285.73 284.84 283.9 283.54 283.97 284.79 285.61 286.31 286.9 287.49 288.19 289.15 290.47 292.18 294.17 296.07 297.29 297.18 296.15 294.51 292.61 290.73 289 287.43 285.96 284.52 283.06 281.32 278.74 275.99 273.32 270.64 267.8 264.55 261.04 258.17 255.94 254.03 252.65 252.25 251.67 250.46 248.58 245.47 239.85 233.27 226.95 221.36 216.69 213.12 210.51 207.76 204.59 202.39 202.56 203.3
288.88 288.37 288.18 288.3 288.68 289.25 289.92 290.63 291.34 292.07 292.81 293.57 294.3 294.87 294.97 294.64 294.13 293.49 292.69 291.75 291.05 290.63 290.48 290.55 290.78 291.18 291.76 292.54 293.56 294.79 296.16 297.5 298.56 299.07 298.95 297.91 296.34 294.72 293.21 291.82 290.45 289.03 287.56 285.82 283.23 280.29 277.41 274.62 271.83 268.93 265.91 263.16 261.29 260.03 259.58 259.68 259.44 258.35 256.31 253.18 248.02 240.22 232.22 225.17 219.29 214.51 210.59 206.7 202.12 198.41 197 196.31
296.63 295.7 295.04 294.66 294.55 294.65 294.92 295.34 295.92 296.74 297.88 299.39 301.16 302.63 302.94 302.7 302.34 301.92 301.23 299.5 297.6 296.13 295.22 294.81 294.81 295.12 295.65 296.36 297.2 298.13 299.07 299.95 300.67 301.16 301.42 301.31 300.46 299.16 297.84 296.57 295.25 293.84 292.34 290.54 287.86 284.82 281.88 279.08 276.41 273.88 271.53 269.45 267.98 267.24 267.17 267.3 266.87 265.37 262.75 259.01 253.95 246.22 236.87 228.43 221.4 215.58 210.7 206.46 201.56 197.15 195.07 193.75
304.6 303.27 302.15 301.28 300.66 300.28 300.14 300.24 300.67 301.55 303.04 305.22 307.71 309.08 309.16 308.93 308.66 308.37 307.89 306.41 303.73 301.42 299.92 299.19 299.07 299.36 299.93 300.65 301.45 302.24 302.98 303.62 304.12 304.5 304.79 305.03 304.98 304.11 302.94 301.71 300.39 298.95 297.38 295.4 292.5 289.44 286.52 283.75 281.17 278.91 277.16 275.89 275.02 274.55 274.42 274.22 273 270.68 267.52 263.39 257.8 250.38 240.1 230.52 222.58 216.04 210.7 206.8 202.58 198.11 195.56 194.13
312.5 310.82 309.29 307.96 306.86 306.02 305.47 305.25 305.48 306.35 308.05 310.67 313.48 314.11 313.97 313.73 313.5 313.28 313.04 312.23 309.3 306.46 304.61 303.71 303.57 303.94 304.61 305.44 306.3 307.1 307.79 308.33 308.74 309.02 309.25 309.45 309.6 309.33 308.42 307.24 305.89 304.34 302.51 300.03 297.09 294.11 291.23 288.47 285.91 283.71 282.17 281.53 281.35 281.05 280.61 279.87 277.92 274.92 271.15 266.38 259.92 251.79 241.07 230.76 222.18 215.3 210.05 206.87 203.86 200.44 197.43 195.65
320.05 318.11 316.25 314.53 313.01 311.74 310.79 310.23 310.22 310.96 312.65 315.35 318.07 318.37 318.13 317.89 317.68 317.51 317.38 316.82 314.07 311.13 309.21 308.35 308.32 308.85 309.71 310.71 311.72 312.62 313.37 313.92 314.28 314.49 314.6 314.64 314.61 314.4 313.84 312.88 311.46 309.61 307.32 304.65 301.78 298.87 295.99 293.18 290.52 288.18 286.46 285.73 285.96 286.07 285.35 284.02 281.72 278.25 273.78 267.96 260.33 250.87 239.58 228.78 219.87 213.09 208.59 206.15 204.2 202 199.55 197.32
327.07 324.94 322.84 320.82 318.95 317.32 316 315.11 314.79 315.24 316.67 319.17 321.91 322.32 322.08 321.84 321.66 321.55 321.46 320.84 318.08 315.35 313.68 313.07 313.3 314.09 315.21 316.45 317.67 318.73 319.58 320.19 320.55 320.7 320.68 320.51 320.21 319.74 319.01 317.92 316.41 314.46 312.13 309.5 306.69 303.78 300.82 297.86 294.98 292.34 290.19 288.85 288.54 288.83 288.21 286.57 283.97 280.17 274.94 267.97 258.97 248.06 236.21 225.36 216.8 210.77 206.99 204.87 203.51 202.22 200.64 198.82
333.45 331.2 328.94 326.71 324.58 322.65 321.02 319.8 319.12 319.18 320.14 322.08 324.54 325.8 325.9 325.72 325.58 325.49 325.21 323.93 321.32 319.17 318.05 317.89 318.51 319.66 321.1 322.63 324.09 325.35 326.33 327.01 327.38 327.46 327.3 326.92 326.35 325.58 324.58 323.28 321.64 319.65 317.31 314.69 311.84 308.83 305.69 302.48 299.28 296.22 293.52 291.4 290.05 289.41 288.82 287.28 284.54 280.39 274.46 266.38 256.07 244.32 232.8 222.86 215.03 209.41 205.7 203.6 202.44 201.64 200.83 199.86
339.15 336.85 334.5 332.14 329.83 327.68 325.79 324.26 323.23 322.84 323.22 324.41 326.25 328.09 329.04 329.13 329.06 328.85 327.93 326.04 324.09 322.82 322.42 322.85 323.96 325.53 327.35 329.2 330.92 332.38 333.49 334.22 334.58 334.57 334.25 333.65 332.83 331.79 330.55 329.08 327.33 325.26 322.87 320.17 317.2 313.98 310.57 307.02 303.43 299.91 296.62 293.71 291.3 289.39 287.72 285.67 282.68 278.19 271.76 263.15 252.57 241.17 230.75 221.72 214.46 209.23 205.28 203.02 201.91 201.2 200.8 200.7
344.19 341.87 339.49 337.07 334.66 332.35 330.26 328.48 327.13 326.31 326.11 326.56 327.57 328.86 329.97 330.56 330.6 330.07 329.04 327.8 326.87 326.53 326.92 328 329.65 331.68 333.9 336.08 338.05 339.69 340.9 341.66 341.96 341.83 341.32 340.47 339.38 338.11 336.67 335.07 333.23 331.11 328.64 325.82 322.65 319.17 315.43 311.49 307.49 303.59 299.79 296.14 292.73 289.68 286.94 283.91 280.17 275.27 268.8 260.52 250.55 240.18 230.98 222.74 216.59 211.69 207.44 204.26 202.97 202.06 201.63 202.21
348.57 346.28 343.91 341.47 339.02 336.62 334.39 332.42 330.82 329.65 328.98 328.82 329.1 329.68 330.31 330.76 330.88 330.66 330.27 329.95 329.96 330.5 331.64 333.36 335.56 338.06 340.67 343.16 345.35 347.13 348.4 349.14 349.35 349.05 348.29 347.18 345.88 344.42 342.82 341.07 339.14 336.98 334.45 331.49 328.1 324.33 320.22 315.91 311.61 307.37 303.14 298.95 294.84 290.89 287.14 283.33 279.03 273.92 267.69 260.1 251.22 242.24 234.21 226.65 220.85 216.02 211.65 208.16 206.45 205.03 204.21 204.76
