raw_data/evaporacion/evapnov.txt
ncols         178
nrows         142
xllcorner     111.875
yllcorner     -44.625
cellsize      0.25
NODATA_value  -9999
[rows 64 to 95 of 142, columns 0 to 71 of 178]
-9999 -9999 -9999 -9999 -9999 -9999 -9999 -9999 279.03 283.52 289.5 298.72 308.69 318.31 327.5 336.33 344.84 353.03 360.84 368.23 375.16 381.62 387.61 393.1 398 402.22 405.69 408.42 410.53 412.23 413.74 415.23 416.8 418.44 420.1 421.69 423.11 424.27 425.12 425.2 423 419.85 417 414.55 412.36 410.33 408.4 406.56 404.81 403.2 401.8 400.69 399.97 399.65 399.38 398.02 396.38 394.95 393.76 392.78 391.97 391.27 390.57 389.75 388.88 387.95 386.94 385.83 384.57 383.1 381.32 379.33
-9999 -9999 -9999 -9999 263.69 -9999 -9999 -9999 275.49 280.58 287.99 297.09 306.49 315.73 324.77 333.6 342.23 350.6 358.64 366.32 373.64 380.65 387.35 393.67 399.42 404.32 408.17 410.87 412.57 413.58 414.28 414.96 415.78 416.76 417.8 418.76 419.5 419.93 419.98 419.52 417.9 415.01 412.3 409.98 408 406.28 404.71 403.25 401.88 400.63 399.54 398.68 398.07 397.62 396.72 395.33 393.99 392.86 391.93 391.18 390.57 390.07 389.6 389.01 388.33 387.59 386.75 385.79 384.67 383.29 381.67 379.86
-9999 -9999 -9999 -9999 263.43 -9999 266.03 -9999 -9999 280.27 287.81 296.13 304.75 313.47 322.19 330.89 339.49 347.91 356.09 364.02 371.76 379.4 386.97 394.26 400.79 406.1 410.11 412.75 414.14 414.5 414.15 413.78 413.69 413.91 414.3 414.64 414.77 414.56 413.96 412.99 411.64 409.91 408.06 406.08 404.38 402.96 401.72 400.58 399.51 398.51 397.6 396.79 395.87 394.79 393.61 392.44 391.39 390.51 389.78 389.21 388.76 388.4 388.08 387.72 387.26 386.68 385.99 385.17 384.13 382.88 381.43 379.78
-9999 -9999 -9999 -9999 -9999 -9999 -9999 -9999 -9999 281.08 287.86 295.3 303.15 311.29 319.6 328.02 336.43 344.75 352.93 361 369.1 377.36 385.78 393.78 399.93 404.16 407.61 410.52 412.84 413.87 412.88 411.42 410.37 409.81 409.56 409.36 408.97 408.26 407.18 405.81 404.25 402.65 401.09 399.64 398.39 397.36 396.49 395.73 395.03 394.35 393.65 392.92 392.11 391.21 390.3 389.42 388.62 387.93 387.37 386.92 386.59 386.33 386.11 385.87 385.56 385.14 384.59 383.87 382.97 381.88 380.6 379.1
-9999 -9999 -9999 -9999 -9999 265.86 -9999 -9999 -9999 281.51 287.57 294.25 301.42 308.97 316.81 324.82 332.89 340.93 348.93 356.99 365.28 374 382.96 390.66 395.51 399.21 402.48 405.42 408.03 409.92 409.67 407.54 405.64 404.42 403.64 403.01 402.24 401.18 399.82 398.23 396.56 394.94 393.49 392.28 391.32 390.59 390.05 389.65 389.34 389.06 388.76 388.4 387.96 387.45 386.87 386.28 385.7 385.17 384.73 384.38 384.12 383.93 383.76 383.59 383.36 383.05 382.61 382.02 381.25 380.31 379.17 377.8
-9999 -9999 -9999 -9999 -9999 -9999 268.76 -9999 276.38 281.22 286.72 292.79 299.35 306.33 313.62 321.12 328.7 336.32 343.97 351.81 360.05 368.89 377.92 384.81 389.17 392.75 395.98 398.88 401.48 403.65 404.24 401.81 399.41 397.78 396.67 395.77 394.77 393.55 392.07 390.45 388.82 387.32 386.04 385.03 384.31 383.84 383.59 383.52 383.57 383.68 383.78 383.82 383.77 383.61 383.35 383 382.62 382.24 381.9 381.62 381.41 381.24 381.11 380.97 380.79 380.54 380.18 379.68 379.02 378.18 377.13 375.82
-9999 -9999 -9999 -9999 -9999 -9999 -9999 271.82 275.75 280.24 285.27 290.81 296.8 303.2 309.89 316.79 323.79 330.86 338.02 345.43 353.33 361.9 370.71 377.45 381.71 385.23 388.42 391.3 393.89 396.03 396.57 394.12 391.69 390 388.83 387.86 386.81 385.57 384.14 382.62 381.14 379.83 378.76 377.96 377.43 377.18 377.18 377.4 377.78 378.25 378.74 379.18 379.49 379.67 379.7 379.6 379.4 379.16 378.91 378.68 378.48 378.32 378.18 378.05 377.89 377.66 377.33 376.88 376.27 375.48 374.45 372.79
-9999 -9999 -9999 -9999 -9999 -9999 -9999 -9999 274.47 278.6 283.18 288.21 293.64 299.44 305.51 311.78 318.16 324.62 331.2 338.05 345.36 353.28 361.62 368.86 373.38 376.88 380.03 382.9 385.46 387.26 386.9 384.71 382.71 381.33 380.35 379.5 378.56 377.45 376.18 374.86 373.61 372.51 371.63 370.99 370.61 370.51 370.7 371.16 371.86 372.71 373.6 374.42 375.11 375.61 375.92 376.05 376.03 375.92 375.74 375.55 375.36 375.18 375.02 374.86 374.67 374.42 374.09 373.63 373.02 372.17 370.74 368.03
-9999 -9999 -9999 -9999 -9999 -9999 -9999 -9999 272.53 276.26 280.37 284.88 289.77 294.98 300.46 306.11 311.89 317.77 323.79 330.04 336.66 343.76 351.25 358.49 364.01 367.84 371.03 373.78 375.96 376.78 375.7 374.15 372.91 372.08 371.48 370.91 370.22 369.34 368.33 367.28 366.27 365.39 364.66 364.12 363.82 363.85 364.23 364.92 365.88 367.04 368.33 369.56 370.62 371.44 372.02 372.36 372.51 372.51 372.41 372.24 372.05 371.84 371.63 371.42 371.17 370.87 370.48 369.97 369.24 367.88 365.43 362.36
-9999 -9999 -9999 -9999 -9999 -9999 -9999 -9999 -9999 273.14 276.77 280.76 285.12 289.81 294.75 299.89 305.17 310.59 316.16 321.94 327.98 334.31 340.81 347.19 352.87 357.46 360.87 363.05 364.12 364.24 363.72 363.15 362.78 362.6 362.48 362.29 361.93 361.37 360.68 359.93 359.19 358.5 357.9 357.42 357.27 357.66 358.41 359.33 360.33 361.49 363.03 364.65 366.07 367.19 368.01 368.54 368.84 368.95 368.91 368.77 368.56 368.32 368.05 367.76 367.43 367.04 366.56 365.93 364.83 362.61 359.78 356.68
-9999 -9999 -9999 -9999 -9999 -9999 -9999 -9999 -9999 269.2 272.34 275.85 279.73 283.97 288.49 293.25 298.21 303.37 308.75 314.36 320.15 326.01 331.75 337.11 341.82 345.63 348.41 350.2 351.2 351.7 352.01 352.33 352.73 353.18 353.57 353.8 353.81 353.63 353.29 352.87 352.4 351.92 351.43 351.1 351.41 352.22 353.22 354.31 355.44 356.6 357.96 359.79 361.52 362.91 363.93 364.63 365.04 365.23 365.25 365.13 364.92 364.64 364.31 363.94 363.51 363.01 362.41 361.59 360.03 357.45 354.5 351.31
-9999 -9999 -9999 -9999 -9999 -9999 -9999 -9999 -9999 264.58 267.32 270.42 273.82 277.65 281.85 286.39 291.25 296.44 302 307.86 313.88 319.77 325.18 329.79 333.41 336.01 337.74 338.87 339.67 340.39 341.17 342.08 343.06 344.03 344.87 345.52 345.95 346.16 346.21 346.13 345.96 345.7 345.38 345.29 346.02 347.07 348.24 349.48 350.75 352.01 353.35 355.17 357.08 358.66 359.83 360.64 361.15 361.41 361.47 361.38 361.17 360.86 360.47 360.02 359.49 358.87 358.15 357.21 355.61 352.92 349.79 346.45
-9999 -9999 -9999 -9999 -9999 -9999 -9999 -9999 -9999 -9999 262.23 264.97 267.97 271.28 275.09 279.53 284.51 290.05 296.17 302.79 309.58 315.97 321.21 325.28 328.09 329.6 330.03 330.04 330.12 330.55 331.38 332.54 333.87 335.23 336.49 337.55 338.39 339.02 339.46 339.74 339.89 339.89 339.8 339.92 340.85 342.06 343.37 344.74 346.13 347.49 348.92 350.81 352.81 354.49 355.75 356.63 357.2 357.52 357.62 357.55 357.35 357.02 356.6 356.08 355.46 354.74 353.88 352.86 351.46 349.03 345.78 342.21
-9999 -9999 -9999 -9999 -9999 -9999 -9999 -9999 -9999 -9999 -9999 259.29 261.96 264.95 268.48 272.88 278.15 284.28 291.3 298.99 306.53 312.95 317.08 320.48 323.42 325.03 324.65 323.31 322.27 322 322.54 323.69 325.21 326.87 328.5 329.97 331.25 332.3 333.14 333.79 334.25 334.53 334.69 334.93 335.84 337.14 338.57 340.05 341.53 343.01 344.61 346.69 348.73 350.41 351.7 352.63 353.25 353.61 353.76 353.72 353.53 353.2 352.75 352.18 351.49 350.68 349.71 348.57 347.21 345.35 342.38 338.66
-9999 -9999 -9999 -9999 -9999 -9999 -9999 -9999 -9999 -9999 -9999 253.38 255.82 258.61 262.05 266.57 272.25 279.09 287.09 295.37 301.7 305.99 309.34 312.52 315.65 318.42 319.65 317.69 315.46 314.33 314.4 315.42 317.06 319.01 321.05 323 324.77 326.28 327.52 328.49 329.2 329.71 330.08 330.45 331.12 332.35 333.8 335.36 336.98 338.67 340.64 342.81 344.78 346.43 347.71 348.66 349.33 349.74 349.93 349.93 349.76 349.43 348.96 348.35 347.61 346.72 345.66 344.42 342.96 341.24 338.98 335.63
-9999 -9999 -9999 -9999 -9999 -9999 -9999 -9999 -9999 -9999 -9999 -9999 249.64 252.38 255.94 260.78 266.9 274.41 282.94 290.17 294.72 298.05 301.17 304.24 307.3 310.4 312.78 311.83 308.93 307.06 306.73 307.67 309.49 311.84 314.43 317.02 319.43 321.5 323.14 324.32 325.12 325.64 326.04 326.46 327.06 327.99 329.26 330.86 332.71 334.76 336.92 339.02 340.91 342.52 343.81 344.8 345.51 345.97 346.2 346.22 346.05 345.7 345.2 344.54 343.74 342.8 341.68 340.37 338.83 337.05 334.98 332.39
-9999 -9999 -9999 -9999 -9999 -9999 -9999 -9999 -9999 -9999 -9999 -9999 243.62 246.54 250.48 255.76 262.35 270.32 278.65 284.04 287.61 290.6 293.55 296.5 299.48 302.54 305.28 305.36 302.21 299.92 299.42 300.46 302.66 305.65 309.1 312.67 316.02 318.83 320.87 322.1 322.65 322.78 322.78 322.92 323.36 324.2 325.44 327.06 328.96 331.04 333.17 335.22 337.09 338.72 340.07 341.12 341.88 342.38 342.61 342.61 342.39 341.97 341.38 340.64 339.77 338.78 337.65 336.33 334.78 332.96 330.86 328.48
-9999 -9999 -9999 -9999 -9999 -9999 -9999 -9999 -9999 -9999 -9999 -9999 -9999 241.51 246.09 251.91 259.04 267.05 273.88 278.1 281.15 283.85 286.62 289.46 292.41 295.49 298.32 298.67 295.45 293.08 292.64 293.98 296.82 300.83 305.61 310.67 315.41 319.23 321.71 322.74 322.55 321.66 320.64 319.93 319.81 320.34 321.47 323.06 324.98 327.08 329.25 331.38 333.37 335.14 336.62 337.77 338.59 339.07 339.25 339.13 338.75 338.15 337.37 336.48 335.51 334.49 333.39 332.15 330.69 328.93 326.84 324.47
-9999 -9999 -9999 -9999 -9999 -9999 -9999 -9999 -9999 -9999 -9999 -9999 233.44 237.53 242.89 249.58 257.22 264.45 269.38 272.81 275.56 278.08 280.67 283.46 286.47 289.66 292.58 292.99 289.75 287.3 286.89 288.57 292.24 297.63 304.27 311.42 318.05 322.96 325.78 326.56 325.23 322.61 319.8 317.58 316.38 316.27 317.08 318.59 320.56 322.81 325.19 327.58 329.86 331.91 333.63 334.94 335.79 336.19 336.19 335.82 335.13 334.2 333.1 331.94 330.81 329.77 328.77 327.71 326.45 324.87 322.9 320.58
-9999 -9999 -9999 -9999 -9999 -9999 -9999 -9999 -9999 -9999 -9999 -9999 229.47 234.45 240.91 248.36 255.44 260.87 265.02 268.31 270.98 273.39 275.91 278.75 281.89 285.24 288.47 289.8 286.83 283.83 282.93 284.61 289.01 295.93 304.72 313.95 321.56 326.2 328.82 330.27 328.84 324.99 319.95 315.66 312.95 311.9 312.27 313.66 315.75 318.27 321.03 323.88 326.65 329.17 331.24 332.73 333.59 333.83 333.51 332.73 331.56 330.15 328.7 327.33 326.08 325 324.04 323.09 322.08 320.77 319.02 316.82
-9999 -9999 -9999 -9999 -9999 -9999 -9999 -9999 -9999 -9999 -9999 -9999 -9999 232.07 239.09 245.58 251.17 256.29 260.86 264.55 267.38 269.64 271.98 274.86 278.18 281.68 285.16 287.82 287.09 283.79 281.47 282.3 286.86 294.98 305.38 313.91 318.14 320.94 323.31 325.43 326.78 325.83 319.83 313.46 309.12 307.07 306.96 308.27 310.56 313.47 316.78 320.27 323.66 326.61 329 330.66 331.63 331.76 331.14 329.89 328.19 326.38 325.01 323.94 322.92 321.77 320.42 318.93 317.78 316.74 315.24 313.21
-9999 -9999 -9999 -9999 -9999 -9999 -9999 -9999 -9999 -9999 -9999 -9999 -9999 229.03 234.34 239.39 244.87 250.74 255.71 259.77 263.39 266.04 268.25 271.18 274.68 278.22 281.49 284.44 286.41 285.73 282.47 281.4 285.05 293.39 303.55 308.36 311.01 313.33 315.6 317.86 320.05 321.12 317.24 309.87 304.25 301.44 301.01 302.37 304.95 308.37 312.33 316.5 320.2 322.93 325.21 327.07 328.41 328.99 328.6 327.2 325.26 323.47 322.18 321.19 320.22 319.06 317.59 315.81 314.03 312.98 311.68 309.79
-9999 -9999 -9999 -9999 -9999 -9999 -9999 -9999 -9999 -9999 -9999 -9999 -9999 222.75 226.81 231.56 237.36 243.35 247.98 252.39 256.94 261.09 264.04 267.51 271.35 274.84 277.67 280.03 282.11 283.72 283.32 280.92 282.54 289.44 297.31 300.72 303.05 305.22 307.39 309.61 311.86 313.48 311.34 303.78 297.69 294.68 294.28 295.87 298.85 302.82 307.43 312.09 315.54 318.37 320.88 323.05 324.74 325.69 325.62 324.45 322.61 320.87 319.58 318.6 317.66 316.48 314.98 313.11 311.09 309.77 308.48 306.63
-9999 -9999 -9999 -9999 -9999 -9999 -9999 -9999 -9999 -9999 -9999 -9999 -9999 -9999 219.62 224.67 230.12 235.16 239.36 243.96 249.1 254.27 258.81 263.3 267.12 270.37 273.17 275.47 276.77 278.25 279.58 278.77 278.27 282.84 289.25 292.26 294.41 296.42 298.43 300.5 302.61 304.11 301.69 294.63 289.14 286.64 286.7 288.73 292.19 296.67 301.79 306.7 310.33 313.49 316.35 318.87 320.91 322.23 322.51 321.66 320.01 318.33 317.05 316.08 315.14 313.96 312.43 310.53 308.47 307.09 305.7 303.76
-9999 -9999 -9999 -9999 -9999 -9999 -9999 -9999 -9999 -9999 -9999 -9999 -9999 -9999 214.78 220.14 224.18 227.63 231.17 235.43 240.37 245.92 251.83 256.82 260.84 264.16 267 269.43 271.04 271.86 273.26 273.84 271.4 273.32 279.01 282.14 284.08 285.89 287.68 289.47 291.3 292.19 288.45 282.68 278.78 277.45 278.36 281 284.94 289.85 295.39 300.74 304.83 308.41 311.67 314.56 316.97 318.65 319.32 318.81 317.4 315.81 314.56 313.6 312.65 311.48 309.95 308.07 306.22 304.92 303.31 301.15
-9999 -9999 -9999 -9999 -9999 -9999 -9999 -9999 -9999 -9999 -9999 -9999 -9999 -9999 -9999 212.47 215.65 219 222.68 226.53 230.05 235.92 243.1 248.92 253.48 257.11 260.11 262.65 264.49 264.91 265.84 265.92 261.79 260.84 264.28 268.29 270.2 271.62 273.05 274.52 275.91 275.85 272.29 268.84 267.19 267.47 269.46 272.81 277.2 282.42 288.23 294.12 298.97 303.09 306.79 310.09 312.87 314.93 315.97 315.82 314.74 313.36 312.19 311.25 310.31 309.16 307.69 306.04 304.67 303.16 301.16 298.7
-9999 -9999 -9999 -9999 -9999 -9999 -9999 -9999 -9999 -9999 -9999 -9999 -9999 -9999 -9999 202.91 205.25 208.02 211.4 215.18 218.62 224.8 232.64 239.44 244.85 249.08 252.46 255.14 256.73 257.08 257.52 256.31 250.13 246.62 247.15 249.61 251.18 252.21 253.27 254.42 255.51 255.55 254.53 254.17 255.03 257.12 260.28 264.34 269.15 274.56 280.46 286.58 292.4 297.28 301.52 305.27 308.42 310.81 312.07 312.31 311.96 311.28 310.44 309.54 308.58 307.55 306.38 305.02 -9999 -9999 -9999 -9999
-9999 -9999 -9999 -9999 -9999 -9999 -9999 -9999 -9999 -9999 -9999 -9999 -9999 -9999 -9999 192.38 193.62 195.22 197.49 200.77 205.53 212.71 220.94 228.43 234.62 239.55 243.48 246.38 247.67 248.2 247.9 244.8 237.03 231.74 229.68 229.53 229.85 230.41 231.2 232.24 233.51 234.9 236.73 239.46 242.84 246.73 251.06 255.81 260.97 266.53 272.43 278.53 284.58 290.2 295.21 299.48 302.9 305.48 307.24 308.32 308.9 309.08 308.92 308.47 307.76 -9999 -9999 -9999 -9999 -9999 -9999 -9999
-9999 -9999 -9999 -9999 -9999 -9999 -9999 -9999 -9999 -9999 -9999 -9999 -9999 -9999 -9999 181.18 181.3 181.76 182.93 185.63 191.57 200.56 209.47 217.19 223.62 228.83 233.02 236.03 237.71 238.18 236.53 231.27 223.21 217.18 213.71 212.37 212.02 212.08 212.55 213.63 215.32 217.48 220.42 225.28 230.95 236.56 242 247.38 252.86 258.53 264.43 270.49 276.54 282.36 287.71 292.42 296.4 299.63 302.19 304.15 305.57 306.51 306.97 -9999 -9999 -9999 -9999 -9999 -9999 -9999 -9999 -9999
-9999 -9999 -9999 -9999 -9999 -9999 -9999 -9999 -9999 -9999 -9999 -9999 -9999 -9999 -9999 171.3 170.65 170.37 170.84 173.17 179.79 189.98 199.02 206.55 212.86 218.04 222.26 225.43 227.14 226.89 223.75 217.44 210.08 204.76 201.95 200.63 199.75 199.15 199.19 200.24 202.33 205.14 208.37 212.82 219.71 226.79 233.24 239.2 244.95 250.73 256.64 262.69 268.77 274.72 280.34 -9999 -9999 -9999 -9999 -9999 -9999 -9999 -9999 -9999 -9999 -9999 -9999 -9999 -9999 -9999 -9999 -9999
-9999 -9999 -9999 -9999 -9999 -9999 -9999 -9999 -9999 -9999 -9999 -9999 -9999 -9999 -9999 166.06 165.07 164.39 164.38 166.23 172.65 181.9 189.77 196.57 202.59 207.76 211.95 214.83 216 214.88 210.95 205.02 199.48 196.02 194.29 193.08 191.74 190.96 191.15 192.07 193.69 196.51 200.07 203.91 209.83 217.68 224.96 231.39 237.37 243.22 249.14 255.2 261.36 -9999 -9999 -9999 -9999 -9999 -9999 -9999 -9999 -9999 -9999 -9999 -9999 -9999 -9999 -9999 -9999 -9999 -9999 -9999
-9999 -9999 -9999 -9999 -9999 -9999 -9999 -9999 -9999 -9999 -9999 -9999 -9999 -9999 -9999 164.91 164.24 163.64 163.43 164.59 169.17 175.7 181.95 187.93 193.59 198.57 202.43 204.81 205.41 203.88 200.22 195.66 192.07 190.21 189.33 188.36 187.05 186.19 186.2 186.96 188.34 190.62 194.13 197.54 201.8 209.57 217.33 224.09 230.19 -9999 -9999 -9999 -9999 -9999 -9999 -9999 -9999 -9999 -9999 -9999 -9999 -9999 -9999 -9999 -9999 -9999 -9999 -9999 -9999 -9999 -9999 -9999
