raw_data/evaporacion/evapapr.txt
ncols         178
nrows         142
xllcorner     111.875
yllcorner     -44.625
cellsize      0.25
NODATA_value  -9999
[rows 64 to 95 of 142, columns 0 to 71 of 178]
-9999 -9999 -9999 -9999 -9999 -9999 -9999 -9999 198.24 200.46 203.5 208.45 213.74 218.71 223.29 227.55 231.55 235.31 238.86 242.18 245.28 248.16 250.81 253.21 255.3 257.04 258.4 259.39 260.09 260.64 261.17 261.79 262.57 263.5 264.58 265.76 266.98 268.19 269.32 270.09 269.58 268.42 267.31 266.3 265.31 264.3 263.25 262.16 261.06 259.98 258.98 258.11 257.44 256.99 256.55 255.52 254.38 253.44 252.72 252.18 251.8 251.52 251.25 250.91 250.52 250.1 249.62 249.04 248.34 247.42 246.21 244.75
-9999 -9999 -9999 -9999 190.54 -9999 -9999 -9999 196.15 198.7 202.58 207.39 212.25 216.89 221.27 225.42 229.36 233.11 236.65 240.01 243.22 246.32 249.32 252.17 254.76 256.92 258.52 259.51 259.98 260.12 260.15 260.27 260.57 261.08 261.76 262.52 263.29 264.02 264.63 265.02 264.77 263.72 262.68 261.73 260.88 260.07 259.26 258.43 257.58 256.74 255.95 255.26 254.68 254.17 253.4 252.36 251.43 250.68 250.13 249.74 249.49 249.36 249.26 249.09 248.86 248.58 248.23 247.78 247.19 246.36 245.3 244
-9999 -9999 -9999 -9999 190.72 -9999 191.59 -9999 -9999 198.74 202.65 206.91 211.21 215.41 219.48 223.41 227.19 230.83 234.32 237.7 241.05 244.43 247.86 251.25 254.27 256.65 258.34 259.29 259.56 259.29 258.69 258.16 257.9 257.93 258.19 258.57 258.95 259.27 259.46 259.51 259.36 258.96 258.41 257.68 257.01 256.41 255.82 255.21 254.56 253.9 253.25 252.6 251.86 250.99 250.08 249.2 248.44 247.85 247.41 247.13 246.98 246.94 246.94 246.94 246.87 246.71 246.49 246.15 245.62 244.91 243.99 242.85
-9999 -9999 -9999 -9999 -9999 -9999 -9999 -9999 -9999 199.67 203.05 206.67 210.4 214.12 217.8 221.41 224.92 228.34 231.68 235.02 238.46 242.12 245.99 249.73 252.46 254.16 255.47 256.56 257.38 257.5 256.5 255.3 254.45 254.01 253.88 253.92 253.99 253.99 253.89 253.67 253.36 253 252.6 252.17 251.78 251.42 251.07 250.71 250.32 249.88 249.38 248.82 248.17 247.45 246.73 246.04 245.45 244.97 244.62 244.41 244.32 244.32 244.38 244.46 244.49 244.46 244.32 244.06 243.65 243.07 242.3 241.3
-9999 -9999 -9999 -9999 -9999 193.16 -9999 -9999 -9999 200.57 203.42 206.48 209.65 212.88 216.1 219.29 222.43 225.52 228.61 231.8 235.23 239.06 243.16 246.65 248.55 249.87 251.04 252.12 253.09 253.72 253.15 251.53 250.17 249.33 248.88 248.66 248.51 248.3 248.02 247.66 247.25 246.86 246.51 246.22 246 245.84 245.71 245.59 245.45 245.27 245.03 244.72 244.34 243.89 243.4 242.9 242.44 242.06 241.77 241.6 241.54 241.56 241.64 241.75 241.83 241.86 241.81 241.64 241.34 240.87 240.22 239.34
-9999 -9999 -9999 -9999 -9999 -9999 195.47 -9999 199.02 201.22 203.64 206.21 208.87 211.56 214.27 216.96 219.62 222.28 225 227.92 231.2 235 239.05 241.97 243.52 244.72 245.83 246.85 247.79 248.57 248.49 246.69 245.02 243.93 243.3 242.92 242.64 242.34 241.98 241.59 241.21 240.88 240.64 240.5 240.45 240.48 240.56 240.66 240.74 240.79 240.79 240.72 240.58 240.36 240.08 239.76 239.43 239.13 238.89 238.74 238.68 238.7 238.78 238.88 238.99 239.06 239.05 238.95 238.72 238.35 237.78 236.97
-9999 -9999 -9999 -9999 -9999 -9999 -9999 197.96 199.75 201.7 203.76 205.88 208.01 210.14 212.25 214.34 216.44 218.59 220.85 223.37 226.32 229.84 233.68 236.44 237.87 238.99 240.04 241.02 241.93 242.67 242.55 240.73 239.03 237.92 237.25 236.85 236.54 236.23 235.9 235.58 235.3 235.11 235.04 235.09 235.25 235.48 235.76 236.05 236.32 236.55 236.72 236.84 236.89 236.86 236.76 236.59 236.38 236.16 235.97 235.83 235.76 235.76 235.81 235.91 236 236.07 236.09 236.02 235.83 235.5 234.97 234.03
-9999 -9999 -9999 -9999 -9999 -9999 -9999 -9999 200.4 202.17 203.93 205.62 207.2 208.68 210.1 211.5 212.94 214.48 216.2 218.23 220.69 223.72 227.18 230.18 231.73 232.82 233.83 234.78 235.65 236.17 235.49 233.82 232.39 231.45 230.9 230.58 230.34 230.11 229.88 229.69 229.58 229.58 229.72 229.99 230.38 230.84 231.31 231.77 232.18 232.54 232.84 233.08 233.26 233.37 233.41 233.37 233.28 233.14 232.99 232.87 232.78 232.75 232.77 232.82 232.89 232.94 232.94 232.87 232.68 232.32 231.61 230.18
-9999 -9999 -9999 -9999 -9999 -9999 -9999 -9999 201.16 202.89 204.46 205.76 206.74 207.46 208.03 208.59 209.25 210.09 211.21 212.66 214.54 216.92 219.77 222.71 224.85 226.16 227.22 228.12 228.79 228.73 227.63 226.34 225.36 224.75 224.42 224.26 224.15 224.07 224 223.99 224.08 224.3 224.68 225.2 225.83 226.49 227.14 227.75 228.29 228.75 229.12 229.43 229.69 229.9 230.04 230.11 230.11 230.04 229.94 229.83 229.74 229.68 229.65 229.66 229.67 229.67 229.64 229.53 229.28 228.66 227.44 225.85
-9999 -9999 -9999 -9999 -9999 -9999 -9999 -9999 -9999 204.19 205.74 206.71 207.03 206.84 206.35 205.86 205.57 205.6 206.03 206.87 208.13 209.85 211.96 214.31 216.55 218.39 219.7 220.4 220.51 220.11 219.39 218.71 218.24 218.02 217.97 218.01 218.09 218.18 218.3 218.5 218.81 219.27 219.89 220.66 221.49 222.25 222.98 223.71 224.43 225.07 225.53 225.87 226.16 226.42 226.63 226.78 226.85 226.85 226.8 226.71 226.61 226.52 226.46 226.41 226.36 226.31 226.21 226.03 225.58 224.52 223.11 221.51
-9999 -9999 -9999 -9999 -9999 -9999 -9999 -9999 -9999 206.24 207.91 208.6 208.34 207.08 205.31 203.52 202.07 201.16 200.82 201.02 201.7 202.79 204.23 205.91 207.65 209.23 210.46 211.22 211.53 211.53 211.41 211.31 211.32 211.45 211.67 211.93 212.21 212.49 212.82 213.22 213.75 214.44 215.3 216.28 217.16 217.98 218.82 219.66 220.49 221.28 221.94 222.34 222.66 222.94 223.2 223.4 223.53 223.58 223.56 223.5 223.4 223.3 223.2 223.1 223 222.88 222.71 222.42 221.72 220.47 218.99 217.35
-9999 -9999 -9999 -9999 -9999 -9999 -9999 -9999 -9999 208.05 209.39 209.68 209.37 207.52 204.72 201.53 198.77 196.81 195.66 195.23 195.36 195.93 196.83 197.99 199.28 200.56 201.68 202.57 203.2 203.65 204.01 204.36 204.74 205.17 205.63 206.09 206.56 207.04 207.56 208.16 208.89 209.78 210.83 211.95 212.89 213.81 214.74 215.68 216.61 217.49 218.28 218.78 219.13 219.45 219.74 219.98 220.15 220.24 220.26 220.22 220.14 220.03 219.91 219.78 219.62 219.44 219.2 218.85 218.13 216.82 215.23 213.5
-9999 -9999 -9999 -9999 -9999 -9999 -9999 -9999 -9999 -9999 206.25 206.14 205.94 205.28 203.41 199.45 195.46 192.47 190.56 189.54 189.17 189.3 189.81 190.62 191.65 192.78 193.91 194.94 195.82 196.59 197.29 197.94 198.59 199.24 199.9 200.54 201.18 201.83 202.53 203.3 204.2 205.24 206.43 207.67 208.71 209.73 210.76 211.79 212.79 213.75 214.6 215.17 215.57 215.92 216.25 216.53 216.75 216.88 216.94 216.93 216.87 216.77 216.64 216.48 216.29 216.05 215.75 215.36 214.75 213.58 211.93 210.08
-9999 -9999 -9999 -9999 -9999 -9999 -9999 -9999 -9999 -9999 -9999 201.26 200.98 200.62 199.62 196.43 191.79 188.01 185.49 183.98 183.19 182.94 183.18 183.78 184.67 185.78 186.99 188.19 189.28 190.28 191.19 192.05 192.89 193.71 194.52 195.32 196.12 196.93 197.78 198.68 199.69 200.82 202.09 203.43 204.61 205.73 206.84 207.95 209.02 210.03 210.91 211.5 211.96 212.38 212.77 213.11 213.37 213.55 213.65 213.68 213.65 213.57 213.45 213.28 213.06 212.78 212.42 211.97 211.4 210.53 209.05 207.13
-9999 -9999 -9999 -9999 -9999 -9999 -9999 -9999 -9999 -9999 -9999 196.06 195.7 195.3 194.53 192.22 187.45 183.35 180.54 178.71 177.6 177.1 177.13 177.6 178.45 179.57 180.83 182.18 183.45 184.59 185.65 186.65 187.62 188.58 189.55 190.52 191.48 192.45 193.41 194.4 195.45 196.59 197.85 199.2 200.54 201.76 202.96 204.13 205.25 206.29 207.12 207.77 208.34 208.86 209.33 209.73 210.06 210.3 210.45 210.53 210.53 210.48 210.36 210.19 209.96 209.65 209.25 208.75 208.12 207.35 206.27 204.57
-9999 -9999 -9999 -9999 -9999 -9999 -9999 -9999 -9999 -9999 -9999 -9999 190.3 189.88 189.1 186.93 182.53 178.74 176.06 174.04 172.67 171.91 171.95 172.38 173.06 174.15 175.5 176.9 178.26 179.49 180.63 181.72 182.82 183.94 185.1 186.29 187.46 188.59 189.66 190.67 191.66 192.69 193.82 195.06 196.37 197.71 199.01 200.24 201.37 202.38 203.26 204.04 204.75 205.4 205.98 206.47 206.87 207.17 207.38 207.5 207.54 207.51 207.4 207.23 206.98 206.65 206.23 205.69 205.02 204.21 203.25 202
-9999 -9999 -9999 -9999 -9999 -9999 -9999 -9999 -9999 -9999 -9999 -9999 184.88 184.49 183.55 181.08 177.62 174.83 172.64 170.51 168.91 167.98 167.9 168.21 168.77 169.72 171.14 172.52 173.81 175 176.14 177.3 178.54 179.89 181.35 182.87 184.35 185.71 186.86 187.81 188.61 189.37 190.2 191.16 192.28 193.51 194.8 196.07 197.27 198.39 199.43 200.39 201.27 202.07 202.77 203.37 203.86 204.23 204.48 204.64 204.69 204.66 204.54 204.35 204.09 203.74 203.31 202.76 202.07 201.24 200.27 199.16
-9999 -9999 -9999 -9999 -9999 -9999 -9999 -9999 -9999 -9999 -9999 -9999 -9999 178.77 177.53 175.52 173.77 172.43 170.69 168.65 166.89 165.61 165.18 165.26 165.76 166.77 168.16 169.42 170.41 171.33 172.32 173.48 174.88 176.57 178.49 180.53 182.5 184.18 185.43 186.21 186.63 186.87 187.17 187.66 188.43 189.44 190.63 191.91 193.21 194.48 195.71 196.87 197.96 198.94 199.8 200.52 201.09 201.51 201.79 201.94 201.97 201.9 201.73 201.49 201.2 200.85 200.43 199.9 199.24 198.43 197.45 196.35
-9999 -9999 -9999 -9999 -9999 -9999 -9999 -9999 -9999 -9999 -9999 -9999 171.59 171.39 171.19 171.32 171.77 171.69 170.34 168.6 166.89 165.41 164.48 164.27 164.79 165.87 167.21 168.23 168.55 168.84 169.41 170.42 171.96 174.06 176.63 179.42 182.06 184.1 185.41 186.01 185.88 185.34 184.83 184.62 184.87 185.55 186.59 187.86 189.26 190.7 192.15 193.55 194.88 196.09 197.15 198 198.65 199.09 199.35 199.43 199.38 199.2 198.93 198.6 198.26 197.9 197.52 197.06 196.48 195.73 194.8 193.72
-9999 -9999 -9999 -9999 -9999 -9999 -9999 -9999 -9999 -9999 -9999 -9999 163.07 164.49 166.54 168.92 170.67 171.11 170.78 169.88 168.52 167.04 165.97 165.64 166.08 167.12 168.48 169.44 168.9 168.06 167.75 168.28 169.8 172.32 175.61 179.14 182.11 183.98 185.13 185.91 185.64 184.53 183.05 181.94 181.53 181.8 182.65 183.9 185.39 187.03 188.74 190.44 192.08 193.57 194.85 195.85 196.57 197 197.17 197.13 196.91 196.57 196.18 195.79 195.41 195.04 194.67 194.26 193.77 193.12 192.28 191.26
-9999 -9999 -9999 -9999 -9999 -9999 -9999 -9999 -9999 -9999 -9999 -9999 -9999 159.75 163.38 166.14 168.15 169.94 171.23 171.5 170.74 169.3 168.08 167.7 168.18 169.22 170.57 171.74 171.34 169.42 167.64 167.16 168.31 171.04 174.81 177.97 179.55 180.65 181.64 182.6 183.33 183.26 181.31 179.32 178.21 178.06 178.71 179.95 181.57 183.44 185.45 187.5 189.48 191.24 192.72 193.87 194.68 195.12 195.22 195.02 194.62 194.14 193.81 193.55 193.26 192.88 192.36 191.73 191.19 190.64 189.9 188.96
-9999 -9999 -9999 -9999 -9999 -9999 -9999 -9999 -9999 -9999 -9999 -9999 -9999 156.04 158.77 161.24 164.26 167.7 170 171.07 171.42 170.55 169.19 168.83 169.45 170.45 171.48 172.45 172.94 171.84 168.97 166.96 167.19 169.65 173.12 174.71 175.62 176.46 177.34 178.3 179.29 179.91 178.72 176.28 174.63 174.15 174.68 175.95 177.73 179.86 182.2 184.61 186.79 188.52 190.01 191.3 192.34 193.02 193.26 193.05 192.58 192.13 191.85 191.64 191.39 191.01 190.44 189.7 188.91 188.36 187.71 186.82
-9999 -9999 -9999 -9999 -9999 -9999 -9999 -9999 -9999 -9999 -9999 -9999 -9999 150.41 152.59 155.47 159.37 163.29 165.42 166.97 168.35 169.1 168.52 168.75 169.74 170.7 171.25 171.55 171.71 171.63 170.15 167.1 165.94 167.42 169.73 170.64 171.35 172.07 172.85 173.73 174.68 175.44 174.87 172.33 170.48 169.92 170.46 171.83 173.81 176.2 178.87 181.54 183.66 185.49 187.15 188.62 189.86 190.75 191.18 191.1 190.71 190.31 190.05 189.86 189.64 189.26 188.68 187.91 187.02 186.37 185.72 184.87
-9999 -9999 -9999 -9999 -9999 -9999 -9999 -9999 -9999 -9999 -9999 -9999 -9999 -9999 147.36 150.94 154.75 157.82 159.56 161.3 163.18 164.86 165.95 167.31 168.31 169.08 169.69 169.98 169.38 169 168.51 166.36 163.96 164.12 165.58 166.16 166.71 167.29 167.95 168.69 169.5 170.15 169.46 167.15 165.58 165.25 165.99 167.56 169.75 172.39 175.31 178.13 180.38 182.4 184.27 185.95 187.38 188.47 189.09 189.19 188.91 188.56 188.33 188.17 187.96 187.58 187.01 186.22 185.32 184.65 183.97 183.1
-9999 -9999 -9999 -9999 -9999 -9999 -9999 -9999 -9999 -9999 -9999 -9999 -9999 -9999 144.58 148.75 151.25 152.79 153.94 155.27 156.74 158.56 160.95 162.8 164.11 165.13 165.96 166.55 166.41 165.53 165.14 163.99 160.69 159.49 160.37 160.74 161.02 161.43 161.9 162.41 163 163.37 162.31 160.69 159.89 160.13 161.27 163.13 165.54 168.38 171.5 174.54 177.03 179.29 181.37 183.26 184.9 186.2 187.02 187.3 187.15 186.87 186.67 186.53 186.33 185.97 185.4 184.62 183.81 183.18 182.43 181.49
-9999 -9999 -9999 -9999 -9999 -9999 -9999 -9999 -9999 -9999 -9999 -9999 -9999 -9999 -9999 142.69 144.54 146.21 147.69 148.6 148.28 149.93 153.31 156.09 158.21 159.83 161.09 162.05 162.39 161.37 160.88 159.81 155.92 153.4 153.04 153.29 153.2 153.19 153.31 153.52 153.81 153.92 153.37 153.08 153.49 154.61 156.33 158.55 161.2 164.18 167.44 170.74 173.6 176.12 178.44 180.55 182.4 183.9 184.92 185.38 185.41 185.24 185.1 184.99 184.8 184.46 183.92 183.24 182.62 181.91 181.02 179.97
-9999 -9999 -9999 -9999 -9999 -9999 -9999 -9999 -9999 -9999 -9999 -9999 -9999 -9999 -9999 134.4 135.64 136.96 138.33 139.16 138.28 139.26 142.63 146.55 149.96 152.65 154.75 156.28 156.81 156.21 155.89 154.59 150.06 146.44 144.51 143.42 142.51 141.82 141.39 141.18 141.24 141.71 142.84 144.49 146.49 148.76 151.23 153.9 156.78 159.88 163.19 166.61 169.91 172.79 175.38 177.73 179.78 181.45 182.6 183.26 183.61 183.77 183.79 183.72 183.54 183.26 182.84 182.28 -9999 -9999 -9999 -9999
-9999 -9999 -9999 -9999 -9999 -9999 -9999 -9999 -9999 -9999 -9999 -9999 -9999 -9999 -9999 125.21 125.56 125.93 126.39 126.69 126.42 127.05 130.03 134.44 138.78 142.58 145.82 148.43 149.66 150.1 150.14 148.54 143.77 139.49 136.05 133.12 130.86 129.07 127.8 127.21 127.31 128.31 131.2 135.11 139.03 142.68 146.05 149.23 152.37 155.58 158.9 162.32 165.73 168.95 171.91 174.51 176.72 178.51 179.9 180.95 181.72 182.26 182.59 182.72 182.66 -9999 -9999 -9999 -9999 -9999 -9999 -9999
-9999 -9999 -9999 -9999 -9999 -9999 -9999 -9999 -9999 -9999 -9999 -9999 -9999 -9999 -9999 115.95 115.34 114.75 114.27 114.03 114.39 115.86 118.97 122.94 126.95 130.82 134.78 139.01 141.94 143.5 143.84 142.16 138.08 133.73 129.39 125.35 121.44 117.71 114.94 114.02 114.93 116.86 119.92 125.41 131.36 136.54 140.89 144.64 148.06 151.37 154.7 158.1 161.5 164.83 167.95 170.77 173.25 175.36 177.13 178.58 179.74 180.62 181.23 -9999 -9999 -9999 -9999 -9999 -9999 -9999 -9999 -9999
-9999 -9999 -9999 -9999 -9999 -9999 -9999 -9999 -9999 -9999 -9999 -9999 -9999 -9999 -9999 109.17 107.82 106.53 105.44 104.92 106.08 108.71 111.12 114.07 117.32 120.91 125.58 131.01 134.78 136.91 137.73 136.84 134.13 130.47 126.28 121.24 114.92 108.42 103.78 102.45 104.4 108.3 112.4 117.11 124.07 130.65 135.96 140.25 143.93 147.33 150.67 154.04 157.45 160.83 164.07 -9999 -9999 -9999 -9999 -9999 -9999 -9999 -9999 -9999 -9999 -9999 -9999 -9999 -9999 -9999 -9999 -9999
-9999 -9999 -9999 -9999 -9999 -9999 -9999 -9999 -9999 -9999 -9999 -9999 -9999 -9999 -9999 108 106.24 104.49 102.89 102.02 103.55 106.14 107.03 108.39 111.04 115.12 120.35 125.09 128.5 130.93 132.59 133.11 132.27 130.34 127.1 121.28 112.6 104.93 100.53 98.49 98.57 102.39 108.14 112.69 118.34 125.48 131.51 136.21 140.07 143.52 146.85 150.2 153.61 -9999 -9999 -9999 -9999 -9999 -9999 -9999 -9999 -9999 -9999 -9999 -9999 -9999 -9999 -9999 -9999 -9999 -9999 -9999
-9999 -9999 -9999 -9999 -9999 -9999 -9999 -9999 -9999 -9999 -9999 -9999 -9999 -9999 -9999 110.57 109.16 107.51 105.68 104.12 104.26 105.56 106.46 107.73 110.06 113.41 117.13 120.45 123.33 126.13 128.89 131.19 132.8 133.65 132.33 126.77 117.23 108.44 102.8 99.89 98.93 100.74 106.66 111.12 114.85 121.54 127.79 132.65 136.56 -9999 -9999 -9999 -9999 -9999 -9999 -9999 -9999 -9999 -9999 -9999 -9999 -9999 -9999 -9999 -9999 -9999 -9999 -9999 -9999 -9999 -9999 -9999
