raw_data/evaporacion/evapdec.txt
ncols         178
nrows         142
xllcorner     111.875
yllcorner     -44.625
cellsize      0.25
NODATA_value  -9999
[rows 64 to 95 of 142, columns 0 to 71 of 178]
-9999 -9999 -9999 -9999 -9999 -9999 -9999 -9999 308.24 313.62 321.03 333.15 346.15 358.42 369.85 380.58 390.77 400.47 409.66 418.29 426.34 433.79 440.64 446.83 452.27 456.86 460.51 463.25 465.23 466.69 467.9 469.05 470.24 471.49 472.7 473.78 474.63 475.15 475.29 474.59 471.39 467.21 463.46 460.22 457.33 454.67 452.14 449.73 447.42 445.28 443.37 441.81 440.68 440.04 439.43 437.49 435.17 433.05 431.21 429.62 428.25 427.04 425.86 424.57 423.28 421.98 420.65 419.27 417.81 416.17 414.26 412.25
-9999 -9999 -9999 -9999 291.55 -9999 -9999 -9999 305.55 311.89 321.51 333.47 345.65 357.39 368.61 379.4 389.79 399.78 409.31 418.35 426.93 435.09 442.85 450.12 456.67 462.18 466.38 469.18 470.76 471.48 471.79 472.06 472.47 473.03 473.62 474.09 474.28 474.08 473.45 472.24 469.75 465.87 462.25 459.11 456.41 454 451.78 449.68 447.67 445.79 444.09 442.64 441.48 440.5 438.98 436.83 434.72 432.84 431.2 429.78 428.55 427.48 426.49 425.39 424.25 423.08 421.88 420.6 419.21 417.6 415.81 413.9
-9999 -9999 -9999 -9999 293.72 -9999 296.11 -9999 -9999 314.19 324.06 334.88 345.94 356.92 367.72 378.35 388.75 398.87 408.64 418.05 427.21 436.2 445.06 453.57 461.13 467.19 471.67 474.46 475.73 475.74 474.87 473.95 473.34 473.07 472.99 472.84 472.41 471.57 470.28 468.57 466.44 463.9 461.25 458.46 456 453.87 451.91 450.06 448.26 446.52 444.88 443.33 441.64 439.75 437.73 435.71 433.82 432.13 430.64 429.34 428.22 427.24 426.36 425.48 424.51 423.47 422.38 421.2 419.83 418.3 416.64 414.87
-9999 -9999 -9999 -9999 -9999 -9999 -9999 -9999 -9999 318.24 327 336.53 346.48 356.65 366.92 377.22 387.44 397.48 407.3 416.96 426.6 436.41 446.36 455.78 462.93 467.75 471.6 474.78 477.22 478.08 476.5 474.33 472.62 471.48 470.71 469.98 469.01 467.66 465.88 463.75 461.41 459.03 456.69 454.47 452.47 450.7 449.07 447.54 446.03 444.51 442.96 441.34 439.62 437.79 435.95 434.16 432.48 430.94 429.56 428.35 427.3 426.38 425.55 424.75 423.92 423.03 422.03 420.91 419.65 418.27 416.75 415.11
-9999 -9999 -9999 -9999 -9999 301.98 -9999 -9999 -9999 321.68 329.4 337.86 346.87 356.26 365.93 375.75 385.59 395.34 405.01 414.69 424.63 435.03 445.68 454.79 460.43 464.65 468.32 471.58 474.41 476.34 475.69 472.75 470.07 468.17 466.81 465.61 464.24 462.52 460.44 458.08 455.61 453.2 450.96 448.98 447.25 445.75 444.42 443.2 442.02 440.83 439.58 438.25 436.83 435.32 433.76 432.2 430.68 429.26 427.97 426.83 425.82 424.94 424.13 423.37 422.61 421.79 420.89 419.88 418.76 417.5 416.12 414.59
-9999 -9999 -9999 -9999 -9999 -9999 308.24 -9999 317.88 324.02 330.96 338.6 346.81 355.47 364.48 373.69 382.98 392.25 401.54 411.01 420.91 431.51 442.28 450.44 455.53 459.65 463.3 466.54 469.39 471.68 472.06 468.77 465.51 463.15 461.42 459.92 458.3 456.39 454.18 451.78 449.36 447.07 445.01 443.25 441.76 440.52 439.46 438.52 437.63 436.75 435.82 434.81 433.69 432.46 431.15 429.79 428.43 427.11 425.89 424.78 423.8 422.93 422.14 421.39 420.66 419.9 419.08 418.16 417.14 415.99 414.7 413.21
-9999 -9999 -9999 -9999 -9999 -9999 -9999 314.61 319.61 325.28 331.62 338.57 346.07 354.03 362.34 370.86 379.47 388.12 396.85 405.83 415.35 425.64 436.17 444.18 449.17 453.24 456.86 460.09 462.94 465.22 465.55 462.25 458.96 456.54 454.73 453.14 451.46 449.54 447.37 445.08 442.82 440.75 438.94 437.43 436.19 435.2 434.38 433.69 433.07 432.45 431.79 431.05 430.19 429.21 428.11 426.93 425.7 424.47 423.3 422.21 421.23 420.35 419.55 418.81 418.1 417.36 416.58 415.72 414.76 413.67 412.39 410.47
-9999 -9999 -9999 -9999 -9999 -9999 -9999 -9999 320.31 325.52 331.3 337.62 344.46 351.72 359.32 367.12 375.02 382.97 391.02 399.34 408.16 417.69 427.67 436.29 441.61 445.67 449.27 452.49 455.31 457.19 456.43 453.44 450.67 448.61 447.01 445.56 443.99 442.2 440.2 438.14 436.14 434.34 432.8 431.54 430.54 429.77 429.17 428.7 428.3 427.92 427.49 426.98 426.34 425.56 424.64 423.6 422.48 421.33 420.19 419.1 418.1 417.19 416.36 415.6 414.87 414.14 413.36 412.52 411.57 410.42 408.67 405.47
-9999 -9999 -9999 -9999 -9999 -9999 -9999 -9999 319.98 324.67 329.85 335.55 341.75 348.37 355.3 362.43 369.67 376.96 384.34 391.94 399.94 408.46 417.41 426.04 432.57 437.05 440.72 443.81 446.18 446.88 445.26 443.03 441.15 439.73 438.57 437.43 436.12 434.58 432.87 431.1 429.42 427.92 426.65 425.62 424.83 424.26 423.86 423.57 423.36 423.16 422.94 422.62 422.16 421.54 420.76 419.83 418.79 417.68 416.55 415.45 414.41 413.45 412.57 411.75 410.98 410.21 409.41 408.54 407.48 405.77 402.86 399.28
-9999 -9999 -9999 -9999 -9999 -9999 -9999 -9999 -9999 322.56 327.1 332.18 337.78 343.85 350.25 356.85 363.57 370.35 377.21 384.23 391.51 399.06 406.8 414.38 421.12 426.53 430.49 432.94 434 433.86 432.91 431.86 431 430.34 429.73 429.01 428.05 426.85 425.49 424.08 422.73 421.53 420.52 419.71 419.13 418.78 418.59 418.47 418.36 418.24 418.15 417.99 417.67 417.17 416.49 415.63 414.64 413.55 412.41 411.28 410.18 409.16 408.2 407.31 406.46 405.62 404.76 403.8 402.37 399.74 396.48 392.97
-9999 -9999 -9999 -9999 -9999 -9999 -9999 -9999 -9999 319.11 322.99 327.47 332.53 338.17 344.22 350.51 356.94 363.47 370.11 376.88 383.77 390.7 397.47 403.81 409.39 413.91 417.19 419.24 420.27 420.63 420.69 420.69 420.74 420.8 420.76 420.49 419.95 419.15 418.17 417.14 416.13 415.23 414.46 413.86 413.54 413.41 413.38 413.38 413.37 413.31 413.22 413.14 412.92 412.5 411.87 411.06 410.09 409 407.84 406.67 405.53 404.43 403.39 402.41 401.47 400.53 399.57 398.44 396.57 393.66 390.37 386.9
-9999 -9999 -9999 -9999 -9999 -9999 -9999 -9999 -9999 314.63 318.04 322.03 326.48 331.67 337.43 343.63 350.06 356.68 363.49 370.48 377.53 384.36 390.65 396.05 400.37 403.54 405.68 407.06 407.95 408.63 409.29 410 410.73 411.38 411.84 412.03 411.92 411.55 410.98 410.33 409.66 409.04 408.5 408.12 408.01 408.04 408.13 408.22 408.28 408.28 408.2 408.13 407.96 407.58 406.98 406.18 405.21 404.12 402.96 401.76 400.57 399.41 398.3 397.24 396.2 395.16 394.09 392.87 391.02 388.11 384.78 381.26
-9999 -9999 -9999 -9999 -9999 -9999 -9999 -9999 -9999 -9999 313.54 317.13 321.02 325.35 330.43 336.56 343.24 350.28 357.71 365.45 373.21 380.46 386.45 391.18 394.58 396.56 397.32 397.55 397.74 398.19 398.96 399.99 401.14 402.22 403.12 403.75 404.08 404.14 403.98 403.7 403.35 403 402.67 402.46 402.49 402.63 402.8 402.96 403.07 403.1 403.04 402.98 402.82 402.45 401.87 401.07 400.12 399.04 397.88 396.68 395.48 394.3 393.15 392.02 390.9 389.77 388.59 387.31 385.7 383.14 379.81 376.19
-9999 -9999 -9999 -9999 -9999 -9999 -9999 -9999 -9999 -9999 -9999 311.95 315.45 319.3 323.86 329.73 336.76 344.49 352.87 361.68 370.13 377.29 382 385.95 389.42 391.5 391.44 390.28 389.34 389.1 389.6 390.65 392.01 393.43 394.72 395.79 396.57 397.07 397.31 397.37 397.3 397.16 397 396.89 396.96 397.15 397.37 397.57 397.71 397.76 397.74 397.71 397.55 397.17 396.59 395.82 394.89 393.85 392.74 391.59 390.42 389.26 388.1 386.95 385.79 384.59 383.31 381.93 380.38 378.39 375.41 371.76
-9999 -9999 -9999 -9999 -9999 -9999 -9999 -9999 -9999 -9999 -9999 306.37 309.58 313.2 317.6 323.44 330.91 339.41 348.79 358.15 365.21 369.97 373.74 377.37 381.02 384.32 385.97 384.19 382.04 380.92 380.95 381.89 383.38 385.1 386.83 388.39 389.69 390.66 391.29 391.63 391.73 391.68 391.58 391.48 391.48 391.63 391.84 392.05 392.21 392.3 392.35 392.33 392.15 391.78 391.22 390.49 389.63 388.68 387.65 386.58 385.49 384.39 383.27 382.14 380.96 379.72 378.37 376.9 375.27 373.42 371.1 367.84
-9999 -9999 -9999 -9999 -9999 -9999 -9999 -9999 -9999 -9999 -9999 -9999 303.55 307.14 311.73 317.99 325.96 335.17 345.08 353.2 358.17 361.72 365.18 368.64 372.11 375.71 378.59 377.9 375.05 373.16 372.78 373.63 375.32 377.47 379.79 382.03 384 385.54 386.56 387.06 387.13 386.92 386.62 386.34 386.17 386.16 386.26 386.43 386.62 386.78 386.86 386.83 386.65 386.3 385.79 385.16 384.41 383.58 382.68 381.74 380.76 379.75 378.7 377.6 376.43 375.17 373.79 372.26 370.54 368.61 366.45 363.84
-9999 -9999 -9999 -9999 -9999 -9999 -9999 -9999 -9999 -9999 -9999 -9999 297.65 301.53 306.77 313.81 322.36 332.12 341.77 347.71 351.36 354.35 357.51 360.73 364 367.46 370.72 371.08 367.92 365.56 364.98 365.93 368.02 370.87 374.12 377.42 380.4 382.71 384.12 384.58 384.26 383.46 382.5 381.66 381.08 380.78 380.72 380.82 380.98 381.13 381.22 381.2 381.05 380.77 380.37 379.86 379.27 378.6 377.88 377.09 376.24 375.32 374.34 373.29 372.14 370.89 369.5 367.93 366.16 364.16 361.92 359.46
-9999 -9999 -9999 -9999 -9999 -9999 -9999 -9999 -9999 -9999 -9999 -9999 -9999 297.09 303.44 311.41 320.76 330.7 338.61 343.03 345.84 348.24 350.94 353.86 357 360.44 363.7 364.24 360.9 358.36 357.78 359.02 361.79 365.73 370.44 375.37 379.86 383.26 385.09 385.26 384.03 381.96 379.69 377.7 376.26 375.42 375.05 375.01 375.12 375.27 375.38 375.42 375.36 375.2 374.96 374.64 374.24 373.77 373.23 372.61 371.89 371.06 370.14 369.12 367.99 366.76 365.38 363.82 362.04 360.01 357.71 355.19
-9999 -9999 -9999 -9999 -9999 -9999 -9999 -9999 -9999 -9999 -9999 -9999 288.53 294.29 301.85 311.11 321.36 330.58 336.31 339.72 342.03 343.96 346.09 348.67 351.76 355.21 358.42 358.87 355.27 352.46 351.78 353.31 356.94 362.38 369.11 376.33 382.88 387.46 389.63 389.46 386.89 382.8 378.42 374.6 371.8 370.06 369.2 368.93 368.98 369.16 369.36 369.51 369.6 369.63 369.59 369.49 369.32 369.08 368.74 368.28 367.67 366.91 366.02 365.01 363.9 362.69 361.35 359.84 358.1 356.08 353.76 351.2
-9999 -9999 -9999 -9999 -9999 -9999 -9999 -9999 -9999 -9999 -9999 -9999 285.53 292.46 301.54 312.02 321.88 329.23 334.42 337.93 340.08 341.58 343.25 345.55 348.51 351.92 355.32 356.61 353 349.29 347.85 349.24 353.58 360.66 369.75 379.24 386.87 391.11 393.03 393.57 390.81 385.29 378.34 372.12 367.52 364.62 363.11 362.56 362.56 362.82 363.16 363.49 363.79 364.05 364.26 364.42 364.51 364.51 364.38 364.07 363.56 362.85 362 361.03 359.95 358.77 357.46 355.98 354.29 352.32 350.02 347.44
-9999 -9999 -9999 -9999 -9999 -9999 -9999 -9999 -9999 -9999 -9999 -9999 -9999 290.7 300.59 310.07 318.49 326.27 332.83 337.32 339.7 340.56 341.42 343.31 346.17 349.54 353.07 355.73 354.47 350.14 346.84 347.07 351.44 359.78 370.59 379.29 383.15 385.34 386.96 388.21 388.49 386.12 378.04 369.44 362.95 358.83 356.67 355.86 355.86 356.24 356.79 357.36 357.93 358.48 358.98 359.44 359.82 360.08 360.16 360.01 359.61 359 358.38 357.64 356.71 355.55 354.11 352.42 350.65 348.72 346.47 343.89
-9999 -9999 -9999 -9999 -9999 -9999 -9999 -9999 -9999 -9999 -9999 -9999 -9999 286.98 294.77 302.67 311.67 321.41 328.97 334.17 337.99 339.27 339.26 340.67 343.48 346.74 349.9 352.81 354.61 353.23 348.68 346.54 349.72 358.17 368.67 373.2 375.3 376.94 378.43 379.82 381.01 380.84 375.07 365.31 357.34 352.31 349.69 348.76 348.85 349.44 350.26 351.15 352.05 352.97 353.84 354.64 355.33 355.85 356.14 356.17 355.98 355.64 355.2 354.59 353.75 352.61 351.14 349.34 347.31 345.34 343.11 340.53
-9999 -9999 -9999 -9999 -9999 -9999 -9999 -9999 -9999 -9999 -9999 -9999 -9999 278.5 284.65 292.28 302.13 312.42 319.43 325.3 330.74 334.68 335.48 337.31 340.39 343.51 346.06 348.22 350.15 351.49 350.27 346.5 347.24 353.95 361.81 364.77 366.5 367.96 369.33 370.66 371.9 372.33 368.47 358.48 349.97 344.66 342 341.2 341.52 342.43 343.59 344.85 346.18 347.49 348.74 349.9 350.93 351.76 352.34 352.62 352.64 352.49 352.18 351.68 350.9 349.8 348.33 346.48 344.34 342.24 339.97 337.36
-9999 -9999 -9999 -9999 -9999 -9999 -9999 -9999 -9999 -9999 -9999 -9999 -9999 -9999 274.25 281.77 291.09 300.3 307.34 314.01 320.53 325.95 329.22 332.6 335.78 338.68 341.2 343.2 344.2 345.46 346.39 344.51 342.76 346.76 352.93 355.38 356.88 358.16 359.34 360.49 361.58 361.86 357.71 348.29 340.45 335.7 333.52 333.15 333.88 335.2 336.78 338.48 340.25 341.98 343.64 345.17 346.56 347.73 348.61 349.16 349.4 349.41 349.24 348.84 348.13 347.06 345.59 343.72 341.55 339.39 337.04 334.36
-9999 -9999 -9999 -9999 -9999 -9999 -9999 -9999 -9999 -9999 -9999 -9999 -9999 -9999 265.77 272.88 280.01 287.21 294.3 301.48 308.23 314.19 319.81 324.43 328.28 331.5 334.19 336.41 337.72 338.25 339.37 339.24 335.31 336.28 341.56 344.08 345.3 346.32 347.24 348.07 348.82 348.44 342.88 334.97 328.96 325.56 324.35 324.68 325.98 327.79 329.84 332 334.23 336.41 338.48 340.42 342.18 343.69 344.89 345.72 346.19 346.38 346.35 346.04 345.4 344.37 342.91 341.04 338.92 336.76 334.29 331.5
-9999 -9999 -9999 -9999 -9999 -9999 -9999 -9999 -9999 -9999 -9999 -9999 -9999 -9999 -9999 262.26 267.55 273.52 280.29 287.25 292.67 299.69 307.82 314.22 319.19 323.06 326.12 328.61 330.25 330.33 331 330.46 324.72 322.47 325.18 328.54 329.62 330.12 330.58 331 331.24 329.85 324.63 319.44 316.05 314.57 314.68 315.92 317.87 320.23 322.78 325.42 328.09 330.73 333.25 335.61 337.75 339.62 341.15 342.29 343.03 343.43 343.53 343.32 342.74 341.76 340.33 338.55 336.57 334.3 331.67 328.74
-9999 -9999 -9999 -9999 -9999 -9999 -9999 -9999 -9999 -9999 -9999 -9999 -9999 -9999 -9999 251.45 255.28 259.78 265.22 271.29 276.57 284.13 293.41 301.57 308.04 312.98 316.78 319.66 321.18 321.32 321.55 319.73 311.83 306.78 306.19 307.64 308.11 308 307.88 307.84 307.68 306.48 304.28 302.77 302.41 303.14 304.76 307 309.65 312.57 315.62 318.73 321.85 324.94 327.91 330.7 333.25 335.5 337.43 338.97 340.08 340.75 341.01 340.86 340.32 339.41 338.11 336.42 -9999 -9999 -9999 -9999
-9999 -9999 -9999 -9999 -9999 -9999 -9999 -9999 -9999 -9999 -9999 -9999 -9999 -9999 -9999 240.66 243.03 245.9 249.59 254.34 260.23 268.1 277.5 286.59 294.24 300.34 305.17 308.74 310.36 310.99 310.63 306.97 297.54 290.64 287.09 285.4 284.14 283.17 282.49 282.14 282.1 282.31 283.43 285.69 288.5 291.56 294.76 298.04 301.4 304.85 308.37 311.95 315.53 319.06 322.47 325.7 328.68 331.36 333.69 335.61 337.08 338.08 338.6 338.65 338.24 -9999 -9999 -9999 -9999 -9999 -9999 -9999
-9999 -9999 -9999 -9999 -9999 -9999 -9999 -9999 -9999 -9999 -9999 -9999 -9999 -9999 -9999 229.94 230.94 232.36 234.54 238.17 244.44 253.28 262.9 271.89 279.59 285.97 291.36 295.77 298.43 299.4 297.92 292.27 282.97 275.44 270.18 266.82 264.35 262.31 260.85 260.33 260.74 261.79 263.92 268.77 274.6 280.02 284.83 289.15 293.19 297.13 301.08 305.07 309.08 313.06 316.92 320.59 324.01 327.1 329.82 332.1 333.91 335.22 336.01 -9999 -9999 -9999 -9999 -9999 -9999 -9999 -9999 -9999
-9999 -9999 -9999 -9999 -9999 -9999 -9999 -9999 -9999 -9999 -9999 -9999 -9999 -9999 -9999 221.3 221.28 221.69 222.91 225.84 232.44 242.07 251.08 259.26 266.39 272.51 278.16 283.17 286.13 286.63 284 277.79 269.79 263.13 258.43 254.75 251.09 247.57 245.07 244.26 245.13 247.1 249.55 253.6 261.08 268.68 275.07 280.42 285.11 289.49 293.79 298.12 302.51 306.89 311.18 -9999 -9999 -9999 -9999 -9999 -9999 -9999 -9999 -9999 -9999 -9999 -9999 -9999 -9999 -9999 -9999 -9999
-9999 -9999 -9999 -9999 -9999 -9999 -9999 -9999 -9999 -9999 -9999 -9999 -9999 -9999 -9999 217.8 217.29 217.14 217.76 220.25 226.84 235.61 242.76 249.26 255.51 261.54 267.18 271.46 273.66 273.42 270.39 265.13 259.6 255.4 252.19 248.48 243.49 238.98 236.23 234.85 234.69 236.54 239.61 242.84 248.93 257.83 265.69 271.99 277.26 282 286.57 291.16 295.84 -9999 -9999 -9999 -9999 -9999 -9999 -9999 -9999 -9999 -9999 -9999 -9999 -9999 -9999 -9999 -9999 -9999 -9999 -9999
-9999 -9999 -9999 -9999 -9999 -9999 -9999 -9999 -9999 -9999 -9999 -9999 -9999 -9999 -9999 217.74 217.7 217.83 218.62 221.22 226.9 233.42 238.84 243.7 248.59 253.44 257.68 260.63 261.96 261.46 259.17 255.95 253.37 252.06 250.64 247.14 241.07 235.3 231.41 229.21 228.25 228.94 232.17 235.08 238.91 248 256.92 264.01 269.75 -9999 -9999 -9999 -9999 -9999 -9999 -9999 -9999 -9999 -9999 -9999 -9999 -9999 -9999 -9999 -9999 -9999 -9999 -9999 -9999 -9999 -9999 -9999
