raw_data/evaporacion/evapdec.txt
ncols         178
nrows         142
xllcorner     111.875
yllcorner     -44.625
cellsize      0.25
NODATA_value  -9999
[rows 64 to 95 of 142, columns 72 to 143 of 178]
410.12 407.86 405.43 402.83 400.12 397.4 394.78 392.39 390.34 388.69 387.45 386.61 386.14 385.99 386.1 386.42 386.95 387.69 388.72 390.15 392.07 394.59 397.75 401.55 405.85 410.42 414.96 419.16 422.75 425.52 427.34 428.1 427.73 426.28 423.99 421.73 420.46 419.26 417.88 416.36 415.09 414.69 414.21 412.98 410.86 407.96 404.45 400.49 396.23 391.74 387.07 382.28 377.39 372.46 367.5 362.39 356.76 350.36 343.01 334.47 324.81 315.14 306 296.91 288.72 282.06 276.2 271.77 268.34 265.05 262.59 261.84
411.88 409.7 407.34 404.79 402.07 399.2 396.43 393.93 391.79 390.05 388.69 387.7 387.09 386.83 386.88 387.24 387.89 388.86 390.23 392.07 394.48 397.53 401.27 405.64 410.45 415.44 420.29 424.66 428.31 431.06 432.75 433.27 432.52 430.55 428.02 426.73 425.86 424.76 423.31 421.56 419.67 418.39 418.04 417.06 415 411.98 408.22 403.94 399.31 394.43 389.39 384.19 378.86 373.4 367.81 362.07 356.15 350.05 343.75 337.22 330.46 323.64 316.76 309.71 302.69 296.05 289.7 283.62 277.49 271.42 266.3 263.31
412.96 410.88 408.58 405.97 402.98 399.54 396.41 393.83 391.84 390.36 389.13 388.15 387.55 387.33 387.45 387.92 388.73 389.95 391.66 393.92 396.84 400.46 404.8 409.73 415.03 420.38 425.43 429.89 433.54 436.22 437.81 438.15 437.15 434.95 432.71 431.92 431.18 430.1 428.65 426.83 424.71 422.75 422.18 421.2 419.04 415.79 411.71 407.06 402.06 396.8 391.39 385.83 380.14 374.31 368.34 362.28 356.26 350.48 345.15 340.45 336.27 332.26 328.14 323.85 319.03 312.91 305.32 296.14 286.07 275.78 266.38 260.01
413.31 411.3 408.83 405.52 401.56 397.76 394.49 391.83 389.76 388.26 387.22 386.61 386.4 386.55 387.03 387.77 388.81 390.31 392.36 395.05 398.44 402.64 407.67 413.33 419.36 425.07 430.23 434.67 438.25 440.84 442.35 442.65 441.63 439.45 437.32 436.64 435.98 434.99 433.61 431.87 429.81 427.78 426.95 425.67 423.15 419.49 414.97 409.89 404.45 398.8 393 387.09 381.06 374.91 368.68 362.43 356.36 350.78 346.03 342.47 340.18 338.77 337.8 336.81 334.09 328.05 319.55 307.25 292.29 276.27 260.89 251.21
412.85 410.57 407.17 402.93 398.71 394.92 391.65 388.93 386.77 385.16 384.06 383.43 383.23 383.42 383.97 384.88 386.16 387.9 390.19 393.14 396.89 401.59 407.41 414.46 422.42 429.24 434.49 438.81 442.24 444.74 446.23 446.62 445.83 443.9 441.61 440.85 440.32 439.54 438.43 437.01 435.35 433.68 432.69 430.79 427.56 423.21 418.07 412.44 406.5 400.38 394.15 387.85 381.48 375.07 368.63 362.23 356.15 350.69 346.14 343.11 341.94 342.45 344.17 345.67 342.44 335.93 327.17 314.56 295.7 274.17 254.22 247.28
411.12 407.76 403.49 399.12 395.02 391.33 388.1 385.37 383.16 381.46 380.27 379.55 379.28 379.44 380.01 381.01 382.45 384.41 386.96 390.22 394.34 399.48 405.83 413.59 422.8 432.12 438.01 442.14 445.35 447.73 449.23 449.82 449.44 448.15 446.31 445.05 444.64 444.35 443.9 443.28 442.52 441.54 439.94 436.96 432.6 427.2 421.15 414.75 408.2 401.54 394.79 387.98 381.28 374.68 368.13 361.69 355.72 350.32 345.77 342.77 342.04 343.46 346.5 349.2 346.23 339.7 330.56 317.25 296.92 273.5 253.07 247.66
407.17 403.05 398.73 394.55 390.63 387.05 383.87 381.15 378.91 377.17 375.91 375.14 374.84 375 375.62 376.73 378.34 380.53 383.36 386.96 391.47 397.03 403.85 412.09 421.94 432.67 440.38 444.54 447.46 449.66 451.18 452 452.13 451.66 450.83 450.1 449.97 450.62 451.44 452.16 452.56 451.74 449.13 444.65 438.67 431.73 424.36 416.92 409.55 402.23 394.9 387.53 380.39 373.69 367.16 360.76 354.83 349.42 344.83 341.72 340.93 342.38 345.31 347.91 346.67 340.68 331.01 316.42 297.21 275.88 256.36 249.66
401.58 397.48 393.38 389.4 385.63 382.16 379.04 376.34 374.09 372.31 371.02 370.24 369.94 370.16 370.88 372.14 373.97 376.43 379.59 383.56 388.47 394.47 401.73 410.44 420.76 432.31 441.78 445.91 448.45 450.44 451.93 452.96 453.59 453.98 454.4 455.2 456.72 459.08 461.75 463.7 464.73 463.78 460.34 454.15 446.04 437 427.83 418.97 410.53 402.4 394.39 386.41 378.82 372.09 365.66 359.36 353.39 347.94 343.27 340.04 338.87 339.89 342.19 343.85 342.7 337.27 327.34 313.41 297.17 280.48 265.25 256.07
395.47 391.56 387.65 383.82 380.17 376.78 373.72 371.03 368.78 367 365.72 364.97 364.74 365.07 365.96 367.45 369.57 372.37 375.92 380.33 385.69 392.16 399.88 409.02 419.76 431.85 442.27 446.16 448.29 450.02 451.42 452.59 453.66 454.86 456.54 459.11 462.86 467.63 472.17 474.26 474.76 473.92 471.15 464.29 454.32 442.82 431.41 420.81 411.09 402.01 393.24 384.63 376.73 369.96 363.56 357.36 351.44 345.98 341.22 337.64 335.9 336.34 337.96 338.79 336.99 331.56 322.35 310.17 296.71 283.95 273.44 266.41
389.29 385.52 381.73 378.01 374.44 371.1 368.07 365.41 363.18 361.43 360.21 359.54 359.46 359.98 361.14 362.96 365.47 368.72 372.77 377.69 383.59 390.58 398.79 408.38 419.5 431.78 441.8 445.17 446.89 448.34 449.62 450.86 452.25 454.14 456.98 461.27 467.29 474.34 479.1 480.02 479.38 477.73 474.96 470.2 461.44 448.25 434.55 422.1 411.04 401.01 391.5 382.31 374.3 367.44 360.98 354.78 348.91 343.45 338.55 334.55 332.09 331.53 331.46 330.56 327.94 322.92 315.33 305.72 295.13 285.12 277.27 271.71
383.28 379.56 375.83 372.15 368.62 365.31 362.3 359.67 357.5 355.83 354.73 354.25 354.41 355.25 356.79 359.07 362.11 365.94 370.61 376.18 382.73 390.33 399.1 409.16 420.63 432.58 440.24 442.76 444.14 445.33 446.47 447.71 449.32 451.71 455.46 461.15 469.1 477.71 480.84 480.65 479.33 477.17 474.18 470.22 463.89 451.48 436.27 422.29 410.15 399.36 389.28 379.7 371.65 364.7 358.22 352.08 346.18 340.58 335.53 331.1 327.8 325.87 324.01 321.49 317.9 312.95 306.59 299.22 291.57 284.5 278.21 272.86
377.62 373.88 370.14 366.46 362.92 359.63 356.65 354.08 352.01 350.5 349.61 349.41 349.94 351.23 353.31 356.21 359.94 364.52 369.98 376.36 383.69 392.03 401.44 412 423.45 433.43 437.18 438.7 439.84 440.86 441.88 443.08 444.78 447.44 451.7 458.2 467.29 476.73 478.49 477.74 476.22 474 471.03 467.26 461.84 451.2 435.53 420.77 408.11 397 386.73 377.01 368.86 361.88 355.45 349.35 343.45 337.77 332.52 327.72 323.83 320.99 317.97 314.4 310.2 305.32 299.83 293.97 288.2 282.94 278.04 272.83
372.45 368.64 364.83 361.11 357.55 354.26 351.34 348.88 346.97 345.7 345.14 345.36 346.4 348.3 351.08 354.77 359.38 364.91 371.36 378.73 387.01 396.23 406.24 416.29 425.41 429.69 431.54 432.81 433.85 434.77 435.7 436.84 438.5 441.17 445.46 452.03 461.18 470.8 473.13 472.51 471.09 469.02 466.25 462.71 457.52 447.01 431.63 417.16 404.77 393.91 383.91 374.38 365.99 359 352.6 346.55 340.69 335.01 329.63 324.57 320.51 316.92 313.02 308.76 304.24 299.55 294.76 290 285.44 281.32 277.51 273.01
367.88 363.94 360.03 356.24 352.66 349.4 346.58 344.28 342.63 341.7 341.59 342.36 344.06 346.74 350.41 355.1 360.8 367.48 375.12 383.62 392.58 401.77 410.73 416.33 420.05 422.27 423.87 425.14 426.16 427.02 427.87 428.91 430.41 432.83 436.71 442.62 450.83 460.02 464.95 465.39 464.28 462.49 460.03 456.68 450.87 438.95 424.6 411.48 400.13 390.09 380.8 371.82 363.32 356.17 349.77 343.75 337.96 332.32 326.8 321.65 317.21 312.65 307.82 302.93 298.25 293.89 289.87 286.13 282.65 279.46 276.56 273.49
363.94 359.86 355.82 351.96 348.38 345.18 342.5 340.46 339.15 338.68 339.14 340.61 343.14 346.78 351.53 357.42 364.36 372.05 380.19 388.71 396.01 401.08 405.38 408.61 411.13 413.19 414.84 416.12 417.09 417.86 418.55 419.36 420.57 422.52 425.66 430.44 437.03 444.99 452.16 455.14 455.15 453.89 451.56 447.55 439.22 427.35 415.2 404.17 394.41 385.61 377.34 369.28 361.36 353.91 347.26 341.26 335.46 329.7 324.17 318.73 313.06 307.02 300.93 295.26 290.44 286.62 283.67 281.27 279.11 277.05 275.13 273.49
360.4 356.36 352.24 348.32 344.76 341.68 339.22 337.5 336.64 336.75 337.93 340.24 343.76 348.5 354.29 360.82 368.1 374.89 379.98 384.71 389.02 392.66 395.94 398.91 401.53 403.74 405.49 406.76 407.58 408.05 408.35 408.69 409.34 410.61 412.81 416.24 421 426.85 432.93 437.64 440.14 439.99 436.95 431.24 423.1 413.76 404.49 395.85 387.93 380.55 373.44 366.43 359.45 352.62 346.11 339.98 334.07 328.11 321.83 314.94 307.28 299.16 291.25 284.47 279.49 276.45 275.09 274.64 274.36 273.87 273.2 272.82
356.64 353.18 349.22 345.31 341.82 338.93 336.76 335.46 335.15 335.95 337.97 341.19 345.35 350.54 355.98 360.2 364.36 368.47 372.23 375.89 379.49 383.02 386.46 389.77 392.85 395.51 397.56 398.86 399.36 399.19 398.61 397.96 397.59 397.82 398.88 400.93 404 407.84 411.96 415.58 417.84 418.07 416 411.87 406.29 399.96 393.47 387.13 381.01 375.04 369.1 363.11 357.08 351.05 345.07 339.13 333.02 326.39 318.81 309.95 299.87 289.41 279.86 272.18 267.13 264.62 264.69 266.3 268.46 270.04 270.92 271.76
352.49 349.59 346.38 342.8 339.52 336.88 335.09 334.3 334.61 335.96 338.46 341.85 344.62 347.48 350.57 353.57 356.68 359.94 363.3 366.77 370.39 374.23 378.33 382.63 386.91 390.74 393.62 395.14 395.11 393.71 391.42 388.87 386.67 385.24 384.82 385.45 387.04 389.34 391.96 394.41 396.15 396.73 395.97 393.91 390.83 387.06 382.9 378.51 373.97 369.26 364.39 359.34 354.15 348.84 343.41 337.72 331.46 324.16 315.3 304.51 292.3 281.43 273.22 266.55 261.64 258.53 257.29 258.4 262.39 266.16 268.66 270.61
348.45 345.62 342.82 340.08 337.42 335.19 333.79 333.42 334.01 334.85 336.02 337.63 339.34 341.31 343.56 346.06 348.78 351.69 354.83 358.3 362.29 367.03 372.66 379.09 385.87 392.14 396.82 398.97 398.17 394.69 389.43 383.59 378.26 374.19 371.67 370.66 370.91 372.07 373.78 375.66 377.34 378.53 379.02 378.73 377.67 375.9 373.51 370.61 367.26 363.53 359.51 355.24 350.78 346.12 341.21 335.83 329.61 321.98 312.35 300.38 287.78 278.62 270.43 264.37 259.78 256.09 254.9 255.31 258.41 263.45 267.19 269.82
344.65 341.79 339.01 336.46 334.23 332.44 331.21 330.57 330.45 330.68 331.23 332.13 333.37 334.92 336.75 338.85 341.21 343.85 346.92 350.68 355.55 362 370.35 380.49 391.56 402.01 409.82 413.24 411.41 404.78 394.94 383.99 373.87 365.84 360.37 357.31 356.2 356.49 357.74 359.57 361.7 363.85 365.75 367.16 367.83 367.61 366.46 364.45 361.73 358.51 354.94 351.17 347.22 343.11 338.71 333.8 327.97 320.66 311.23 299.74 289.09 280.4 272.43 267.33 263.01 258.98 256.77 257.24 258.62 263.61 267.63 270.25
341.08 338.19 335.38 332.81 330.6 328.82 327.51 326.62 326.14 326.01 326.22 326.74 327.57 328.7 330.13 331.85 333.9 336.39 339.57 343.95 350.24 359.26 371.58 387.01 404.11 419.55 429.65 433.76 431.18 422.29 408.12 390.58 374.01 360.71 351.42 345.85 343.27 342.87 344.05 346.38 349.55 353.26 357.08 360.48 362.94 364.02 363.57 361.71 358.81 355.28 351.5 347.67 343.88 340.1 336.18 331.91 326.93 320.78 312.91 303.48 295.24 287.25 279.37 274.22 269.87 265.93 263.94 264.36 264.97 268.26 271.26 273.1
337.71 334.79 331.95 329.34 327.07 325.21 323.75 322.67 321.92 321.48 321.31 321.42 321.8 322.49 323.51 324.89 326.71 329.16 332.65 337.91 346.01 358.15 375.18 396.68 418.93 433.86 437.61 437.86 436.39 432.57 422.1 400.91 377.46 358.18 344.58 336.27 332.23 331.37 332.9 336.35 341.38 347.57 354.23 360.41 365.08 367.43 367.15 364.55 360.34 355.35 350.3 345.59 341.34 337.48 333.88 330.33 326.61 322.43 317.44 311.54 305.75 299.35 292.27 286.32 281.7 278.12 276.84 276.48 276.51 277.98 279.24 279.76
334.5 331.55 328.68 326.03 323.71 321.74 320.13 318.83 317.8 316.99 316.4 316.02 315.89 316.08 316.66 317.75 319.46 322.04 326 332.26 342.18 357.3 378.73 404.62 424.18 430.07 430.67 429.9 428.49 426.19 421.3 407.47 380.98 356.43 338.91 328.17 322.94 321.95 324.35 329.65 337.52 347.38 358.17 368.18 375.17 378.37 377.92 374.24 367.92 360.17 352.57 345.87 340.3 335.76 332.08 329.12 326.8 325.07 323.81 322.34 318.85 314.7 310.19 305.47 300.84 296.66 293.56 291.55 290.94 291.65 291.56 290.85
331.44 328.44 325.53 322.84 320.45 318.37 316.59 315.05 313.69 312.48 311.37 310.4 309.64 309.23 309.36 310.24 312.04 315.01 319.62 326.83 338.11 355.2 379.21 405.55 417.28 420.21 420.35 419.3 417.59 415.13 411.23 402.82 379.92 353.19 333.15 320.88 315.06 314.4 318.14 325.94 337.53 352.11 367.46 379.94 386.39 388.15 387.54 384.78 378.21 368.55 358.72 349.23 341.39 335.38 331.02 328.22 327.05 327.66 330.12 332.97 331.63 329.96 328.19 325.24 320.92 315.53 310.05 306.08 304.26 304.02 303.76 302.41
328.5 325.44 322.48 319.74 317.26 315.06 313.09 311.3 309.59 307.9 306.2 304.51 302.97 301.93 301.64 302.43 304.58 308.23 313.7 321.82 333.79 351.18 374.22 395.8 404.86 408.42 409.06 407.9 405.55 401.91 396.32 388.01 371.45 346.66 326.44 313.94 308.24 308.3 313.62 324.16 339.79 358.72 373.92 380.9 384.32 385.29 384.01 380.72 375.92 370.53 364.33 354.14 344.53 336.54 330.82 327.51 326.8 329.02 334.29 340.41 341.08 341.5 340.43 337.35 333.64 329.24 322.64 316.84 313.43 311.63 310.02 307.32
325.63 322.5 319.49 316.68 314.12 -9999 309.63 307.56 305.49 303.31 300.95 298.44 296.18 294.88 294.49 295.32 297.66 301.87 308.12 317.01 328.89 344.53 363.33 378.66 388.18 393.51 395.39 394.17 390.55 384.49 375.9 365.35 352.13 334.74 318.08 307.21 302.28 303.11 309.77 322.57 341.3 361.13 370.73 376.1 378.44 378.72 377.33 373.19 367.21 361.83 357.51 352.93 346.84 338.52 331.18 326.68 325.57 328.24 334.88 343.06 345.12 346.6 345.54 342.59 339.27 335.38 328.87 322.23 317.9 315.45 313.55 310.34
-9999 -9999 -9999 -9999 -9999 -9999 -9999 303.87 301.46 298.82 295.85 292.71 290.28 288.45 287.89 288.82 291.16 295.95 302.64 310.78 320.5 332 344.87 357.07 367.16 373.96 376.71 375.16 369.64 360.83 349.8 337.83 326 314.89 305.66 299.56 296.33 297.93 305.44 319.29 338.16 354.06 362.78 368.39 369.97 369.67 367.82 363.31 356.07 349.64 345.6 343.53 342.09 338.49 331.2 325.28 323.03 325.01 331.42 340.14 343.08 344.67 344.78 342.61 339.59 335.59 328.81 322.58 318.55 316.51 314.67 309.68
-9999 -9999 -9999 -9999 -9999 -9999 -9999 -9999 -9999 294.62 -9999 -9999 285.22 283.32 283.37 284.61 287.04 291.7 299.15 307.23 315 322.15 329.04 336.31 343.85 350.04 352.63 350.23 343.22 333.43 323.02 313.4 305.01 297.86 292.21 288.59 287.53 290.42 298.56 311.76 328.08 341.42 351.07 357.82 359.94 359.44 356.64 350.8 343.03 336.83 333.25 331.9 332.89 333.37 329.35 322.81 319.12 319.73 324.75 332.39 335.81 336.79 337.23 336.38 333.68 329.36 324.16 319.67 316.63 314.87 312.07 306.15
-9999 -9999 -9999 -9999 -9999 -9999 -9999 -9999 -9999 -9999 -9999 -9999 -9999 -9999 -9999 281.35 284.36 290.02 298.93 308.13 315.01 318.93 320.44 320.94 322.64 325.26 326.11 322.96 316.38 309.03 303.09 298.45 293.86 288.91 284.03 280.35 278.95 280.7 286.46 296.8 310.44 323.61 334.25 342.1 346.52 346.78 343.49 337.08 330.53 326.33 324.05 323.04 324 326.46 325.64 318.93 314.07 313.3 316.68 322.56 325.13 325.32 325.16 324.52 322.97 320.65 318.14 315.93 314.07 312.13 308.32 301.7
-9999 -9999 -9999 -9999 -9999 -9999 -9999 -9999 -9999 -9999 -9999 -9999 -9999 -9999 -9999 -9999 -9999 290.32 300.66 309.91 314.01 315.4 315 310.83 306.2 304.03 302.45 299.25 295.04 292.24 291.49 289.73 285.66 281.31 277.2 273.61 271.55 272.26 275.81 282.52 292.28 303.34 313.48 321.51 326.91 329.07 327.77 323.59 319.47 317.37 316.41 316.13 317.54 320.51 320.6 313.87 308.39 306.76 308.86 312.51 312.98 312.51 312.24 312.28 312.46 312.7 313.13 313.56 312.82 310.14 304.54 296.92
-9999 -9999 -9999 -9999 -9999 -9999 -9999 -9999 -9999 -9999 -9999 -9999 -9999 -9999 -9999 -9999 -9999 289.79 299.32 304.51 305.33 304.54 303.04 299.68 292.33 287.16 284.19 281.76 280.23 280.84 281.45 278.62 274.83 271.27 268.17 265.68 264.29 265.03 267.76 272.07 278.18 285.72 293.61 300.87 306.88 311.08 312.98 312.48 310.8 310.2 310.46 311.32 314 316.41 315.77 308.64 302.89 300.9 301.71 301.89 300.54 299.16 298.93 300.39 303.09 306.33 309.6 311.98 310.55 306.36 299.93 291.56
-9999 -9999 -9999 -9999 -9999 -9999 -9999 -9999 -9999 -9999 -9999 -9999 -9999 -9999 -9999 -9999 -9999 285.18 291.57 293.13 291.62 289.16 286.32 282.78 277.04 272.43 269.98 268.9 269.15 270.72 270.53 -9999 -9999 262.39 260.49 259.27 258.79 259.41 261.77 264.89 268.75 273.45 278.85 284.82 291.07 296.91 301.53 304.49 306.05 307.23 308.67 310.54 312.66 313.81 312.15 304.63 298.59 296.04 294.57 291.8 288.22 285.66 285.73 289.22 294.81 300.82 305.2 306.74 305.02 300.71 294.12 284.95
