raw_data/evaporacion/evapjan.txt
ncols         178
nrows         142
xllcorner     111.875
yllcorner     -44.625
cellsize      0.25
NODATA_value  -9999
[rows 64 to 95 of 142, columns 72 to 143 of 178]
434.17 431.7 429.16 426.54 423.88 421.25 418.73 416.43 414.41 412.73 411.41 410.45 409.83 409.46 409.26 409.14 409.02 408.93 408.95 409.2 409.83 410.92 412.55 414.69 417.25 420.06 422.88 425.5 427.71 429.33 430.23 430.3 429.47 427.73 425.28 422.82 421.15 419.47 417.56 415.44 413.41 411.96 410.28 407.73 404.16 399.6 394.17 388.35 383.14 378.06 373.03 368.05 363.18 358.54 354.17 349.94 345.44 339.98 333.12 324.64 314.69 304.79 295.72 286.89 279.11 272.96 267.7 264.01 261.53 259.53 258.83 260.28
437.58 435.16 432.64 430.03 427.31 424.45 421.72 419.28 417.19 415.47 414.02 412.85 411.98 411.4 411.05 410.9 410.92 411.12 411.58 412.38 413.61 415.35 417.62 420.4 423.55 426.86 430.1 433.01 435.4 437.1 437.97 437.9 436.77 434.59 431.93 430.26 428.88 427.23 425.21 422.82 420.21 417.95 416.3 413.88 410.26 405.48 399.73 393.57 387.98 382.52 377.12 371.78 366.55 361.54 356.76 352.09 347.34 342.17 336.31 329.69 322.48 315.2 308.13 301.16 294.43 288.24 282.5 277.23 272.19 267.59 264.36 263.6
440.21 437.86 435.37 432.59 429.4 425.6 422.22 419.64 417.83 416.63 415.5 414.41 413.6 413.1 412.85 412.83 413.02 413.52 414.38 415.67 417.45 419.81 422.73 426.12 429.82 433.58 437.14 440.26 442.76 444.5 445.34 445.17 443.85 441.5 439.07 437.8 436.51 434.86 432.79 430.3 427.45 424.57 422.66 420.18 416.42 411.42 405.39 398.81 392.67 386.79 381.03 375.41 369.97 364.81 359.84 354.95 350.06 345.08 340.07 335.14 330.36 325.7 321.15 316.72 312.04 306.3 299.32 291.01 282.05 273.08 265.14 260.51
442 439.69 436.88 433 428.24 423.74 420.02 417.16 415.11 413.79 412.98 412.59 412.55 412.78 413.18 413.62 414.1 414.91 416.15 417.9 420.2 423.2 426.92 431.2 435.81 440.06 443.84 447.07 449.6 451.35 452.19 452.02 450.71 448.39 446.06 444.88 443.65 442.05 440.03 437.59 434.77 431.82 429.66 426.87 422.78 417.45 411.13 404.2 397.29 390.89 384.79 378.94 373.35 368.03 362.87 357.76 352.65 347.66 343.04 339.13 336.13 333.91 332.29 330.94 328.21 322.48 314.55 303.1 289.11 273.83 258.92 250.35
442.85 440.11 435.89 430.56 425.3 420.67 416.81 413.72 411.39 409.76 408.75 408.26 408.18 408.42 408.91 409.58 410.45 411.62 413.2 415.32 418.15 421.92 426.83 433.07 440.26 445.99 450.03 453.25 455.74 457.47 458.35 458.28 457.19 455.11 452.67 451.44 450.34 448.93 447.16 445.04 442.6 439.99 437.64 434.27 429.53 423.62 416.86 409.59 402.14 394.94 388.37 382.24 376.45 370.91 365.47 360.06 354.69 349.55 344.99 341.51 339.52 339.07 339.97 340.94 337.61 331.36 323.09 311.19 293.01 271.48 251.14 245.96
442.1 437.8 432.29 426.67 421.5 416.91 412.99 409.77 407.25 405.39 404.12 403.4 403.12 403.23 403.69 404.46 405.57 407.07 409.05 411.67 415.1 419.58 425.35 432.64 441.54 450.48 455.46 458.63 461.01 462.67 463.6 463.74 463.03 461.52 459.51 457.94 457.03 456.13 455.02 453.7 452.15 450.15 447.22 442.81 436.99 430.11 422.59 414.75 406.88 399.19 391.91 385.16 379 373.13 367.35 361.61 356 350.68 346.04 342.63 341.01 341.39 343.48 345.52 342.36 335.98 327.29 314.59 294.76 270.99 250.03 246.61
438.45 433.04 427.42 422.02 417.03 412.54 408.63 405.34 402.69 400.67 399.23 398.34 397.95 398.01 398.49 399.39 400.72 402.55 404.96 408.1 412.14 417.27 423.74 431.78 441.6 452.37 459.66 463.05 465.22 466.79 467.76 468.12 467.88 467.12 466.07 465.12 464.68 464.82 465.05 465.1 464.74 462.85 458.94 453.05 445.61 437.2 428.4 419.62 411.06 402.82 394.94 387.5 380.69 374.39 368.28 362.28 356.47 351.01 346.24 342.71 341.03 341.44 343.38 345.24 343.65 337.71 328.43 314.48 295.82 274.31 254.18 248.92
432.67 427.29 421.96 416.83 412.02 407.65 403.78 400.47 397.75 395.62 394.09 393.11 392.68 392.75 393.33 394.41 396.03 398.22 401.1 404.77 409.4 415.17 422.3 431 441.5 453.34 462.83 466.37 468.26 469.68 470.65 471.22 471.46 471.51 471.66 472.24 473.55 475.65 477.94 479.29 479.59 477.65 472.98 465.35 455.68 445.08 434.42 424.19 414.59 405.55 396.97 388.8 381.28 374.57 368.17 361.97 356.02 350.47 345.56 341.82 339.87 339.94 341.26 342.13 340.53 335.04 325.42 312.09 296.53 280.15 264.8 256.08
426.31 421.23 416.17 411.27 406.63 402.37 398.55 395.25 392.5 390.33 388.76 387.78 387.38 387.56 388.32 389.67 391.64 394.28 397.67 401.92 407.16 413.58 421.34 430.66 441.74 454.3 465 468.44 470.02 471.24 472.17 472.89 473.56 474.42 475.83 478.22 481.87 486.57 490.91 492.44 492.2 490.5 486.7 478.44 466.8 453.56 440.49 428.41 417.44 407.4 397.97 389.01 380.9 373.81 367.13 360.72 354.66 349.03 344 339.99 337.63 337.24 337.93 337.94 335.61 330.01 320.96 309.23 296.38 284.16 273.94 267.24
419.97 415.11 410.27 405.54 401.03 396.86 393.09 389.81 387.08 384.93 383.39 382.49 382.23 382.62 383.67 385.4 387.83 391.01 395.01 399.91 405.84 412.92 421.33 431.24 442.83 455.69 466.06 469.1 470.36 471.36 472.21 473.04 474.06 475.63 478.25 482.45 488.53 495.68 500.25 500.54 499.1 496.58 492.86 486.96 476.69 461.61 446.04 431.94 419.52 408.41 398.12 388.41 379.89 372.45 365.44 358.8 352.61 346.89 341.74 337.4 334.45 333.17 332.21 330.53 327.37 322.06 314.4 304.89 294.53 284.77 277.06 271.45
413.91 409.19 404.46 399.84 395.42 391.3 387.58 384.35 381.67 379.59 378.18 377.46 377.45 378.18 379.66 381.9 384.94 388.8 393.53 399.21 405.91 413.75 422.84 433.34 445.39 457.97 465.85 468.09 469.09 469.92 470.68 471.56 472.83 474.96 478.56 484.27 492.44 501.3 504.08 503.19 501.06 498.01 494.06 489.05 481.47 467.25 450.02 434.22 420.57 408.6 397.62 387.35 378.56 370.82 363.63 356.93 350.55 344.54 339.19 334.45 330.69 328.01 325.35 322.16 318.07 312.75 306.11 298.45 290.45 282.92 276.21 270.22
408.32 403.64 398.96 394.37 389.98 385.9 382.23 379.06 376.49 374.57 373.38 372.95 373.33 374.55 376.61 379.54 383.36 388.07 393.71 400.32 407.94 416.63 426.49 437.6 449.68 460.18 463.87 465.14 466 466.72 467.42 468.31 469.72 472.17 476.35 482.97 492.39 502.18 503.49 502.02 499.7 496.59 492.67 487.88 481.29 469 451.25 434.57 420.31 407.92 396.64 386.1 377.07 369.16 361.93 355.15 348.64 342.43 336.79 331.59 327.16 323.55 319.8 315.62 310.93 305.62 299.68 293.26 286.69 280.35 274.26 267.91
403.37 398.64 393.92 389.3 384.91 380.85 377.24 374.18 371.77 370.1 369.24 369.25 370.17 372.04 374.87 378.68 383.47 389.24 395.99 403.72 412.42 422.13 432.68 443.3 452.9 457.27 458.98 460.08 460.9 461.58 462.26 463.13 464.56 467.05 471.31 478.03 487.55 497.56 499.53 498.24 496.04 493.12 489.44 484.9 478.56 466.41 448.94 432.55 418.53 406.34 395.25 384.81 375.51 367.53 360.21 353.36 346.79 340.48 334.6 329 324.23 319.85 315.25 310.38 305.34 300.16 294.84 289.37 283.82 278.29 272.73 266.74
399.13 394.28 389.46 384.77 380.34 376.3 372.78 369.88 367.72 366.4 366 366.59 368.22 370.93 374.73 379.63 385.61 392.66 400.73 409.72 419.21 428.94 438.42 444.27 448.1 450.28 451.8 452.94 453.79 454.47 455.11 455.92 457.22 459.49 463.34 469.38 477.91 487.49 492.34 492.24 490.42 487.83 484.5 480.19 473.16 459.45 443.11 428.15 415.22 403.85 393.42 383.46 374.05 365.92 358.54 351.62 345.05 338.69 332.49 326.59 321.3 315.92 310.35 304.83 299.58 294.69 290.09 285.63 281.15 276.56 271.84 266.9
395.62 390.61 385.64 380.86 376.39 372.39 368.99 366.32 364.5 363.64 363.84 365.17 367.68 371.41 376.38 382.59 389.94 398.12 406.78 415.85 423.61 428.96 433.47 436.81 439.38 441.43 443.03 444.22 445.06 445.65 446.16 446.78 447.79 449.59 452.68 457.51 464.3 472.56 479.93 482.66 482.1 480.11 476.94 471.91 462.13 448.47 434.52 421.83 410.59 400.49 391.07 381.98 373.11 364.74 357.14 350.2 343.51 336.89 330.46 324.09 317.48 310.56 303.66 297.28 291.84 287.47 283.95 280.89 277.86 274.6 271.12 267.63
392.52 387.59 382.48 377.6 373.11 369.18 365.97 363.6 362.22 361.94 362.87 365.09 368.65 373.58 379.68 386.62 394.39 401.66 407.14 412.21 416.81 420.66 424.11 427.2 429.88 432.1 433.82 435 435.7 436 436.11 436.24 436.68 437.77 439.86 443.26 448.08 454.06 460.26 464.92 467.13 466.39 462.46 455.58 446.02 435.14 424.33 414.25 404.99 396.37 388.12 380.04 372.07 364.26 356.8 349.71 342.83 335.88 328.59 320.66 311.97 302.86 294.04 286.47 280.82 277.21 275.34 274.34 273.37 271.96 270.07 268.17
388.95 384.81 379.89 374.96 370.49 366.69 363.72 361.75 360.91 361.34 363.13 366.31 370.57 376.01 381.79 386.36 390.88 395.36 399.44 403.4 407.26 411.01 414.65 418.1 421.27 423.98 426.02 427.24 427.59 427.21 426.39 425.47 424.85 424.84 425.71 427.63 430.62 434.43 438.5 441.99 443.96 443.66 440.82 435.7 428.96 421.38 413.63 406.05 398.74 391.62 384.57 377.51 370.44 363.4 356.43 349.48 342.35 334.67 325.99 316.01 304.79 293.22 282.66 274.12 268.35 265.26 264.87 266.03 267.7 268.61 268.59 268.25
384.72 381.31 377.35 372.76 368.46 364.87 362.23 360.74 360.51 361.49 363.8 367.17 370.03 373.08 376.45 379.76 383.2 386.78 390.46 394.23 398.12 402.22 406.55 411.06 415.51 419.46 422.38 423.82 423.6 421.92 419.27 416.34 413.76 411.98 411.27 411.67 413.07 415.21 417.67 419.89 421.3 421.42 420.02 417.19 413.2 408.45 403.25 397.81 392.2 386.43 380.5 374.4 368.17 361.84 355.38 348.66 341.34 332.95 322.93 310.93 297.47 285.47 276.3 268.79 263.14 259.38 257.57 258.21 261.84 265.14 266.98 268.01
380.54 377.19 373.72 370.14 366.52 363.31 361.04 359.95 359.98 360.43 361.39 362.95 364.75 366.89 369.39 372.18 375.22 378.46 381.91 385.7 390 395.04 401 407.78 414.88 421.41 426.23 428.34 427.29 423.39 417.58 411.14 405.24 400.65 397.7 396.35 396.31 397.23 398.7 400.31 401.68 402.47 402.47 401.58 399.82 397.27 394.02 390.2 385.88 381.17 376.14 370.85 365.37 359.69 353.76 347.35 340.06 331.32 320.48 307.25 293.38 283.17 274.02 267.11 261.76 257.37 255.58 255.47 258.15 262.85 266.07 267.96
376.63 373.16 369.67 366.31 363.17 360.45 358.36 356.99 356.31 356.17 356.52 357.37 358.67 360.37 362.44 364.81 367.48 370.46 373.86 377.98 383.23 390.11 398.96 409.66 421.33 432.29 440.42 443.87 441.73 434.47 423.78 411.91 400.91 392.12 386.03 382.49 381 380.99 381.97 383.55 385.42 387.28 388.84 389.82 389.97 389.12 387.23 384.38 380.75 376.56 372.01 367.24 362.3 357.19 351.8 345.88 339 330.59 319.97 307.22 295.39 285.68 276.75 270.82 265.72 260.95 258.08 257.99 258.85 263.5 267.07 269.06
372.94 369.34 365.76 362.35 359.23 356.56 354.42 352.85 351.83 351.35 351.34 351.78 352.62 353.85 355.46 357.44 359.81 362.66 366.24 371.07 377.87 387.52 400.6 416.94 435 451.25 461.8 465.98 463.02 453.35 438.06 419.19 401.33 386.94 376.79 370.58 367.54 366.81 367.73 369.88 372.91 376.49 380.16 383.35 385.46 386.03 384.9 382.2 378.35 373.82 369.01 364.17 359.4 354.64 349.76 344.52 338.56 331.36 322.37 311.77 302.47 293.48 284.65 278.65 273.51 268.8 266.13 265.95 265.97 268.82 271.36 272.6
369.4 365.7 362.04 358.56 355.39 352.65 350.41 348.67 347.41 346.58 346.13 346.05 346.33 347 348.11 349.71 351.88 354.8 358.83 364.72 373.55 386.58 404.71 427.51 451.03 466.74 470.54 470.61 468.82 464.51 453.13 430.36 405.2 384.45 369.74 360.64 356.06 354.85 356.2 359.6 364.69 371.02 377.83 384.07 388.61 390.55 389.59 386.03 380.7 374.54 368.33 362.51 357.24 352.43 347.91 343.45 338.82 333.71 327.73 320.8 314.07 306.75 298.75 291.93 286.49 282.14 280.17 279.14 278.5 279.39 280.1 280.02
365.97 362.17 358.45 354.92 351.7 348.89 346.52 344.57 343 341.72 340.7 339.91 339.44 339.39 339.92 341.19 343.34 346.58 351.35 358.53 369.49 385.83 408.72 436.22 456.89 462.99 463.44 462.4 460.65 457.93 452.44 437.45 409.04 382.71 363.85 352.19 346.39 345.11 347.44 352.9 361.13 371.52 382.88 393.35 400.44 403.29 402.05 397.23 389.5 380.25 371.22 363.25 356.56 351.05 346.49 342.7 339.57 337.04 334.97 332.67 328.37 323.41 318.08 312.54 307.1 302.1 298.21 295.42 294.05 294.03 293.28 291.95
362.6 358.74 354.96 351.39 348.12 345.22 342.7 340.49 338.52 336.66 334.85 333.12 331.62 330.61 330.45 331.47 333.89 337.86 343.73 352.32 365.07 383.74 409.5 437.52 449.86 452.78 452.69 451.31 449.21 446.3 441.8 432.5 407.87 379.25 357.75 344.53 338.16 337.31 341.17 349.41 361.77 377.37 393.79 407.01 413.52 414.76 413.25 409.27 401.08 389.59 378.03 367.02 357.94 350.94 345.74 342.19 340.32 340.28 342.12 344.35 342.32 339.97 337.52 333.83 328.71 322.45 316.05 311.18 308.48 307.38 306.33 304.3
359.25 355.36 351.55 347.94 344.62 341.63 338.92 336.41 333.94 331.35 328.56 325.6 322.78 320.8 320.03 321 324.02 329.12 336.41 346.49 360.43 379.75 404.66 427.63 437.05 440.53 440.9 439.32 436.48 432.25 425.89 416.62 398.65 372.1 350.49 337.13 331 331.02 336.69 347.98 364.82 385.25 401.58 408.87 412.13 412.49 410.16 405.42 398.94 391.84 383.99 372.17 361.22 352.23 345.72 341.76 340.49 342.19 347.01 352.68 352.79 352.65 350.96 347.16 342.68 337.45 329.89 323.07 318.64 315.8 313.15 309.57
355.93 352.01 348.18 344.55 341.18 -9999 335.18 332.33 329.33 325.94 322.04 317.68 313.79 311.89 311.43 312.71 316.07 321.89 330.15 341.33 355.59 373.39 393.92 410.16 419.9 425.08 426.59 424.81 420.5 413.58 403.95 392.24 377.78 359.07 341.35 329.86 324.71 325.69 332.9 346.73 367 388.46 398.74 404.38 406.43 405.99 403.52 397.74 389.75 382.5 376.59 370.63 363.38 354.15 346.13 341.1 339.54 341.8 348.1 355.97 357.58 358.6 356.96 353.33 349.3 344.63 337.17 329.46 323.96 320.19 316.89 312.55
-9999 -9999 -9999 -9999 -9999 -9999 -9999 328.34 324.85 320.73 315.78 310.47 306.88 304.57 304.08 305.65 309.12 315.9 325.06 335.71 347.77 361.23 375.46 388.31 398.45 404.91 407.05 404.67 398.12 388.13 375.8 362.58 349.66 337.72 327.98 321.67 318.49 320.43 328.62 343.6 364.01 381.16 390.51 396.41 397.52 396.39 393.38 387.18 377.68 369.18 363.56 360.37 358.1 353.85 346.07 339.76 337.15 338.78 344.89 353.34 355.91 357.12 356.77 354.04 350.39 345.68 338 330.73 325.43 321.81 318.33 312.44
-9999 -9999 -9999 -9999 -9999 -9999 -9999 -9999 -9999 316.1 -9999 -9999 301.5 299.24 299.73 301.85 305.57 312.21 322.51 333.29 343.26 352.02 359.87 367.5 374.84 380.38 381.95 378.27 369.84 358.56 346.69 335.81 326.57 319.09 313.52 310.16 309.44 312.78 321.64 335.84 353.32 367.56 377.86 385 386.71 385.32 381.17 373.37 363.25 355.05 350 347.67 348.19 348.36 344.05 337.24 333.25 333.51 338.15 345.46 348.56 349.24 349.37 348.14 344.98 340.07 334.16 328.78 324.53 321.15 316.8 310.03
-9999 -9999 -9999 -9999 -9999 -9999 -9999 -9999 -9999 -9999 -9999 -9999 -9999 -9999 -9999 299.42 304.02 311.92 323.82 335.71 344.56 349.73 351.83 352.32 353.49 355.09 354.44 349.53 341.14 332 324.28 318.23 313.02 308.29 304.19 301.39 300.64 302.79 308.93 319.83 334.19 348.04 359.26 367.51 371.86 371.32 366.55 358.06 349.42 343.62 340.16 338.25 338.76 341.17 340.18 333.28 328.09 326.87 329.7 335.07 337.34 337.35 337.02 336.23 334.49 331.89 328.99 326.17 323.33 319.95 314.63 307.05
-9999 -9999 -9999 -9999 -9999 -9999 -9999 -9999 -9999 -9999 -9999 -9999 -9999 -9999 -9999 -9999 -9999 314.35 327.59 339.21 344.85 347.11 347.04 342.56 337.04 333.47 330 324.67 318.35 313.36 310.42 307.5 303.67 300.08 297.01 294.57 293.4 294.33 297.78 304.43 314.3 325.62 336.08 344.35 349.73 351.34 348.88 343.01 337.27 333.98 332.11 331.12 332.2 335.21 335.13 328.17 322.23 319.9 321.17 324.11 324.33 323.77 323.53 323.73 324.14 324.55 324.96 325.1 323.68 319.9 312.96 304.2
-9999 -9999 -9999 -9999 -9999 -9999 -9999 -9999 -9999 -9999 -9999 -9999 -9999 -9999 -9999 -9999 -9999 316.28 328.3 335.29 337.15 336.87 335.51 331.78 323.21 316.31 311.21 306.49 302.72 300.96 299.83 297.03 293.98 291.38 289.28 287.76 287.04 287.61 289.53 293.1 298.73 306.03 313.87 321.19 327.18 331.13 332.38 330.83 327.93 326.42 326.01 326.39 329.04 331.42 330.49 322.95 316.5 313.49 313.16 312.64 310.91 309.34 309.27 311.38 315.01 319.08 322.74 324.99 322.96 317.89 310.38 300.86
-9999 -9999 -9999 -9999 -9999 -9999 -9999 -9999 -9999 -9999 -9999 -9999 -9999 -9999 -9999 -9999 -9999 313.81 322.3 325.16 324.26 322.02 319.09 315.06 307.9 301.24 296.55 293.28 291.48 291.07 290.01 -9999 -9999 284.11 283.03 282.45 282.31 282.63 283.5 285.23 288.18 292.3 297.41 303.3 309.57 315.39 319.79 322.28 323.19 323.75 324.75 326.38 328.39 329.33 327.2 319.05 312 308.09 305.4 301.8 297.45 294.48 294.92 299.75 307.2 314.85 319.87 321.11 318.72 313.61 306.07 295.76
