raw_data/evaporacion/evapmay.txt
ncols         178
nrows         142
xllcorner     111.875
yllcorner     -44.625
cellsize      0.25
NODATA_value  -9999
[rows 33 to 65 of 142, columns 0 to 72 of 178]
-9999 -9999 -9999 -9999 -9999 -9999 -9999 -9999 -9999 -9999 -9999 -9999 -9999 -9999 -9999 -9999 -9999 -9999 -9999 -9999 -9999 -9999 -9999 -9999 -9999 -9999 -9999 -9999 -9999 -9999 -9999 -9999 -9999 -9999 -9999 -9999 -9999 -9999 -9999 -9999 -9999 207.69 207.47 207.32 207.47 208.25 209.13 209.9 210.62 211.39 212.24 213.14 213.99 214.68 215.13 215.36 215.45 215.54 215.73 216.04 216.31 216.12 215.27 214.21 213.03 211.48 209.33 207.02 204.89 203.09 201.63 200.51 199.77
-9999 -9999 -9999 -9999 -9999 -9999 -9999 -9999 -9999 -9999 -9999 -9999 -9999 -9999 -9999 -9999 -9999 -9999 -9999 -9999 -9999 -9999 -9999 -9999 -9999 -9999 -9999 -9999 -9999 -9999 -9999 -9999 -9999 -9999 -9999 -9999 -9999 -9999 -9999 -9999 -9999 208.53 208.32 208.13 208.1 208.75 209.7 210.55 211.29 212.03 212.82 213.63 214.38 214.97 215.33 215.51 215.61 215.79 216.18 216.7 216.77 215.96 214.82 213.65 212.45 211.1 209.16 206.48 203.91 201.78 200.1 198.87 198.08
-9999 -9999 -9999 -9999 -9999 -9999 -9999 -9999 -9999 -9999 -9999 -9999 -9999 -9999 -9999 -9999 -9999 -9999 -9999 -9999 -9999 -9999 -9999 -9999 -9999 -9999 -9999 -9999 -9999 -9999 -9999 -9999 -9999 -9999 -9999 -9999 -9999 -9999 -9999 -9999 -9999 -9999 209.32 209.12 209.07 209.65 210.6 211.44 212.15 212.82 213.51 214.21 214.83 215.28 215.53 215.62 215.69 215.9 216.4 216.97 216.51 215.37 214.14 212.86 211.54 210.2 208.5 205.63 202.66 200.16 198.21 196.79 195.92
-9999 -9999 -9999 -9999 -9999 -9999 -9999 -9999 -9999 -9999 -9999 -9999 -9999 -9999 -9999 -9999 -9999 -9999 -9999 -9999 -9999 -9999 -9999 -9999 -9999 -9999 -9999 -9999 -9999 -9999 -9999 -9999 -9999 -9999 -9999 -9999 -9999 -9999 -9999 -9999 -9999 210.71 210.51 210.33 210.34 211.01 211.88 212.61 213.22 213.77 214.34 214.88 215.34 215.63 215.72 215.68 215.64 215.8 216.28 216.81 216.06 214.77 213.44 212.05 210.61 209.13 207.35 204.35 200.99 198.07 195.75 194.07 193.07
-9999 -9999 -9999 -9999 -9999 -9999 -9999 -9999 -9999 -9999 -9999 -9999 -9999 -9999 -9999 -9999 -9999 -9999 -9999 -9999 -9999 -9999 -9999 -9999 -9999 -9999 -9999 -9999 -9999 -9999 -9999 -9999 -9999 -9999 -9999 -9999 -9999 -9999 -9999 -9999 212.31 212.1 211.92 211.86 212.13 212.83 213.52 214.07 214.51 214.91 215.3 215.66 215.92 216 215.91 215.68 215.48 215.48 215.83 216.28 215.61 214.27 212.83 211.34 209.79 208.16 206.09 202.7 198.8 195.28 192.41 190.31 189.11
-9999 -9999 -9999 -9999 -9999 -9999 -9999 -9999 -9999 -9999 -9999 -9999 -9999 -9999 -9999 -9999 -9999 -9999 -9999 -9999 -9999 -9999 -9999 -9999 -9999 -9999 -9999 -9999 -9999 -9999 -9999 -9999 -9999 -9999 -9999 -9999 -9999 -9999 -9999 214.63 214.1 213.87 213.8 214.05 214.5 215.03 215.47 215.79 216.03 216.23 216.41 216.55 216.57 216.42 216.09 215.65 215.24 215.02 215.17 215.57 215.33 214.06 212.54 210.97 209.31 207.44 204.92 200.81 196.05 191.56 187.77 184.97 183.44
-9999 -9999 -9999 -9999 -9999 -9999 -9999 -9999 -9999 -9999 -9999 -9999 -9999 -9999 -9999 -9999 -9999 -9999 -9999 -9999 -9999 -9999 -9999 -9999 -9999 -9999 -9999 -9999 -9999 -9999 -9999 -9999 -9999 -9999 -9999 -9999 -9999 -9999 -9999 217.21 216.82 216.65 216.67 216.88 217.18 217.45 217.64 217.73 217.75 217.73 217.67 217.54 217.29 216.88 216.29 215.61 214.97 214.55 214.52 214.93 215.3 214.29 212.76 211.12 209.29 207.06 203.89 198.86 192.73 186.68 181.41 177.51 175.47
-9999 -9999 -9999 -9999 -9999 -9999 -9999 -9999 -9999 -9999 -9999 -9999 -9999 -9999 -9999 -9999 -9999 -9999 -9999 -9999 -9999 -9999 -9999 -9999 -9999 -9999 -9999 -9999 -9999 -9999 -9999 -9999 -9999 -9999 -9999 -9999 -9999 -9999 219.95 219.77 219.64 219.61 219.67 219.79 219.92 219.99 219.97 219.85 219.65 219.39 219.06 218.64 218.09 217.38 216.52 215.59 214.74 214.16 214.04 214.54 215.29 214.87 213.41 211.67 209.6 206.88 202.92 196.91 189.02 180.91 173.83 168.69 166.04
-9999 -9999 -9999 -9999 -9999 -9999 -9999 -9999 -9999 -9999 -9999 -9999 -9999 -9999 -9999 -9999 -9999 -9999 -9999 -9999 -9999 -9999 -9999 -9999 -9999 -9999 -9999 -9999 -9999 -9999 -9999 -9999 -9999 -9999 -9999 -9999 -9999 221.77 221.94 222.1 222.26 222.4 222.53 222.62 222.64 222.57 222.39 222.09 221.69 221.18 220.57 219.83 218.95 217.92 216.77 215.6 214.56 213.87 213.78 214.48 215.64 215.55 214.11 212.26 209.91 206.67 201.87 194.83 185.62 176.02 168.15 162.89 160.03
-9999 -9999 -9999 -9999 -9999 -9999 -9999 -9999 -9999 -9999 -9999 -9999 -9999 -9999 -9999 -9999 -9999 -9999 -9999 -9999 -9999 -9999 -9999 -9999 -9999 -9999 -9999 -9999 -9999 -9999 -9999 -9999 -9999 -9999 -9999 222.12 222.59 223.15 223.72 224.24 224.69 225.03 225.27 225.37 225.34 225.17 224.86 224.4 223.8 223.05 222.14 221.08 219.85 218.48 217.04 215.62 214.4 213.63 213.6 214.55 216.05 215.92 214.44 212.48 209.83 206.21 200.77 192.96 183.14 173.15 165.15 159.9 157.02
-9999 -9999 -9999 -9999 -9999 -9999 -9999 -9999 -9999 -9999 -9999 -9999 -9999 -9999 -9999 -9999 -9999 -9999 -9999 -9999 -9999 -9999 -9999 -9999 -9999 -9999 -9999 -9999 -9999 226.49 -9999 223.94 222.51 221.89 221.96 222.52 223.37 224.36 225.36 226.29 227.07 227.65 228 228.12 228.04 227.77 227.33 226.71 225.92 224.93 223.74 222.34 220.77 219.06 217.31 215.62 214.2 213.3 213.25 214.31 215.98 215.72 214.15 211.85 208.94 205.12 199.48 191.22 181.05 170.92 162.87 157.76 154.95
-9999 -9999 -9999 -9999 -9999 -9999 -9999 -9999 -9999 -9999 -9999 -9999 -9999 -9999 -9999 -9999 -9999 -9999 -9999 -9999 -9999 -9999 -9999 -9999 -9999 -9999 -9999 -9999 224.5 224.83 224.82 223.25 221.89 221.42 221.75 222.67 223.97 225.45 226.98 228.39 229.57 230.42 230.88 230.99 230.79 230.37 229.75 228.96 227.97 226.75 225.29 223.58 221.67 219.63 217.55 215.58 213.9 212.78 212.53 213.41 214.99 214.91 213.27 210.8 207.74 203.75 197.91 189.43 179.13 168.96 160.93 155.88 153.09
-9999 -9999 -9999 -9999 -9999 -9999 -9999 -9999 -9999 -9999 -9999 -9999 -9999 -9999 -9999 -9999 -9999 -9999 -9999 -9999 -9999 -9999 -9999 -9999 221.75 221.09 220.94 221.2 221.71 222.26 222.59 221.49 220.54 220.45 221.2 222.59 224.43 226.53 228.7 230.72 232.38 233.52 234.07 234.07 233.65 232.96 232.09 231.07 229.87 228.44 226.73 224.74 222.52 220.14 217.75 215.47 213.48 212.03 211.39 211.77 212.98 213.43 211.91 209.5 206.36 202.19 196.09 187.58 177.3 167.23 159.33 154.21 151.36
-9999 -9999 -9999 -9999 -9999 -9999 -9999 -9999 -9999 -9999 -9999 -9999 -9999 -9999 -9999 -9999 -9999 -9999 -9999 226 225.47 -9999 -9999 219.08 217.23 216.4 216.34 216.77 217.48 218.3 218.98 218.55 218.4 218.98 220.31 222.29 224.78 227.61 230.55 233.28 235.37 236.77 237.42 237.34 236.6 235.51 234.28 232.97 231.54 229.9 227.98 225.75 223.25 220.58 217.87 215.27 212.95 211.09 209.91 209.57 210.04 210.64 209.83 207.65 204.56 200.26 194.11 185.75 175.71 165.87 158.05 152.9 149.98
-9999 -9999 -9999 -9999 -9999 -9999 -9999 -9999 -9999 -9999 -9999 -9999 -9999 -9999 -9999 -9999 -9999 222.33 223.01 222.87 221.82 219.59 216.31 212.91 210.35 209.12 209.07 209.76 210.85 212.18 213.52 214.46 215.55 217.06 219.12 221.77 224.97 228.6 232.32 235.46 237.43 238.87 239.9 240.24 239.4 237.88 236.22 234.58 232.91 231.09 228.99 226.57 223.84 220.9 217.9 214.99 212.32 210.03 208.28 207.16 206.66 206.48 206 204.64 202.02 197.74 191.67 183.95 175.11 166.11 158.24 152.88 149.96
-9999 -9999 -9999 -9999 -9999 -9999 -9999 -9999 -9999 -9999 -9999 -9999 -9999 -9999 -9999 -9999 216.35 218.8 219.38 218.71 216.68 213.2 208.7 204.17 200.73 198.98 198.86 199.87 201.49 203.59 206.61 209.53 212.16 214.76 217.63 220.97 224.88 229.22 233.24 235.83 237.75 239.33 240.59 241.43 241.41 239.77 237.73 235.78 233.89 231.92 229.69 227.12 224.2 221.04 217.78 214.59 211.6 208.93 206.66 204.84 203.45 202.32 201.12 199.43 196.84 193.09 188.13 182.13 175.48 168.7 162.55 157.91 155.28
-9999 -9999 -9999 -9999 -9999 -9999 -9999 -9999 -9999 -9999 -9999 -9999 -9999 -9999 199.18 204.64 209.94 213.68 214.44 213.01 209.71 204.88 199.19 193.65 189.27 186.85 186.68 188.24 190.54 193.53 199.01 204.21 208.49 212.22 215.86 219.81 224.29 229.08 232.85 235.37 237.43 239.17 240.57 241.62 242.02 240.79 238.59 236.44 234.41 232.34 230.02 227.35 224.29 220.95 217.48 214.04 210.78 207.79 205.12 202.78 200.73 198.87 196.99 194.86 192.24 188.98 185.05 180.57 175.74 170.89 166.47 162.97 160.78
-9999 -9999 -9999 -9999 -9999 -9999 -9999 -9999 -9999 -9999 -9999 -9999 184.87 189.51 194.24 198.8 202.96 206.13 207.3 205.79 201.57 195.98 189.83 183.63 178.33 175.28 175.03 177.09 180.41 184.33 191.81 199.08 204.86 209.57 213.84 218.22 223.06 228.1 231.89 234.54 236.76 238.64 240.17 241.31 241.86 240.84 238.65 236.45 234.4 232.3 229.94 227.2 224.05 220.56 216.91 213.28 209.81 206.59 203.64 200.96 198.51 196.2 193.92 191.54 188.92 186.01 182.77 179.28 175.64 172.05 168.76 166.04 164.15
-9999 -9999 -9999 -9999 -9999 -9999 -9999 -9999 172.08 -9999 -9999 178.29 181.2 185.56 189.89 193.75 196.97 199.22 199.9 198.25 194.2 189.13 183.36 176.88 171.64 169.29 168.47 169.2 173.09 177.74 186.11 194.75 201.6 206.98 211.64 216.22 221.13 226.27 230.5 233.4 235.76 237.76 239.39 240.6 241.09 239.89 237.83 235.79 233.82 231.76 229.41 226.63 223.4 219.8 216.01 212.23 208.61 205.24 202.14 199.29 196.63 194.11 191.66 189.18 186.63 183.94 181.13 178.22 175.28 172.4 169.74 167.45 165.68
-9999 -9999 -9999 -9999 -9999 -9999 -9999 -9999 170.15 -9999 173.87 175.86 178.36 182.39 186.37 189.73 192.38 194.13 194.55 193.1 189.99 186.26 181.48 175.32 170.59 168.02 166.54 166.39 169.62 174.17 182.63 191.72 198.97 204.59 209.35 213.9 218.64 223.65 228.41 231.8 234.41 236.53 238.22 239.3 239.35 237.99 236.24 234.49 232.7 230.72 228.39 225.56 222.19 218.46 214.61 210.8 207.12 203.68 200.53 197.63 194.93 192.37 189.9 187.45 184.99 182.5 179.96 177.39 174.83 172.33 169.97 167.87 166.11
-9999 -9999 -9999 -9999 -9999 -9999 -9999 166.65 168.28 169.99 171.77 173.67 176.22 180.04 183.66 186.66 189.04 190.7 191.38 190.77 189.25 187.41 184.34 179.14 173.94 170.03 167.49 166.83 169.54 173.29 181.5 190.17 197.08 202.48 207.06 211.38 215.8 220.41 225.02 229.1 232.3 234.59 236.21 236.76 236.37 235.34 234.06 232.65 231.06 229.17 226.82 223.77 219.95 216 212.28 208.77 205.24 201.84 198.72 195.88 193.25 190.77 188.39 186.06 183.75 181.43 179.11 176.77 174.43 172.13 169.93 167.87 166.06
-9999 -9999 -9999 -9999 -9999 -9999 -9999 165.01 166.51 168.1 169.79 171.84 174.84 178.36 181.56 184.27 186.54 188.38 189.69 190.34 190.67 191.07 189.86 185.97 180.81 175.59 171.81 170.96 172 174.73 182.29 189.78 195.78 200.62 204.81 208.79 212.83 216.98 221.13 224.98 228.22 230.63 232.18 232.84 232.8 232.29 231.45 230.35 228.93 227.07 224.44 220.74 216.71 212.84 209.28 206.02 202.9 199.69 196.69 193.98 191.5 189.18 186.97 184.82 182.7 180.58 178.46 176.31 174.16 172 169.87 167.83 165.93
-9999 -9999 -9999 -9999 -9999 -9999 -9999 -9999 165.07 166.56 168.33 170.9 173.97 177.03 179.79 182.24 184.46 186.54 188.54 190.4 192.35 194.23 193.34 190.95 187.52 182.94 178.34 175.93 175.47 178.32 184.22 189.96 194.79 198.89 202.6 206.21 209.87 213.62 217.33 220.8 223.8 226.17 227.82 228.78 229.15 229.04 228.53 227.64 226.28 224.11 220.72 216.8 212.94 209.31 205.97 202.93 200.1 197.21 194.43 191.93 189.65 187.54 185.54 183.61 181.71 179.82 177.91 175.97 173.98 171.96 169.92 167.88 165.89
-9999 -9999 -9999 -9999 -9999 -9999 -9999 -9999 164.68 166.16 168.14 170.58 173.19 175.74 178.1 180.31 182.46 184.7 187.17 189.85 192.59 195 194.71 193.4 191.35 187.61 182.88 179.79 179.04 181.9 186.06 190.13 193.81 197.17 200.4 203.64 206.98 210.39 213.76 216.93 219.72 222.02 223.74 224.89 225.5 225.63 225.29 224.42 222.72 219.69 216.06 212.38 208.84 205.52 202.46 199.67 197.09 194.49 191.98 189.72 187.69 185.82 184.06 182.37 180.72 179.06 177.37 175.64 173.85 171.98 170.03 168.01 165.97
-9999 -9999 -9999 -9999 -9999 -9999 -9999 163.6 164.62 166.06 167.88 169.96 172.14 174.28 176.33 178.32 180.36 182.6 185.19 188.18 191.05 193.89 194.58 194.02 192.48 188.85 184.99 182.6 182.59 184.5 187.12 189.9 192.65 195.39 198.18 201.09 204.14 207.27 210.36 213.29 215.91 218.11 219.83 221.04 221.74 221.93 221.47 220.14 217.51 214.3 210.96 207.67 204.5 201.52 198.77 196.27 193.96 191.62 189.38 187.39 185.62 184.01 182.5 181.06 179.65 178.22 176.77 175.25 173.65 171.94 170.12 168.16 166.1
-9999 -9999 -9999 -9999 -9999 -9999 -9999 162.73 163.82 165.24 166.92 168.77 170.68 172.57 174.4 176.23 178.13 180.23 182.63 185.39 188.16 190.49 191.91 191.93 190.46 187.97 185.69 184.43 184.52 185.6 187.24 189.17 191.28 193.53 195.95 198.55 201.32 204.18 207.02 209.72 212.15 214.23 215.87 217.03 217.64 217.51 216.29 214.15 211.47 208.6 205.68 202.78 200 197.38 194.97 192.79 190.75 188.63 186.68 184.97 183.47 182.11 180.86 179.65 178.47 177.28 176.04 174.73 173.32 171.78 170.1 168.24 166.2
-9999 -9999 -9999 -9999 -9999 -9999 160.34 161.17 162.28 163.66 165.29 167.06 168.86 170.63 172.36 174.07 175.84 177.74 179.84 182.15 184.54 186.65 187.9 188.19 187.6 186.42 185.26 184.67 184.78 185.49 186.63 188.07 189.75 191.64 193.74 196.04 198.51 201.08 203.64 206.09 208.3 210.19 211.65 212.48 212.5 211.45 209.76 207.66 205.32 202.84 200.32 197.82 195.43 193.18 191.11 189.24 187.44 185.57 183.91 182.48 181.24 180.13 179.12 178.15 177.19 176.21 175.17 174.05 172.81 171.44 169.9 168.16 166.19
-9999 -9999 -9999 -9999 -9999 -9999 158.74 159.61 160.59 161.73 163.24 165.01 166.81 168.55 170.25 171.9 173.58 175.31 177.13 179.03 180.92 182.61 183.83 184.44 184.49 184.19 183.86 183.78 184.04 184.66 185.59 186.77 188.17 189.78 191.58 193.57 195.72 197.95 200.19 202.32 204.24 205.8 206.75 206.62 205.87 204.64 203.07 201.25 199.25 197.15 195 192.89 190.87 188.98 187.25 185.66 184.06 182.47 181.1 179.94 178.94 178.07 177.29 176.53 175.77 174.97 174.12 173.18 172.12 170.9 169.5 167.89 166.02
-9999 -9999 -9999 -9999 -9999 -9999 157.07 157.9 158.81 159.82 161.07 162.81 164.65 166.43 168.14 169.78 171.41 173.03 174.66 176.29 177.86 179.28 180.43 181.24 181.72 181.98 182.19 182.47 182.91 183.55 184.38 185.4 186.58 187.94 189.46 191.13 192.93 194.79 196.64 198.4 199.85 200.61 200.57 200.02 199.15 198.02 196.65 195.1 193.41 191.64 189.85 188.1 186.42 184.86 183.45 182.13 180.7 179.38 178.27 177.35 176.59 175.94 175.35 174.76 174.15 173.51 172.83 172.08 171.21 170.15 168.9 167.41 165.66
-9999 -9999 -9999 -9999 -9999 -9999 -9999 156.08 156.94 157.91 159.06 160.69 162.54 164.35 166.08 167.75 169.36 170.94 172.48 173.97 175.4 176.7 177.85 178.8 179.56 180.17 180.7 181.21 181.76 182.39 183.13 183.99 184.98 186.09 187.33 188.67 190.09 191.55 192.99 194.26 194.96 194.84 194.36 193.69 192.84 191.81 190.63 189.31 187.9 186.44 184.96 183.53 182.16 180.9 179.76 178.64 177.4 176.31 175.43 174.73 174.18 173.72 173.3 172.85 172.39 171.91 171.38 170.78 170.08 169.2 168.08 166.73 165.1
-9999 -9999 -9999 -9999 -9999 -9999 -9999 154.24 155.06 155.99 157.11 158.72 160.56 162.38 164.13 165.81 167.43 169 170.52 171.98 173.37 174.68 175.9 177.01 178 178.85 179.57 180.18 180.74 181.28 181.85 182.51 183.26 184.12 185.06 186.07 187.12 188.17 189.17 189.92 189.86 189.29 188.61 187.87 187.04 186.12 185.1 183.99 182.83 181.63 180.43 179.27 178.17 177.16 176.23 175.22 174.17 173.29 172.61 172.1 171.72 171.43 171.16 170.85 170.53 170.19 169.8 169.34 168.77 168.04 167.06 165.85 164.36
-9999 -9999 -9999 -9999 -9999 -9999 -9999 -9999 153.23 154.15 155.31 156.98 158.78 160.56 162.28 163.96 165.59 167.17 168.69 170.16 171.59 172.99 174.37 175.7 176.92 177.98 178.83 179.45 179.88 180.2 180.5 180.86 181.32 181.88 182.52 183.2 183.89 184.54 185.11 185.44 185.02 184.22 183.41 182.62 181.83 181.01 180.14 179.23 178.28 177.31 176.35 175.41 174.53 173.71 172.91 171.95 171.06 170.36 169.84 169.47 169.23 169.08 168.95 168.78 168.59 168.38 168.11 167.77 167.32 166.7 165.85 164.77 163.42
-9999 -9999 -9999 -9999 149.2 -9999 -9999 -9999 151.56 152.54 153.89 155.51 157.2 158.89 160.55 162.18 163.78 165.34 166.85 168.35 169.86 171.42 173.03 174.65 176.18 177.47 178.42 178.96 179.15 179.1 178.99 178.94 179.03 179.25 179.57 179.94 180.29 180.58 180.77 180.79 180.42 179.6 178.76 177.98 177.24 176.53 175.81 175.07 174.31 173.54 172.76 172 171.25 170.53 169.7 168.85 168.12 167.55 167.15 166.89 166.75 166.7 166.7 166.66 166.58 166.48 166.32 166.08 165.73 165.2 164.46 163.52 162.3
