raw_data/evaporacion/evapjul.txt
ncols         178
nrows         142
xllcorner     111.875
yllcorner     -44.625
cellsize      0.25
NODATA_value  -9999
[rows 33 to 65 of 142, columns 0 to 74 of 178]
-9999 -9999 -9999 -9999 -9999 -9999 -9999 -9999 -9999 -9999 -9999 -9999 -9999 -9999 -9999 -9999 -9999 -9999 -9999 -9999 -9999 -9999 -9999 -9999 -9999 -9999 -9999 -9999 -9999 -9999 -9999 -9999 -9999 -9999 -9999 -9999 -9999 -9999 -9999 -9999 -9999 192.15 192.23 192.35 192.71 193.63 194.58 195.36 196 196.58 197.15 197.71 198.22 198.63 198.89 198.99 198.96 198.85 198.7 198.53 198.28 197.85 197.2 196.49 195.72 194.82 193.68 192.42 191.15 189.91 188.75 187.69 186.77 186.06 185.61
-9999 -9999 -9999 -9999 -9999 -9999 -9999 -9999 -9999 -9999 -9999 -9999 -9999 -9999 -9999 -9999 -9999 -9999 -9999 -9999 -9999 -9999 -9999 -9999 -9999 -9999 -9999 -9999 -9999 -9999 -9999 -9999 -9999 -9999 -9999 -9999 -9999 -9999 -9999 -9999 -9999 192.64 192.71 192.79 193 193.79 194.8 195.64 196.29 196.84 197.33 197.8 198.21 198.5 198.64 198.63 198.52 198.34 198.16 197.94 197.52 196.77 195.91 195.04 194.16 193.23 192.05 190.56 189.03 187.57 186.23 185.04 184.06 183.35 182.97
-9999 -9999 -9999 -9999 -9999 -9999 -9999 -9999 -9999 -9999 -9999 -9999 -9999 -9999 -9999 -9999 -9999 -9999 -9999 -9999 -9999 -9999 -9999 -9999 -9999 -9999 -9999 -9999 -9999 -9999 -9999 -9999 -9999 -9999 -9999 -9999 -9999 -9999 -9999 -9999 -9999 -9999 193.34 193.42 193.6 194.32 195.33 196.15 196.77 197.25 197.66 198.01 198.29 198.45 198.46 198.33 198.11 197.85 197.61 197.31 196.62 195.66 194.7 193.7 192.66 191.61 190.4 188.71 186.88 185.14 183.56 182.19 181.11 180.39 180.1
-9999 -9999 -9999 -9999 -9999 -9999 -9999 -9999 -9999 -9999 -9999 -9999 -9999 -9999 -9999 -9999 -9999 -9999 -9999 -9999 -9999 -9999 -9999 -9999 -9999 -9999 -9999 -9999 -9999 -9999 -9999 -9999 -9999 -9999 -9999 -9999 -9999 -9999 -9999 -9999 -9999 194.06 194.14 194.23 194.47 195.27 196.21 196.94 197.45 197.83 198.12 198.34 198.47 198.48 198.34 198.08 197.73 197.38 197.06 196.69 195.83 194.75 193.67 192.56 191.38 190.18 188.81 186.86 184.65 182.5 180.57 178.95 177.73 177.01 176.86
-9999 -9999 -9999 -9999 -9999 -9999 -9999 -9999 -9999 -9999 -9999 -9999 -9999 -9999 -9999 -9999 -9999 -9999 -9999 -9999 -9999 -9999 -9999 -9999 -9999 -9999 -9999 -9999 -9999 -9999 -9999 -9999 -9999 -9999 -9999 -9999 -9999 -9999 -9999 -9999 194.94 195.02 195.14 195.34 195.81 196.65 197.43 197.99 198.36 198.6 198.74 198.8 198.76 198.6 198.29 197.87 197.39 196.93 196.55 196.16 195.31 194.16 192.98 191.77 190.5 189.18 187.55 185.12 182.28 179.5 176.99 174.94 173.51 172.82 172.9
-9999 -9999 -9999 -9999 -9999 -9999 -9999 -9999 -9999 -9999 -9999 -9999 -9999 -9999 -9999 -9999 -9999 -9999 -9999 -9999 -9999 -9999 -9999 -9999 -9999 -9999 -9999 -9999 -9999 -9999 -9999 -9999 -9999 -9999 -9999 -9999 -9999 -9999 -9999 196.46 196.26 196.34 196.55 197.04 197.7 198.38 198.93 199.29 199.49 199.55 199.52 199.4 199.16 198.79 198.3 197.71 197.1 196.54 196.13 195.84 195.28 194.19 192.96 191.7 190.38 188.87 186.82 183.59 179.73 175.88 172.41 169.66 167.89 167.27 167.78
-9999 -9999 -9999 -9999 -9999 -9999 -9999 -9999 -9999 -9999 -9999 -9999 -9999 -9999 -9999 -9999 -9999 -9999 -9999 -9999 -9999 -9999 -9999 -9999 -9999 -9999 -9999 -9999 -9999 -9999 -9999 -9999 -9999 -9999 -9999 -9999 -9999 -9999 -9999 198.52 198.44 198.57 198.87 199.34 199.85 200.31 200.64 200.8 200.81 200.69 200.46 200.12 199.66 199.07 198.37 197.61 196.87 196.26 195.9 195.88 195.91 195.09 193.91 192.62 191.18 189.35 186.67 182.35 176.93 171.41 166.45 162.6 160.33 159.85 161.03
-9999 -9999 -9999 -9999 -9999 -9999 -9999 -9999 -9999 -9999 -9999 -9999 -9999 -9999 -9999 -9999 -9999 -9999 -9999 -9999 -9999 -9999 -9999 -9999 -9999 -9999 -9999 -9999 -9999 -9999 -9999 -9999 -9999 -9999 -9999 -9999 -9999 -9999 200.4 200.52 200.7 200.96 201.31 201.69 202.06 202.34 202.48 202.47 202.31 201.99 201.54 200.96 200.25 199.42 198.5 197.56 196.71 196.1 195.9 196.26 196.93 196.71 195.62 194.26 192.57 190.24 186.72 181.25 173.92 166.26 159.48 154.4 151.53 151.02 152.71
-9999 -9999 -9999 -9999 -9999 -9999 -9999 -9999 -9999 -9999 -9999 -9999 -9999 -9999 -9999 -9999 -9999 -9999 -9999 -9999 -9999 -9999 -9999 -9999 -9999 -9999 -9999 -9999 -9999 -9999 -9999 -9999 -9999 -9999 -9999 -9999 -9999 201.41 201.86 202.31 202.75 203.18 203.59 203.96 204.24 204.4 204.42 204.26 203.93 203.42 202.74 201.9 200.92 199.82 198.67 197.55 196.6 196.02 196.06 196.9 198.25 198.47 197.38 195.88 193.85 190.93 186.47 179.84 171.08 161.86 154.19 148.91 145.81 144.4 144.81
-9999 -9999 -9999 -9999 -9999 -9999 -9999 -9999 -9999 -9999 -9999 -9999 -9999 -9999 -9999 -9999 -9999 -9999 -9999 -9999 -9999 -9999 -9999 -9999 -9999 -9999 -9999 -9999 -9999 -9999 -9999 -9999 -9999 -9999 -9999 200.8 201.49 202.29 203.11 203.89 204.61 205.24 205.75 206.14 206.39 206.47 206.38 206.11 205.62 204.92 204.01 202.9 201.63 200.26 198.86 197.54 196.48 195.92 196.17 197.46 199.37 199.61 198.46 196.78 194.39 191.01 185.81 178.3 168.82 159.11 151.23 145.91 142.77 141.18 140.88
-9999 -9999 -9999 -9999 -9999 -9999 -9999 -9999 -9999 -9999 -9999 -9999 -9999 -9999 -9999 -9999 -9999 -9999 -9999 -9999 -9999 -9999 -9999 -9999 -9999 -9999 -9999 -9999 -9999 204.75 -9999 202.13 200.53 199.88 200.02 200.73 201.77 202.97 204.2 205.36 206.4 207.25 207.89 208.31 208.52 208.53 208.34 207.95 207.32 206.44 205.3 203.92 202.37 200.71 199.04 197.5 196.29 195.67 195.98 197.5 199.7 199.84 198.55 196.48 193.77 190.14 184.7 176.67 166.77 156.86 148.9 143.69 140.62 138.96 138.41
-9999 -9999 -9999 -9999 -9999 -9999 -9999 -9999 -9999 -9999 -9999 -9999 -9999 -9999 -9999 -9999 -9999 -9999 -9999 -9999 -9999 -9999 -9999 -9999 -9999 -9999 -9999 -9999 202 202.69 202.91 201.13 199.54 198.98 199.35 200.39 201.85 203.52 205.24 206.87 208.28 209.39 210.15 210.56 210.68 210.57 210.24 209.71 208.93 207.88 206.53 204.91 203.07 201.12 199.18 197.39 195.95 195.14 195.29 196.69 198.84 199.18 197.81 195.53 192.65 188.82 183.16 174.88 164.8 154.84 146.87 141.72 138.67 136.95 136.31
-9999 -9999 -9999 -9999 -9999 -9999 -9999 -9999 -9999 -9999 -9999 -9999 -9999 -9999 -9999 -9999 -9999 -9999 -9999 -9999 -9999 -9999 -9999 -9999 196.77 196.8 197.18 197.9 198.81 199.71 200.27 198.94 197.74 197.54 198.3 199.78 201.76 204.02 206.35 208.55 210.43 211.82 212.66 212.99 212.93 212.58 212.04 211.32 210.39 209.17 207.64 205.79 203.7 201.47 199.24 197.17 195.44 194.31 194.07 194.95 196.73 197.67 196.42 194.2 191.23 187.21 181.26 172.94 162.89 153 145.15 139.93 136.84 135.12 134.56
-9999 -9999 -9999 -9999 -9999 -9999 -9999 -9999 -9999 -9999 -9999 -9999 -9999 -9999 -9999 -9999 -9999 -9999 -9999 196.67 196.74 -9999 -9999 192.88 191.88 191.75 192.24 193.13 194.22 195.37 196.2 195.48 195.06 195.54 196.88 198.94 201.54 204.49 207.56 210.42 212.71 214.35 215.31 215.58 215.22 214.54 213.69 212.73 211.61 210.23 208.54 206.51 204.19 201.7 199.19 196.82 194.76 193.22 192.42 192.53 193.51 194.63 194.18 192.21 189.29 185.13 179.12 170.93 161.12 151.46 143.71 138.47 135.32 133.67 133.6
-9999 -9999 -9999 -9999 -9999 -9999 -9999 -9999 -9999 -9999 -9999 -9999 -9999 -9999 -9999 -9999 -9999 191.57 192.71 193.1 192.68 191.22 188.87 186.44 184.77 184.27 184.77 185.89 187.34 188.94 190.22 190.81 191.64 193.05 195.13 197.85 201.15 204.86 208.66 211.92 214.12 215.81 217.13 217.8 217.37 216.29 215.07 213.83 212.51 211 209.17 206.99 204.48 201.76 198.99 196.33 193.93 191.95 190.53 189.8 189.72 190 189.91 188.87 186.46 182.3 176.31 168.68 160.01 151.22 143.51 138.14 135 133.7 135.22
-9999 -9999 -9999 -9999 -9999 -9999 -9999 -9999 -9999 -9999 -9999 -9999 -9999 -9999 -9999 -9999 184.7 187.59 188.64 188.53 187.19 184.57 181.07 177.6 175.13 174.16 174.58 175.98 177.9 180.17 182.85 185.33 187.68 190.18 193.06 196.47 200.45 204.84 208.94 211.73 213.88 215.73 217.27 218.42 218.76 217.59 216.03 214.51 213.02 211.39 209.47 207.17 204.51 201.6 198.59 195.66 192.94 190.56 188.6 187.11 186.07 185.28 184.41 182.99 180.59 176.95 172.05 166.12 159.56 152.92 146.87 142.22 139.39 138.5 139.61
-9999 -9999 -9999 -9999 -9999 -9999 -9999 -9999 -9999 -9999 -9999 -9999 -9999 -9999 166.21 172.12 177.83 181.99 183.23 182.41 179.87 175.98 171.41 167.08 163.86 162.36 162.74 164.54 166.99 170.01 174.89 179.52 183.46 187.07 190.71 194.72 199.26 204.09 207.99 210.73 213.03 215.04 216.73 218.08 218.83 218.04 216.35 214.66 213.05 211.35 209.36 206.99 204.21 201.14 197.93 194.76 191.77 189.06 186.67 184.61 182.86 181.27 179.65 177.73 175.26 172.11 168.25 163.81 159.04 154.25 149.85 146.27 143.88 142.86 143.09
-9999 -9999 -9999 -9999 -9999 -9999 -9999 -9999 -9999 -9999 -9999 -9999 150.26 155.48 160.74 165.76 170.32 173.88 175.49 174.56 171.15 166.59 161.69 156.97 153.15 151.22 151.54 153.7 156.88 160.64 167.35 173.91 179.29 183.84 188.11 192.55 197.44 202.53 206.47 209.36 211.83 213.99 215.8 217.26 218.14 217.56 215.88 214.17 212.54 210.82 208.81 206.38 203.52 200.31 196.93 193.56 190.36 187.4 184.71 182.29 180.09 178.01 175.95 173.74 171.27 168.45 165.28 161.83 158.22 154.65 151.32 148.51 146.42 145.19 144.79
-9999 -9999 -9999 -9999 -9999 -9999 -9999 -9999 135.59 -9999 -9999 142.73 146.05 150.97 155.83 160.13 163.71 166.25 167.24 166.04 162.74 158.71 154.34 149.63 146.01 144.68 144.59 145.73 149.31 153.62 161.18 169.03 175.43 180.63 185.29 189.95 194.94 200.15 204.52 207.66 210.28 212.56 214.48 216.02 216.85 216.12 214.57 212.99 211.45 209.77 207.76 205.29 202.34 199.02 195.49 191.97 188.6 185.48 182.63 180.01 177.58 175.27 173 170.69 168.26 165.69 162.95 160.09 157.17 154.3 151.59 149.2 147.26 145.87 145.06
-9999 -9999 -9999 -9999 -9999 -9999 -9999 -9999 133.34 -9999 137.6 139.88 142.72 147.28 151.75 155.49 158.39 160.26 160.72 159.43 156.9 154.17 150.8 146.52 143.41 141.98 141.42 141.9 144.97 149.2 156.92 165.28 172.09 177.56 182.34 186.99 191.86 196.99 201.87 205.49 208.36 210.77 212.76 214.18 214.62 213.75 212.48 211.17 209.79 208.18 206.17 203.64 200.53 197.06 193.45 189.88 186.43 183.23 180.3 177.62 175.13 172.77 170.47 168.18 165.86 163.48 161.02 158.52 155.99 153.5 151.12 148.94 147.05 145.53 144.44
-9999 -9999 -9999 -9999 -9999 -9999 -9999 129.34 131.18 133.11 135.12 137.28 140.17 144.46 148.49 151.77 154.23 155.77 156.14 155.27 154.13 153.02 151.08 147.63 144.26 141.88 140.54 140.66 143.33 146.99 154.65 162.74 169.33 174.66 179.32 183.79 188.4 193.19 197.96 202.24 205.68 208.27 210.21 211.14 211.18 210.61 209.77 208.78 207.57 206.02 203.97 201.18 197.6 193.88 190.36 187.07 183.75 180.56 177.65 175.01 172.58 170.29 168.08 165.91 163.74 161.55 159.32 157.06 154.78 152.52 150.31 148.23 146.33 144.7 143.4
-9999 -9999 -9999 -9999 -9999 -9999 -9999 127.47 129.13 130.91 132.79 135.08 138.43 142.34 145.86 148.71 150.89 152.33 152.95 152.92 153.35 154.01 153.52 151.09 147.77 144.44 142.21 142.2 143.66 146.66 153.96 161.15 167.02 171.9 176.25 180.46 184.74 189.14 193.51 197.61 201.11 203.83 205.72 206.77 207.14 207.04 206.61 205.88 204.81 203.25 200.89 197.42 193.58 189.91 186.53 183.44 180.49 177.46 174.66 172.15 169.86 167.72 165.68 163.69 161.71 159.73 157.72 155.67 153.6 151.51 149.43 147.4 145.48 143.74 142.25
-9999 -9999 -9999 -9999 -9999 -9999 -9999 -9999 127.51 129.13 131.07 133.9 137.27 140.61 143.57 146.04 148 149.47 150.46 151.34 153.01 154.78 154.55 153.25 151.2 148.34 145.52 144.35 144.77 148.18 154.23 160.01 164.91 169.18 173.13 177.03 181.01 185.06 189.07 192.83 196.15 198.84 200.85 202.18 202.92 203.19 203.05 202.5 201.45 199.55 196.38 192.66 188.98 185.52 182.33 179.41 176.7 173.96 171.36 169.04 166.95 165.03 163.2 161.43 159.68 157.93 156.15 154.33 152.45 150.53 148.57 146.6 144.66 142.82 141.15
-9999 -9999 -9999 -9999 -9999 -9999 -9999 -9999 127.15 128.72 130.82 133.43 136.23 138.94 141.38 143.5 145.3 146.79 148.07 149.5 151.71 153.87 154.07 153.54 152.5 150.25 147.33 145.68 146.07 149.77 154.42 158.79 162.74 166.38 169.92 173.52 177.22 181 184.72 188.24 191.39 194.03 196.12 197.63 198.6 199.08 199.08 198.52 197.09 194.29 190.87 187.37 184 180.82 177.87 175.16 172.66 170.19 167.84 165.77 163.92 162.24 160.65 159.13 157.63 156.12 154.57 152.98 151.31 149.57 147.74 145.85 143.91 141.99 140.17
-9999 -9999 -9999 -9999 -9999 -9999 -9999 126.24 127.27 128.71 130.56 132.68 134.91 137.09 139.12 140.96 142.6 144.09 145.49 147.05 149.19 151.6 152.49 152.49 151.8 149.63 147.33 146.35 147.7 150.65 153.94 157.19 160.32 163.42 166.59 169.9 173.36 176.9 180.4 183.73 186.74 189.32 191.42 192.99 194.05 194.57 194.42 193.36 190.98 188 184.86 181.74 178.72 175.87 173.2 170.76 168.48 166.25 164.19 162.4 160.82 159.39 158.06 156.78 155.53 154.26 152.95 151.58 150.13 148.58 146.91 145.11 143.21 141.25 139.29
-9999 -9999 -9999 -9999 -9999 -9999 -9999 125.68 126.73 128.05 129.62 131.36 133.18 134.99 136.72 138.34 139.87 141.3 142.69 144.15 145.84 147.7 149.07 149.46 148.81 147.48 146.48 146.74 148.21 150.3 152.65 155.1 157.64 160.29 163.13 166.17 169.38 172.69 175.98 179.12 181.99 184.48 186.51 188.04 188.99 189.19 188.27 186.4 183.98 181.34 178.62 175.9 173.25 170.74 168.4 166.24 164.22 162.24 160.49 158.99 157.69 156.52 155.44 154.41 153.39 152.35 151.27 150.12 148.88 147.52 146.01 144.34 142.51 140.54 138.5
-9999 -9999 -9999 -9999 -9999 -9999 123.56 124.43 125.46 126.66 128.03 129.52 131.08 132.64 134.18 135.66 137.09 138.46 139.79 141.11 142.46 143.78 144.84 145.38 145.39 145.23 145.39 146.13 147.35 148.9 150.67 152.61 154.72 157.03 159.56 162.31 165.25 168.3 171.36 174.28 176.97 179.3 181.17 182.39 182.76 182.06 180.69 178.88 176.8 174.56 172.25 169.93 167.68 165.53 163.52 161.66 159.9 158.22 156.79 155.58 154.55 153.64 152.8 152 151.21 150.39 149.52 148.57 147.53 146.35 145.01 143.48 141.75 139.82 137.74
-9999 -9999 -9999 -9999 -9999 -9999 121.92 122.78 123.73 124.78 125.98 127.32 128.71 130.13 131.55 132.94 134.3 135.62 136.89 138.12 139.3 140.4 141.33 142.05 142.57 143.06 143.67 144.51 145.57 146.82 148.26 149.87 151.68 153.68 155.92 158.36 160.99 163.73 166.48 169.13 171.55 173.57 174.98 175.29 174.96 174.1 172.87 171.37 169.65 167.8 165.88 163.96 162.09 160.31 158.63 157.08 155.59 154.24 153.12 152.2 151.43 150.77 150.16 149.58 148.99 148.36 147.69 146.93 146.07 145.06 143.88 142.51 140.89 139.04 136.96
-9999 -9999 -9999 -9999 -9999 -9999 119.99 120.79 121.66 122.61 123.66 124.89 126.19 127.52 128.86 130.2 131.51 132.8 134.04 135.23 136.36 137.41 138.36 139.2 139.97 140.71 141.48 142.34 143.31 144.4 145.63 147.01 148.56 150.29 152.23 154.34 156.62 158.99 161.37 163.66 165.64 166.95 167.47 167.42 167 166.27 165.27 164.05 162.66 161.17 159.63 158.09 156.59 155.16 153.82 152.56 151.36 150.33 149.51 148.86 148.34 147.9 147.5 147.1 146.68 146.23 145.73 145.17 144.49 143.65 142.63 141.4 139.92 138.16 136.14
-9999 -9999 -9999 -9999 -9999 -9999 -9999 118.59 119.38 120.26 121.23 122.35 123.58 124.85 126.15 127.46 128.75 130.02 131.25 132.43 133.55 134.62 135.62 136.56 137.45 138.31 139.15 140.01 140.9 141.86 142.91 144.09 145.4 146.86 148.49 150.26 152.15 154.11 156.07 157.88 159.2 159.76 159.9 159.77 159.39 158.79 157.99 157.03 155.95 154.8 153.61 152.42 151.26 150.16 149.13 148.16 147.25 146.52 145.97 145.57 145.26 145.03 144.82 144.59 144.33 144.05 143.71 143.3 142.79 142.12 141.25 140.16 138.82 137.18 135.24
-9999 -9999 -9999 -9999 -9999 -9999 -9999 116.28 117.01 117.82 118.72 119.78 120.96 122.18 123.45 124.73 126.01 127.28 128.51 129.7 130.84 131.96 133.03 134.07 135.07 136.01 136.89 137.71 138.51 139.31 140.17 141.11 142.18 143.37 144.68 146.1 147.6 149.13 150.63 151.94 152.6 152.78 152.76 152.58 152.25 151.77 151.15 150.43 149.63 148.77 147.9 147.03 146.19 145.4 144.65 143.93 143.3 142.84 142.53 142.33 142.23 142.18 142.13 142.06 141.96 141.82 141.63 141.36 140.99 140.47 139.74 138.79 137.59 136.08 134.23
-9999 -9999 -9999 -9999 -9999 -9999 -9999 -9999 114.6 115.35 116.21 117.23 118.35 119.53 120.76 122.02 123.28 124.54 125.78 126.99 128.18 129.37 130.56 131.74 132.87 133.91 134.82 135.58 136.22 136.81 137.41 138.08 138.86 139.75 140.75 141.83 142.95 144.07 145.13 146 146.32 146.29 146.15 145.94 145.65 145.28 144.83 144.33 143.77 143.19 142.59 142.01 141.45 140.93 140.43 139.93 139.55 139.32 139.2 139.19 139.25 139.36 139.46 139.54 139.57 139.57 139.51 139.37 139.12 138.71 138.11 137.3 136.23 134.85 133.11
-9999 -9999 -9999 -9999 110.22 -9999 -9999 -9999 112.2 112.92 113.76 114.74 115.79 116.92 118.1 119.32 120.55 121.79 123.02 124.25 125.5 126.8 128.16 129.54 130.86 132.04 132.98 133.64 134.07 134.36 134.61 134.94 135.39 135.98 136.67 137.43 138.21 138.95 139.62 140.15 140.39 140.28 140.1 139.88 139.65 139.39 139.1 138.78 138.45 138.11 137.76 137.43 137.1 136.79 136.48 136.21 136.04 135.98 136.03 136.16 136.36 136.59 136.83 137.04 137.2 137.31 137.36 137.32 137.18 136.87 136.38 135.69 134.75 133.49 131.87
