raw_data/evaporacion/evapjan.txt
ncols         178
nrows         142
xllcorner     111.875
yllcorner     -44.625
cellsize      0.25
NODATA_value  -9999
[rows 64 to 95 of 142, columns 0 to 71 of 178]
-9999 -9999 -9999 -9999 -9999 -9999 -9999 -9999 317.72 322.8 329.92 341.84 354.64 366.67 377.83 388.3 398.26 407.79 416.9 425.57 433.82 441.65 449.06 455.94 462.12 467.35 471.44 474.37 476.31 477.57 478.53 479.49 480.61 481.89 483.23 484.51 485.58 486.35 486.77 486.36 483.33 479.34 475.95 473.22 471 469.11 467.46 466 464.71 463.64 462.88 462.53 462.7 463.44 464.13 462.97 461.12 459.35 457.75 456.32 455.05 453.89 452.68 451.26 449.77 448.24 446.65 444.99 443.22 441.23 438.95 436.58
-9999 -9999 -9999 -9999 303.4 -9999 -9999 -9999 316.72 322.89 332.42 344.33 356.45 368.11 379.26 390 400.39 410.46 420.19 429.59 438.74 447.73 456.57 465.08 472.88 479.43 484.27 487.23 488.52 488.67 488.33 488.05 488.11 488.52 489.15 489.76 490.16 490.21 489.85 488.94 486.71 483.01 479.7 477.01 474.89 473.17 471.71 470.43 469.28 468.29 467.54 467.09 466.97 467.03 466.32 464.66 462.91 461.28 459.81 458.49 457.32 456.26 455.21 453.98 452.62 451.2 449.71 448.13 446.4 444.4 442.2 439.92
-9999 -9999 -9999 -9999 307.09 -9999 309.21 -9999 -9999 327.14 337.03 347.9 359.02 370.06 380.97 391.74 402.36 412.78 423.01 433.1 443.23 453.56 464.11 474.52 483.84 491.22 496.47 499.41 500.25 499.34 497.28 495.29 493.93 493.25 493.02 492.92 492.66 492.03 490.99 489.55 487.73 485.53 483.27 480.91 478.98 477.45 476.15 474.99 473.89 472.86 471.94 471.13 470.12 468.79 467.23 465.55 463.93 462.43 461.05 459.81 458.7 457.7 456.74 455.73 454.56 453.26 451.87 450.36 448.61 446.67 444.6 442.45
-9999 -9999 -9999 -9999 -9999 -9999 -9999 -9999 -9999 333.12 341.97 351.63 361.74 372.1 382.61 393.2 403.8 414.35 424.86 435.48 446.49 458.15 470.43 482.26 491.03 496.58 500.9 504.43 507.03 507.44 504.36 500.55 497.61 495.73 494.61 493.8 492.92 491.72 490.14 488.24 486.17 484.11 482.16 480.37 478.87 477.63 476.57 475.6 474.65 473.67 472.62 471.49 470.19 468.74 467.22 465.69 464.2 462.79 461.49 460.31 459.25 458.27 457.35 456.41 455.39 454.24 452.94 451.49 449.85 448.06 446.16 444.14
-9999 -9999 -9999 -9999 -9999 318.45 -9999 -9999 -9999 338.4 346.26 354.91 364.14 373.81 383.82 394.04 404.38 414.78 425.29 436.18 447.8 460.49 473.92 485.37 491.93 496.63 500.72 504.38 507.58 509.61 507.94 503.01 498.68 495.74 493.83 492.42 491.04 489.42 487.48 485.3 483.06 480.93 479.04 477.46 476.19 475.16 474.31 473.55 472.81 472.02 471.14 470.14 469.01 467.77 466.44 465.06 463.69 462.37 461.14 460.01 458.97 458.02 457.11 456.21 455.25 454.2 453.02 451.69 450.21 448.59 446.83 444.93
-9999 -9999 -9999 -9999 -9999 -9999 326.28 -9999 336.11 342.4 349.53 357.39 365.87 374.87 384.27 393.95 403.79 413.78 424.01 434.8 446.57 459.71 473.44 483.56 489.35 493.93 498.01 501.66 504.9 507.47 507.34 501.93 496.75 493.15 490.74 488.94 487.25 485.39 483.29 481.05 478.83 476.82 475.11 473.74 472.71 471.92 471.3 470.75 470.19 469.59 468.89 468.07 467.13 466.06 464.9 463.66 462.4 461.16 459.98 458.88 457.87 456.94 456.05 455.18 454.28 453.3 452.23 451.02 449.68 448.19 446.56 444.71
-9999 -9999 -9999 -9999 -9999 -9999 -9999 334.19 339.32 345.15 351.69 358.88 366.67 374.98 383.7 392.7 401.88 411.24 420.92 431.22 442.6 455.42 468.9 478.87 484.58 489.12 493.18 496.82 500.05 502.6 502.39 496.95 491.73 488.06 485.54 483.63 481.86 479.96 477.9 475.77 473.75 471.99 470.58 469.53 468.81 468.31 467.93 467.59 467.19 466.71 466.12 465.42 464.59 463.66 462.61 461.49 460.32 459.14 458 456.92 455.93 455 454.14 453.29 452.44 451.53 450.54 449.43 448.19 446.81 445.2 442.75
-9999 -9999 -9999 -9999 -9999 -9999 -9999 -9999 341.31 346.68 352.65 359.22 366.34 373.94 381.93 390.18 398.62 407.22 416.14 425.64 436.13 447.92 460.64 471.6 477.87 482.45 486.5 490.15 493.33 495.25 493.41 488.42 483.95 480.78 478.57 476.84 475.2 473.45 471.59 469.73 468.04 466.64 465.62 464.97 464.62 464.45 464.34 464.18 463.9 463.48 462.92 462.24 461.46 460.58 459.61 458.56 457.44 456.3 455.18 454.11 453.11 452.19 451.32 450.5 449.68 448.82 447.88 446.84 445.67 444.24 442.01 437.8
-9999 -9999 -9999 -9999 -9999 -9999 -9999 -9999 342.09 346.92 352.27 358.19 364.65 371.58 378.87 386.4 394.1 401.94 410.02 418.57 427.9 438.21 449.43 460.43 468.57 473.86 478.09 481.58 484.12 484.3 481.16 477.28 474.11 471.86 470.25 468.92 467.6 466.16 464.63 463.15 461.87 460.92 460.35 460.15 460.21 460.36 460.48 460.48 460.31 459.93 459.33 458.6 457.78 456.88 455.92 454.89 453.8 452.67 451.54 450.45 449.43 448.48 447.6 446.77 445.96 445.12 444.21 443.21 441.95 439.79 436 431.31
-9999 -9999 -9999 -9999 -9999 -9999 -9999 -9999 -9999 345.7 350.37 355.63 361.46 367.8 374.51 381.45 388.53 395.71 403.05 410.71 418.88 427.67 437.01 446.43 454.94 461.73 466.57 469.28 470.01 469.03 466.92 464.77 463.08 461.9 461.03 460.24 459.36 458.33 457.22 456.19 455.38 454.9 454.82 455.07 455.46 455.7 455.85 455.98 456.03 455.9 455.33 454.48 453.56 452.59 451.59 450.54 449.43 448.29 447.13 446 444.94 443.95 443.03 442.17 441.33 440.48 439.57 438.53 436.84 433.49 429.28 424.73
-9999 -9999 -9999 -9999 -9999 -9999 -9999 -9999 -9999 342.94 346.9 351.52 356.77 362.64 368.95 375.5 382.17 388.91 395.75 402.78 410.07 417.63 425.34 432.88 439.79 445.54 449.71 452.18 453.15 453.1 452.58 452.02 451.65 451.47 451.34 451.12 450.72 450.16 449.53 448.97 448.63 448.63 449 449.61 450.02 450.27 450.51 450.74 450.92 450.97 450.71 449.84 448.8 447.74 446.67 445.58 444.44 443.26 442.06 440.89 439.78 438.74 437.77 436.86 435.98 435.1 434.15 432.97 430.76 427.11 422.95 418.52
-9999 -9999 -9999 -9999 -9999 -9999 -9999 -9999 -9999 339.02 342.48 346.57 351.14 356.51 362.47 368.83 375.35 381.94 388.62 395.4 402.28 409.12 415.72 421.79 427.05 431.3 434.42 436.52 437.81 438.6 439.18 439.75 440.37 440.98 441.49 441.81 441.91 441.83 441.68 441.58 441.68 442.09 442.83 443.67 444.1 444.44 444.79 445.11 445.35 445.47 445.34 444.59 443.49 442.35 441.23 440.09 438.92 437.72 436.51 435.31 434.17 433.1 432.09 431.14 430.21 429.27 428.27 427.07 424.99 421.44 417.3 412.9
-9999 -9999 -9999 -9999 -9999 -9999 -9999 -9999 -9999 -9999 338.55 342.21 346.17 350.56 355.68 361.85 368.43 375.15 382.01 388.98 395.93 402.54 408.36 413.38 417.49 420.54 422.55 423.92 424.98 426 427.08 428.28 429.51 430.69 431.72 432.53 433.11 433.5 433.79 434.11 434.58 435.3 436.29 437.31 437.86 438.32 438.76 439.14 439.42 439.56 439.46 438.73 437.62 436.46 435.33 434.19 433.02 431.84 430.65 429.48 428.35 427.29 426.28 425.31 424.36 423.37 422.31 421.12 419.47 416.5 412.46 408
-9999 -9999 -9999 -9999 -9999 -9999 -9999 -9999 -9999 -9999 -9999 337.53 341.05 344.89 349.36 355.07 361.78 368.84 376.16 383.59 390.64 396.75 401.24 405.3 409.15 412.08 413.45 413.9 414.33 415.07 416.2 417.63 419.21 420.79 422.24 423.5 424.54 425.38 426.08 426.73 427.46 428.35 429.46 430.64 431.38 431.93 432.43 432.85 433.15 433.3 433.13 432.31 431.24 430.15 429.06 427.98 426.88 425.77 424.67 423.58 422.54 421.55 420.59 419.66 418.71 417.7 416.6 415.34 413.87 411.78 408.3 403.89
-9999 -9999 -9999 -9999 -9999 -9999 -9999 -9999 -9999 -9999 -9999 332.39 335.58 339.14 343.38 348.89 355.81 363.32 371.16 378.7 384.44 388.49 391.95 395.5 399.26 402.92 405.42 405.49 405.14 405.37 406.28 407.73 409.51 411.42 413.29 415.03 416.56 417.85 418.91 419.8 420.62 421.5 422.5 423.62 424.61 425.27 425.81 426.24 426.53 426.58 426.19 425.38 424.45 423.5 422.54 421.58 420.62 419.66 418.71 417.79 416.9 416.04 415.2 414.35 413.44 412.45 411.31 410 408.47 406.64 404.16 400.35
-9999 -9999 -9999 -9999 -9999 -9999 -9999 -9999 -9999 -9999 -9999 -9999 329.92 333.43 337.85 343.72 351.02 359 367.1 373.48 377.32 380.1 383.17 386.4 389.76 393.46 396.79 397.58 396.74 396.44 397.08 398.52 400.52 402.83 405.26 407.64 409.79 411.6 412.98 413.95 414.64 415.21 415.82 416.55 417.36 418.12 418.77 419.18 419.33 419.17 418.73 418.09 417.37 416.61 415.84 415.08 414.33 413.59 412.88 412.19 411.53 410.87 410.2 409.47 408.65 407.69 406.54 405.17 403.55 401.65 399.43 396.57
-9999 -9999 -9999 -9999 -9999 -9999 -9999 -9999 -9999 -9999 -9999 -9999 324.38 328.24 333.39 340.16 348.08 356.59 364.44 368.85 371.26 373.28 375.86 378.68 381.66 385.03 388.56 389.98 388.81 388.09 388.55 390.07 392.43 395.38 398.68 402.04 405.13 407.63 409.32 410.18 410.37 410.18 409.94 409.88 410.07 410.45 410.88 411.21 411.35 411.28 411 410.58 410.08 409.54 409 408.49 408.02 407.59 407.19 406.82 406.45 406.06 405.61 405.06 404.35 403.44 402.29 400.87 399.15 397.12 394.79 392.14
-9999 -9999 -9999 -9999 -9999 -9999 -9999 -9999 -9999 -9999 -9999 -9999 -9999 324.4 330.88 338.85 347.83 356.79 363.21 366.09 367.42 368.5 370.3 372.58 375.26 378.52 381.9 383.25 381.67 380.58 380.91 382.61 385.54 389.5 394.16 399.06 403.56 407.06 409.09 409.56 408.73 407.16 405.45 404.06 403.21 402.87 402.89 403.06 403.21 403.24 403.13 402.9 402.59 402.27 401.99 401.78 401.65 401.61 401.62 401.66 401.67 401.62 401.45 401.12 400.55 399.71 398.55 397.05 395.22 393.05 390.56 387.77
-9999 -9999 -9999 -9999 -9999 -9999 -9999 -9999 -9999 -9999 -9999 -9999 316.37 322.49 330.5 340.19 350.52 359.21 363.75 365.66 366.33 366.66 367.44 369.05 371.53 374.68 377.82 378.81 376.5 374.75 374.7 376.5 380.15 385.48 392.06 399.13 405.59 410.17 412.45 412.49 410.23 406.55 402.61 399.27 396.92 395.59 395.03 394.94 395.04 395.13 395.13 395.03 394.88 394.75 394.72 394.84 395.13 395.57 396.09 396.63 397.13 397.5 397.69 397.62 397.22 396.45 395.27 393.68 391.7 389.36 386.69 383.74
-9999 -9999 -9999 -9999 -9999 -9999 -9999 -9999 -9999 -9999 -9999 -9999 314.12 321.71 331.68 343.05 353.41 360.58 365.04 367.32 367.84 367.55 367.58 368.61 370.7 373.57 376.67 378.06 375.1 371.93 370.76 372.16 376.35 383.17 391.98 401.2 408.65 412.81 414.76 415.41 412.87 407.67 401.1 395.28 391.06 388.48 387.22 386.8 386.8 386.91 386.98 386.95 386.89 386.9 387.11 387.6 388.36 389.37 390.51 391.68 392.75 393.63 394.21 394.41 394.19 393.5 392.32 390.66 388.53 385.99 383.12 379.98
-9999 -9999 -9999 -9999 -9999 -9999 -9999 -9999 -9999 -9999 -9999 -9999 -9999 321.01 332.1 342.55 351.65 359.89 366.44 370.18 371.08 369.93 368.79 369.1 370.86 373.49 376.51 378.89 377.58 373.25 369.82 369.79 373.82 381.75 392.15 400.52 404.17 406.24 407.8 409.07 409.45 407.27 399.51 391.26 385.09 381.24 379.27 378.53 378.44 378.56 378.65 378.66 378.69 378.95 379.49 380.39 381.61 383.17 384.94 386.77 388.48 389.88 390.75 391.07 390.91 390.3 389.26 387.73 385.56 382.84 379.77 376.45
-9999 -9999 -9999 -9999 -9999 -9999 -9999 -9999 -9999 -9999 -9999 -9999 -9999 317.93 326.62 335.41 345.53 356.49 364.46 369.19 371.95 371.27 368.88 368.4 369.93 372.3 374.79 377.16 378.54 376.75 371.75 369.09 371.74 379.65 389.65 393.83 395.67 397.13 398.51 399.84 401.04 400.95 395.4 385.93 378.24 373.43 370.95 370.02 369.9 370.08 370.23 370.33 370.77 371.83 373.08 374.45 375.97 377.71 379.75 382.05 384.3 386.09 387.22 387.71 387.65 387.12 386.13 384.66 382.61 379.79 376.54 373.05
-9999 -9999 -9999 -9999 -9999 -9999 -9999 -9999 -9999 -9999 -9999 -9999 -9999 309.03 315.84 324.44 335.77 347.52 354.82 360.37 365.11 367.69 366.13 366 367.77 369.91 371.64 373.06 374.36 375.14 373.33 368.88 368.94 375.01 382.32 384.87 386.29 387.52 388.71 389.92 391.11 391.55 387.81 378.06 369.78 364.65 362.06 361.19 361.22 361.56 361.88 362.31 363.64 365.33 367.1 368.9 370.77 372.81 375.12 377.7 380.27 382.37 383.74 384.41 384.48 384.02 383.06 381.58 379.54 376.7 373.34 369.72
-9999 -9999 -9999 -9999 -9999 -9999 -9999 -9999 -9999 -9999 -9999 -9999 -9999 -9999 304.49 313 323.75 334.23 341.65 348.18 354.14 358.36 359.7 361.39 363.29 365.21 366.91 368.15 368.34 368.92 369.22 366.65 364.14 367.45 373.01 375.01 376.16 377.15 378.11 379.1 380.08 380.32 376.24 366.99 359.32 354.7 352.54 352.05 352.43 353.11 353.79 354.81 356.78 358.98 361.2 363.43 365.68 368.05 370.65 373.49 376.33 378.7 380.32 381.17 381.36 380.98 380.04 378.55 376.46 373.55 370.11 366.42
-9999 -9999 -9999 -9999 -9999 -9999 -9999 -9999 -9999 -9999 -9999 -9999 -9999 -9999 294.99 302.98 311.15 319.29 326.95 334.21 340.34 344.97 349.07 352.34 355.16 357.53 359.48 361 361.56 361.31 361.78 361.01 356.34 356.62 361.28 363.32 364.15 364.86 365.53 366.15 366.78 366.32 360.78 352.96 347.03 343.7 342.47 342.67 343.61 344.81 346 347.5 349.94 352.62 355.31 357.98 360.64 363.36 366.24 369.33 372.41 375.05 376.91 377.96 378.29 377.97 377.05 375.53 373.32 370.3 366.84 363.12
-9999 -9999 -9999 -9999 -9999 -9999 -9999 -9999 -9999 -9999 -9999 -9999 -9999 -9999 -9999 290.82 296.78 303.42 310.76 317.84 322.3 328.05 335.12 340.66 344.93 348.17 350.64 352.53 353.51 352.81 352.83 351.7 345.33 342.46 344.62 347.51 348.21 348.4 348.59 348.8 348.88 347.37 342.08 336.87 333.47 331.99 332.05 333.16 334.83 336.68 338.51 340.44 343.13 346.24 349.4 352.51 355.59 358.67 361.89 365.25 368.56 371.41 373.48 374.71 375.17 374.92 374.01 372.4 369.99 366.96 363.52 359.81
-9999 -9999 -9999 -9999 -9999 -9999 -9999 -9999 -9999 -9999 -9999 -9999 -9999 -9999 -9999 278.63 282.91 287.81 293.55 299.51 303.67 309.76 318.01 325.71 331.87 336.53 340 342.48 343.48 342.94 342.61 340.28 331.9 326.38 325.37 326.47 326.62 326.23 325.87 325.61 325.27 323.88 321.48 319.78 319.29 319.94 321.48 323.62 326.09 328.67 331.24 333.8 336.6 339.96 343.52 347.09 350.61 354.15 357.85 361.58 364.97 367.79 369.92 371.28 371.86 371.65 370.67 368.96 -9999 -9999 -9999 -9999
-9999 -9999 -9999 -9999 -9999 -9999 -9999 -9999 -9999 -9999 -9999 -9999 -9999 -9999 -9999 266.82 269.49 272.55 276.25 280.58 285.1 290.94 299 307.65 315.2 321.32 326.17 329.76 331.2 331.45 330.68 326.64 316.93 309.75 305.95 304.07 302.62 301.48 300.62 300.07 299.79 299.73 300.48 302.39 304.94 307.83 310.92 314.13 317.4 320.69 324 327.33 330.73 334.34 338.15 342.12 346.21 350.33 354.37 358.14 361.46 364.2 366.28 367.64 368.25 -9999 -9999 -9999 -9999 -9999 -9999 -9999
-9999 -9999 -9999 -9999 -9999 -9999 -9999 -9999 -9999 -9999 -9999 -9999 -9999 -9999 -9999 255.85 256.97 258.39 260.35 263.27 267.78 274.1 282.03 290.19 297.5 303.79 309.41 314.51 317.56 318.43 316.7 310.87 301.51 293.89 288.56 285.16 282.72 280.76 279.3 278.57 278.58 279.16 280.83 285.19 290.61 295.78 300.45 304.73 308.76 312.7 316.65 320.67 324.78 329.01 333.35 337.79 342.26 346.63 350.79 354.57 357.87 360.59 362.67 -9999 -9999 -9999 -9999 -9999 -9999 -9999 -9999 -9999
-9999 -9999 -9999 -9999 -9999 -9999 -9999 -9999 -9999 -9999 -9999 -9999 -9999 -9999 -9999 248.38 248.21 248.34 249.04 250.97 255.53 262.35 269.01 275.75 282.03 287.82 293.94 300.02 303.51 304.02 301.29 295.12 287.28 280.73 276.11 272.6 269.32 266.24 263.96 262.95 263.21 264.36 266.08 269.58 276.6 283.9 290.15 295.48 300.22 304.71 309.17 313.72 318.41 323.22 328.11 -9999 -9999 -9999 -9999 -9999 -9999 -9999 -9999 -9999 -9999 -9999 -9999 -9999 -9999 -9999 -9999 -9999
-9999 -9999 -9999 -9999 -9999 -9999 -9999 -9999 -9999 -9999 -9999 -9999 -9999 -9999 -9999 247.53 246.5 245.69 245.4 246.45 250.64 256.44 260.62 264.95 269.99 275.78 281.99 286.87 289.27 289.04 286.15 281.24 276.07 272.08 269.03 265.68 261.34 257.29 254.61 253.05 252.5 253.49 255.53 258.08 263.75 272.4 280.16 286.48 291.86 296.79 301.61 306.53 311.63 -9999 -9999 -9999 -9999 -9999 -9999 -9999 -9999 -9999 -9999 -9999 -9999 -9999 -9999 -9999 -9999 -9999 -9999 -9999
-9999 -9999 -9999 -9999 -9999 -9999 -9999 -9999 -9999 -9999 -9999 -9999 -9999 -9999 -9999 250.05 249.33 248.52 247.96 248.39 250.91 254.41 257.27 260.09 263.6 267.72 271.7 274.51 275.75 275.37 273.51 270.92 268.83 267.71 266.41 263.25 257.74 252.37 248.54 246.17 244.87 244.93 247.12 249.32 252.8 261.76 270.71 277.9 283.81 -9999 -9999 -9999 -9999 -9999 -9999 -9999 -9999 -9999 -9999 -9999 -9999 -9999 -9999 -9999 -9999 -9999 -9999 -9999 -9999 -9999 -9999 -9999
