raw_data/evaporacion/evapmar.txt
ncols         178
nrows         142
xllcorner     111.875
yllcorner     -44.625
cellsize      0.25
NODATA_value  -9999
[rows 64 to 95 of 142, columns 72 to 143 of 178]
345.63 343.52 341.17 338.57 335.78 332.9 330.1 327.52 325.28 323.42 321.98 320.91 320.17 319.7 319.43 319.32 319.33 319.47 319.79 320.37 321.29 322.62 324.41 326.65 329.26 332.08 334.9 337.49 339.64 341.16 341.91 341.71 340.46 338.15 335.06 332.17 330.64 329.31 327.88 326.4 325.31 325.33 325.28 324.27 322.06 318.66 314.22 309.31 305.13 301.12 297.2 293.35 289.64 286.25 283.23 280.46 277.46 273.48 268.1 261.18 252.95 244.65 237.08 229.83 223.47 218.4 214.02 210.79 208.4 206.23 204.92 205.32
346.85 344.88 342.64 340.13 337.36 334.36 331.42 328.72 326.37 324.41 322.81 321.57 320.66 320.05 319.7 319.57 319.65 319.95 320.51 321.4 322.69 324.44 326.67 329.35 332.38 335.55 338.64 341.41 343.64 345.16 345.78 345.33 343.63 340.71 337.35 335.64 334.59 333.4 331.92 330.19 328.41 327.43 327.64 327.05 325.02 321.6 317.01 311.91 307.51 303.26 299.11 295.07 291.2 287.7 284.58 281.69 278.7 275.09 270.45 264.81 258.41 251.86 245.63 239.67 234.04 228.87 224.05 219.51 215 210.63 207.19 205.66
347.3 345.49 343.37 340.84 337.83 334.28 330.99 328.24 326.04 324.33 322.84 321.58 320.65 320.04 319.72 319.64 319.82 320.29 321.1 322.32 323.99 326.18 328.88 332.03 335.47 338.96 342.27 345.16 347.44 348.95 349.49 348.87 346.91 343.75 340.74 339.63 338.75 337.61 336.15 334.38 332.37 330.64 330.66 330.22 328.26 324.8 320.09 314.72 309.88 305.34 300.98 296.83 292.98 289.58 286.54 283.64 280.61 277.15 273.13 268.65 263.91 259.17 254.69 250.56 246.41 241.52 235.67 228.69 221.08 213.32 206.33 201.89
346.96 345.26 343.01 339.79 335.81 331.95 328.58 325.78 323.55 321.84 320.56 319.64 319.07 318.79 318.76 318.91 319.25 319.92 321 322.53 324.58 327.24 330.52 334.29 338.36 342.21 345.67 348.62 350.91 352.41 352.96 352.34 350.4 347.28 344.41 343.46 342.68 341.63 340.27 338.6 336.68 334.91 334.72 334.08 331.93 328.29 323.46 317.89 312.34 307.42 302.89 298.71 294.95 291.63 288.59 285.61 282.41 278.84 275.02 271.19 267.69 264.69 262.33 260.45 257.72 252.78 246.14 236.69 225.21 212.77 200.72 193.42
345.71 343.78 340.59 336.45 332.27 328.48 325.17 322.39 320.11 318.34 317.01 316.1 315.54 315.29 315.32 315.6 316.15 317.03 318.31 320.08 322.46 325.57 329.57 334.55 340.27 345.09 348.72 351.65 353.92 355.43 356.05 355.62 353.99 351.19 348.13 347.06 346.42 345.61 344.54 343.23 341.74 340.39 340.13 338.93 336.18 332.08 326.96 321.21 315.26 309.63 304.8 300.55 296.8 293.41 290.23 287.04 283.55 279.72 275.92 272.38 269.53 267.8 267.28 267.1 263.83 258.44 251.51 241.72 227.09 210.08 194.17 189.26
343.07 340.05 336 331.79 327.82 324.21 321.02 318.29 316.02 314.21 312.83 311.86 311.24 310.97 311.02 311.38 312.08 313.16 314.69 316.76 319.49 323.04 327.55 333.21 340.05 347.01 351.26 354.14 356.33 357.83 358.58 358.46 357.37 355.34 352.79 351.06 350.48 350.18 349.79 349.31 348.78 348.27 347.38 345.08 341.28 336.29 330.54 324.39 318.17 312.19 306.76 302.06 298.06 294.39 290.87 287.36 283.41 279.34 275.53 272.27 269.7 268.58 268.95 269.55 266.37 260.86 253.59 243.2 227.35 208.77 192.46 188.86
338.05 334.28 330.27 326.34 322.63 319.23 316.18 313.53 311.3 309.49 308.09 307.09 306.47 306.22 306.33 306.8 307.66 308.96 310.76 313.16 316.28 320.25 325.24 331.4 338.89 347.13 352.96 355.98 358.01 359.49 360.37 360.6 360.17 359.11 357.7 356.47 356.01 356.61 357.51 358.4 359.08 358.78 356.79 352.94 347.54 341.12 334.24 327.29 320.52 314.1 308.15 302.81 298.19 294 290.04 286.2 282.05 277.89 274.06 270.83 268.38 267.42 267.75 268.22 266.26 261.09 253.37 242.01 227.06 210.2 194.61 189.85
331.27 327.61 323.91 320.29 316.84 313.64 310.73 308.18 306.01 304.23 302.85 301.88 301.3 301.11 301.33 301.96 303.03 304.6 306.72 309.49 313.01 317.43 322.88 329.53 337.54 346.58 353.98 357.07 358.89 360.29 361.26 361.82 362.01 361.96 361.95 362.35 363.55 365.76 368.43 370.54 371.85 371.32 368.38 362.73 355.19 346.73 338.14 329.91 322.21 315.05 308.38 302.24 296.81 292.06 287.63 283.44 279.32 275.22 271.4 268.05 265.72 264.82 264.86 264.65 262.71 257.91 249.96 239.12 226.56 213.56 201.58 194.59
323.94 320.59 317.19 313.84 310.61 307.59 304.83 302.39 300.29 298.57 297.26 296.35 295.87 295.81 296.21 297.07 298.42 300.32 302.82 306.01 309.99 314.87 320.8 327.93 336.4 346.03 354.34 357.32 358.89 360.16 361.16 361.97 362.7 363.57 364.93 367.2 370.69 375.28 379.77 381.99 382.69 382.12 379.69 373.28 363.84 352.92 342.14 332.2 323.24 315.09 307.51 300.42 294.18 288.89 283.96 279.35 275.07 271.05 267.29 264.06 261.88 261.04 260.88 260.16 257.76 252.95 245.51 235.99 225.61 215.85 207.84 202.62
316.58 313.47 310.32 307.18 304.15 301.29 298.67 296.34 294.34 292.72 291.51 290.74 290.42 290.58 291.24 292.42 294.15 296.47 299.44 303.13 307.62 313.02 319.45 327.05 335.96 345.87 353.97 356.61 357.91 359.02 360 360.97 362.12 363.76 366.35 370.4 376.19 383.05 387.74 388.74 388.23 386.76 384.24 379.79 371.46 358.81 345.72 333.93 323.59 314.37 305.82 297.78 290.93 285.08 279.63 274.61 270.1 266.06 262.45 259.3 257.06 255.91 254.8 253.08 250.25 245.83 239.63 231.99 223.71 216.07 210.21 206.15
309.43 306.5 303.52 300.56 297.68 294.96 292.47 290.26 288.4 286.93 285.89 285.33 285.27 285.75 286.78 288.39 290.61 293.47 297.01 301.3 306.39 312.37 319.35 327.43 336.73 346.48 352.72 354.72 355.8 356.76 357.7 358.76 360.19 362.4 365.95 371.42 379.15 387.56 390.62 390.46 389.2 387.16 384.34 380.6 374.59 362.65 348 334.6 323.09 312.97 303.63 294.85 287.56 281.25 275.54 270.41 265.62 261.22 257.55 254.31 251.67 249.77 247.73 245.17 241.9 237.71 232.53 226.6 220.45 214.77 209.97 205.98
302.69 299.88 297.02 294.18 291.43 288.84 286.48 284.42 282.74 281.47 280.7 280.44 280.75 281.66 283.19 285.36 288.21 291.74 295.99 301 306.8 313.45 321.03 329.6 338.97 347.17 350.21 351.44 352.38 353.25 354.14 355.23 356.81 359.34 363.44 369.75 378.61 387.85 389.54 388.77 387.26 385.09 382.22 378.6 373.41 363.12 347.93 333.67 321.53 310.95 301.21 292.03 284.37 277.78 272 266.75 261.77 257.11 253.17 249.63 246.65 244.33 241.74 238.69 235.16 231.16 226.72 221.99 217.26 212.84 208.81 204.77
296.53 293.77 290.98 288.23 285.58 283.13 280.93 279.06 277.61 276.64 276.21 276.37 277.18 278.65 280.82 283.7 287.32 291.69 296.8 302.67 309.31 316.74 324.86 333.07 340.54 344.02 345.52 346.58 347.48 348.3 349.17 350.25 351.85 354.42 358.6 365 373.94 383.35 385.57 384.9 383.43 381.36 378.62 375.16 370.11 359.85 344.84 330.77 318.76 308.3 298.67 289.5 281.44 274.73 268.76 263.37 258.3 253.54 249.41 245.55 242.51 239.76 236.66 233.22 229.57 225.8 221.97 218.13 214.37 210.82 207.44 203.78
291.04 288.3 285.55 282.87 280.33 278.01 276.01 274.39 273.25 272.66 272.68 273.38 274.8 276.98 279.94 283.71 288.27 293.62 299.76 306.6 313.82 321.26 328.53 333.02 336 337.77 339.08 340.16 341.06 341.88 342.71 343.73 345.22 347.59 351.39 357.17 365.19 374.17 378.93 379.27 378.07 376.22 373.71 370.36 364.6 352.86 338.76 325.9 314.8 305.02 295.98 287.23 278.94 272.03 265.92 260.37 255.28 250.55 246.12 242.09 238.73 235.22 231.41 227.51 223.78 220.32 217.15 214.18 211.33 208.59 205.92 203.14
286.28 283.53 280.81 278.19 275.77 273.63 271.87 270.56 269.81 269.7 270.29 271.65 273.82 276.86 280.77 285.57 291.2 297.41 303.97 310.83 316.66 320.62 323.99 326.5 328.47 330.11 331.47 332.55 333.43 334.17 334.88 335.74 336.97 338.92 342.03 346.71 353.14 360.9 367.86 370.67 370.54 369.13 366.68 362.59 354.25 342.45 330.39 319.47 309.83 301.14 293 285.07 277.29 270.01 263.62 258.02 252.82 247.85 243.3 238.98 234.49 229.68 224.79 220.25 216.4 213.4 211.13 209.29 207.6 205.87 204.09 202.35
282.09 279.47 276.79 274.25 271.98 270.06 268.59 267.67 267.4 267.86 269.12 271.27 274.34 278.35 283.16 288.51 294.42 299.86 303.82 307.47 310.78 313.55 316.06 318.34 320.38 322.13 323.54 324.6 325.35 325.84 326.23 326.68 327.44 328.77 330.99 334.36 339.01 344.68 350.54 355.01 357.28 356.91 353.69 347.82 339.57 330.14 320.79 312.09 304.13 296.72 289.61 282.62 275.7 268.97 262.66 256.87 251.48 246.26 240.95 235.25 228.98 222.34 215.9 210.4 206.42 204.05 203.1 202.9 202.83 202.48 201.83 201.16
278 275.9 273.45 271.05 268.96 267.3 266.2 265.74 266.04 267.17 269.22 272.2 275.84 280.25 284.75 288.1 291.33 294.49 297.33 300.08 302.8 305.48 308.1 310.65 313.03 315.11 316.74 317.8 318.25 318.19 317.84 317.46 317.35 317.77 318.94 321 323.99 327.68 331.58 334.93 336.91 336.84 334.49 330.09 324.24 317.66 310.91 304.34 298.01 291.86 285.77 279.67 273.58 267.57 261.72 256.05 250.42 244.53 237.99 230.52 222.12 213.47 205.61 199.34 195.27 193.34 193.58 195.1 197.07 198.5 199.22 199.63
273.92 272.29 270.49 268.45 266.66 265.34 264.67 264.75 265.66 267.33 269.86 272.99 275.41 277.78 280.25 282.55 284.91 287.36 289.88 292.48 295.2 298.12 301.26 304.58 307.9 310.89 313.15 314.35 314.33 313.24 311.47 309.52 307.87 306.87 306.72 307.47 309.04 311.21 313.62 315.78 317.18 317.4 316.25 313.79 310.3 306.11 301.52 296.72 291.78 286.72 281.53 276.23 270.86 265.46 260.06 254.57 248.75 242.21 234.52 225.35 215.11 206.05 199.25 193.77 189.8 187.37 186.53 187.65 191.16 194.45 196.57 197.97
270.15 268.63 267.22 265.91 264.72 263.85 263.61 264.14 265.36 266.6 267.96 269.52 271.02 272.62 274.38 276.29 278.32 280.49 282.83 285.43 288.45 292.07 296.42 301.43 306.73 311.65 315.31 316.97 316.29 313.48 309.27 304.61 300.38 297.18 295.25 294.55 294.88 295.96 297.45 299.01 300.32 301.08 301.1 300.31 298.7 296.35 293.37 289.86 285.92 281.65 277.13 272.45 267.65 262.78 257.79 252.53 246.69 239.82 231.42 221.21 210.6 202.9 196.08 191.08 187.35 184.44 183.63 184.18 186.96 191.33 194.52 196.58
266.75 265.27 263.93 262.84 262.05 261.61 261.56 261.88 262.48 263.19 264 264.95 266.05 267.31 268.74 270.32 272.06 274.01 276.28 279.11 282.81 287.79 294.31 302.26 310.99 319.23 325.37 328.01 326.45 321.07 313.12 304.3 296.16 289.71 285.32 282.88 282.01 282.28 283.33 284.85 286.58 288.28 289.67 290.5 290.53 289.59 287.66 284.83 281.3 277.3 273.04 268.67 264.24 259.78 255.19 250.28 244.73 238.08 229.8 219.94 210.88 203.54 196.89 192.65 189.13 185.93 184.28 184.86 186.21 190.53 194 196.17
263.66 262.23 260.92 259.86 259.12 258.71 258.6 258.7 258.97 259.37 259.88 260.51 261.28 262.21 263.3 264.58 266.07 267.88 270.23 273.52 278.35 285.38 295.05 307.25 320.78 332.99 340.93 344.09 341.88 334.64 323.16 309 295.62 284.88 277.35 272.83 270.73 270.43 271.47 273.51 276.32 279.61 282.94 285.77 287.52 287.75 286.31 283.38 279.37 274.79 270.05 265.42 261 256.73 252.51 248.11 243.25 237.53 230.5 222.3 215.2 208.41 201.82 197.53 193.97 190.82 189.32 189.82 190.49 193.38 196.04 197.67
260.85 259.45 258.17 257.13 256.37 255.89 255.64 255.56 255.59 255.71 255.91 256.2 256.62 257.2 257.96 258.96 260.25 262.01 264.57 268.55 274.8 284.3 297.73 314.76 332.4 344.18 347 347.03 345.68 342.46 333.91 316.76 297.81 282.21 271.18 264.42 261.15 260.54 262.03 265.29 270.07 275.97 282.27 287.95 291.91 293.26 291.72 287.65 281.91 275.47 269.15 263.41 258.38 253.96 249.97 246.18 242.36 238.27 233.59 228.27 223.16 217.67 211.73 206.78 202.98 200.09 199.12 198.9 198.99 200.28 201.49 202.11
258.28 256.91 255.65 254.6 253.8 253.23 252.84 252.55 252.33 252.14 251.99 251.91 251.94 252.13 252.57 253.32 254.5 256.32 259.21 263.93 271.59 283.45 300.38 320.91 336.37 340.87 341.14 340.32 338.99 336.95 332.85 321.58 300.15 280.28 266.06 257.34 253.16 252.61 255.09 260.36 268.18 278 288.7 298.43 304.72 306.71 304.56 298.83 290.32 280.54 271.25 263.29 256.86 251.77 247.73 244.49 241.89 239.85 238.25 236.56 233.36 229.72 225.88 221.93 218.1 214.66 212.11 210.43 209.84 210.29 210.28 209.91
255.92 254.55 253.29 252.22 251.37 250.69 250.13 249.62 249.11 248.59 248.05 247.53 247.1 246.87 246.96 247.54 248.76 250.82 254.15 259.55 268.23 281.6 300.56 321.43 330.59 332.71 332.6 331.53 329.94 327.76 324.43 317.49 298.93 277.28 261.03 251.09 246.51 246.43 250.42 258.39 270.22 285.15 300.8 313.24 318.91 319.11 316.23 310.64 300.98 288.44 276.3 265.33 256.69 250.35 245.87 242.93 241.43 241.41 242.93 244.81 243.4 241.83 240.24 237.73 234.12 229.62 224.99 221.56 219.81 219.32 218.96 217.99
253.74 252.34 251.06 249.96 249.03 248.22 247.48 246.73 245.92 245.03 244.05 243.01 242.03 241.33 241.09 241.6 243.04 245.57 249.5 255.53 264.67 278.22 296.36 313.39 320.41 323.02 323.3 322.14 320.04 316.92 312.24 305.42 291.98 271.89 255.47 245.34 240.93 241.64 247.34 258.27 274.49 294.18 309.89 316.77 319.39 318.6 314.53 307.53 298.65 289.36 279.84 267.78 257.45 249.62 244.33 241.3 240.47 241.97 245.9 250.53 250.83 251 249.99 247.33 244.17 240.41 234.76 229.66 226.45 224.57 223 220.89
251.67 250.24 248.92 247.76 246.74 -9999 244.86 243.86 242.75 241.47 240.02 238.4 236.86 235.86 235.44 235.91 237.49 240.47 245 251.62 260.63 272.71 287.42 299.42 306.81 310.86 312.15 310.96 307.87 302.85 295.83 287.26 276.57 262.47 248.91 240.08 236.29 237.72 244.8 258.14 277.7 298.5 308.57 314.12 315.37 313.54 309.19 300.76 289.64 279.54 271.35 263.99 256.6 248.83 242.79 239.33 238.59 240.74 245.97 252.38 253.88 254.95 253.93 251.33 248.44 245.02 239.33 233.4 229.3 226.76 224.8 222.2
-9999 -9999 -9999 -9999 -9999 -9999 -9999 241.02 239.62 237.99 236.08 233.97 232.18 230.69 230.1 230.61 232.16 235.56 240.39 246.36 253.62 262.4 272.38 281.91 289.79 295.05 297.08 295.68 291.14 283.98 275.05 265.37 255.79 246.75 239.22 234.27 231.77 233.77 241.6 255.95 275.61 292.23 301.53 307.28 307.25 304.47 299.36 290.3 277.18 265.39 257.35 252.59 249.62 245.97 240.63 236.74 235.58 237.51 242.74 249.66 251.92 253.1 253.03 251.06 248.35 244.73 238.71 233.03 229.1 226.78 224.84 221.06
-9999 -9999 -9999 -9999 -9999 -9999 -9999 -9999 -9999 234.67 -9999 -9999 228.06 226.47 226.33 227.06 228.66 231.9 237.22 243.01 248.63 253.96 259.28 265.03 270.99 275.86 277.85 275.86 270.2 262.28 253.78 245.86 238.9 232.97 228.25 225.19 224.38 227.31 235.52 248.95 265.65 279.34 289.46 296.37 296.83 293.57 286.91 275.73 261.72 250.2 242.79 238.96 238.99 239.46 237.08 233.33 231.52 232.63 236.85 242.92 245.57 246.24 246.45 245.54 243.03 239.07 234.28 230.01 226.9 224.87 222.38 218.06
-9999 -9999 -9999 -9999 -9999 -9999 -9999 -9999 -9999 -9999 -9999 -9999 -9999 -9999 -9999 224.24 226.26 230.18 236.44 242.87 247.66 250.45 251.67 252.33 253.91 256.11 256.84 254.35 249.05 242.97 237.83 233.67 229.64 225.4 221.23 218 216.69 218.2 223.61 233.66 247.15 260.26 270.91 278.62 281.92 279.38 271.68 259.4 247.07 238.45 232.92 229.55 229.46 232.26 232.61 229.18 226.76 226.89 229.77 234.33 236.28 236.32 236.03 235.28 233.7 231.36 228.73 226.27 224.13 222.1 219.08 214.44
-9999 -9999 -9999 -9999 -9999 -9999 -9999 -9999 -9999 -9999 -9999 -9999 -9999 -9999 -9999 -9999 -9999 229.99 237.16 243.51 246.27 247.13 246.77 243.88 240.73 239.3 238.2 235.73 232.28 229.69 228.57 226.76 223.27 219.44 215.59 211.99 209.77 210.04 212.9 218.79 227.76 238.17 247.71 254.98 259 258.58 253.25 243.81 234.75 229.03 225.34 222.99 223.57 227.02 228.11 224.7 221.81 221.15 222.84 225.5 225.8 225.32 224.98 224.86 224.76 224.5 224.11 223.53 222.19 219.73 215.64 210.5
-9999 -9999 -9999 -9999 -9999 -9999 -9999 -9999 -9999 -9999 -9999 -9999 -9999 -9999 -9999 -9999 -9999 229.37 235.96 239.49 239.92 239.17 237.92 235.36 229.95 226.09 223.87 222.01 220.72 220.97 221.23 218.81 215.48 212.08 208.71 205.5 203.09 202.83 204.61 207.76 212.6 218.96 225.79 231.9 236.36 238.3 236.99 232.35 226.31 222.38 220.2 219.38 221.84 224.52 224.66 220.66 217.29 216.07 216.52 216.51 215.33 214.11 213.86 215.07 217.23 219.47 221.17 221.8 219.97 216.51 211.77 206.03
-9999 -9999 -9999 -9999 -9999 -9999 -9999 -9999 -9999 -9999 -9999 -9999 -9999 -9999 -9999 -9999 -9999 226.03 230.58 231.62 230.39 228.42 226.15 223.31 218.62 214.7 212.67 211.86 212.15 213.59 213.6 -9999 -9999 205.57 202.85 200.36 198.25 197.13 198.22 200.04 202.48 205.88 210.15 214.93 219.63 223.44 225.49 225.39 223.64 221.86 221.07 221.55 223.01 223.84 222.61 217.82 213.84 211.9 210.59 208.28 205.21 203.01 203.14 206.3 211.17 215.94 218.56 218.52 216.27 212.53 207.46 200.84
