raw_data/evaporacion/evapjun.txt
ncols         178
nrows         142
xllcorner     111.875
yllcorner     -44.625
cellsize      0.25
NODATA_value  -9999
[rows 68 to 101 of 142, columns 0 to 75 of 178]
-9999 -9999 -9999 -9999 -9999 107.05 -9999 -9999 -9999 107.98 108.2 108.42 108.66 108.91 109.15 109.4 109.66 109.95 110.32 110.84 111.58 112.63 113.92 115.03 115.51 115.81 116.12 116.44 116.76 116.98 116.68 115.93 115.32 114.99 114.85 114.84 114.87 114.88 114.85 114.78 114.68 114.58 114.48 114.42 114.39 114.4 114.44 114.51 114.59 114.67 114.73 114.75 114.72 114.64 114.53 114.41 114.31 114.23 114.22 114.27 114.38 114.55 114.75 114.97 115.19 115.38 115.52 115.6 115.59 115.47 115.22 114.79 114.14 113.27 112.3 111.28
-9999 -9999 -9999 -9999 -9999 -9999 106.31 -9999 106.73 106.93 107.11 107.26 107.39 107.49 107.56 107.62 107.68 107.79 107.99 108.38 109.04 110.05 111.29 112.11 112.38 112.58 112.81 113.07 113.34 113.57 113.46 112.58 111.79 111.3 111.04 110.91 110.83 110.76 110.66 110.55 110.43 110.34 110.29 110.29 110.34 110.46 110.64 110.87 111.15 111.44 111.73 111.98 112.19 112.33 112.41 112.44 112.45 112.46 112.49 112.56 112.67 112.82 113.01 113.21 113.42 113.6 113.74 113.82 113.83 113.72 113.49 113.09 112.53 111.9 111.22 110.38
-9999 -9999 -9999 -9999 -9999 -9999 -9999 105.76 105.95 106.11 106.22 106.26 106.21 106.09 105.91 105.71 105.53 105.41 105.41 105.62 106.12 106.99 108.11 108.83 109.03 109.16 109.33 109.53 109.75 109.94 109.77 108.85 108.02 107.48 107.17 107 106.89 106.79 106.68 106.58 106.5 106.45 106.44 106.5 106.62 106.83 107.12 107.5 107.96 108.46 108.98 109.47 109.9 110.26 110.54 110.74 110.88 110.98 111.06 111.15 111.26 111.39 111.55 111.72 111.89 112.04 112.15 112.21 112.2 112.08 111.84 111.49 111.09 110.62 110.01 109.24
-9999 -9999 -9999 -9999 -9999 -9999 -9999 -9999 105.43 105.6 105.65 105.54 105.26 104.83 104.32 103.77 103.27 102.86 102.62 102.6 102.89 103.53 104.47 105.28 105.52 105.61 105.73 105.89 106.07 106.13 105.68 104.81 104.08 103.61 103.34 103.19 103.1 103.02 102.95 102.9 102.86 102.86 102.91 103 103.16 103.42 103.8 104.32 104.95 105.67 106.43 107.16 107.83 108.41 108.89 109.26 109.55 109.76 109.92 110.05 110.16 110.28 110.4 110.53 110.65 110.75 110.81 110.83 110.77 110.62 110.38 110.1 109.74 109.26 108.64 107.86
-9999 -9999 -9999 -9999 -9999 -9999 -9999 -9999 105.3 105.57 105.63 105.38 104.8 103.96 102.97 101.95 101.01 100.25 99.7 99.42 99.45 99.8 100.46 101.24 101.73 101.91 102.05 102.16 102.23 102.01 101.35 100.64 100.11 99.78 99.6 99.52 99.49 99.48 99.48 99.5 99.53 99.58 99.65 99.75 99.93 100.24 100.71 101.35 102.14 103.05 104.05 105.05 105.96 106.77 107.45 108 108.44 108.78 109.03 109.22 109.37 109.48 109.58 109.66 109.73 109.77 109.77 109.72 109.6 109.4 109.15 108.82 108.38 107.82 107.13 106.29
-9999 -9999 -9999 -9999 -9999 -9999 -9999 -9999 -9999 106.3 106.49 106.15 105.22 103.81 102.14 100.45 98.93 97.69 96.78 96.2 95.94 96 96.33 96.84 97.38 97.79 98.03 98.04 97.83 97.44 96.95 96.52 96.22 96.07 96.03 96.05 96.12 96.19 96.29 96.39 96.49 96.58 96.67 96.77 97 97.5 98.18 98.95 99.78 100.71 101.88 103.12 104.29 105.32 106.19 106.92 107.52 107.99 108.35 108.63 108.82 108.96 109.05 109.11 109.12 109.1 109.04 108.91 108.71 108.41 108.03 107.57 107.01 106.33 105.53 104.61
-9999 -9999 -9999 -9999 -9999 -9999 -9999 -9999 -9999 107.94 108.38 107.96 106.7 104.59 102.03 99.43 97.13 95.28 93.93 93.02 92.49 92.28 92.32 92.54 92.84 93.13 93.31 93.33 93.21 92.99 92.77 92.61 92.54 92.56 92.66 92.81 92.98 93.16 93.36 93.55 93.73 93.88 93.99 94.14 94.62 95.34 96.17 97.05 97.97 98.93 100.04 101.45 102.83 104.06 105.12 106.01 106.75 107.35 107.82 108.19 108.45 108.63 108.73 108.77 108.76 108.69 108.56 108.35 108.03 107.57 107.03 106.41 105.68 104.85 103.92 102.88
-9999 -9999 -9999 -9999 -9999 -9999 -9999 -9999 -9999 109.67 109.97 109.35 108.2 105.74 102.47 98.86 95.62 93.05 91.2 89.95 89.18 88.75 88.57 88.57 88.67 88.8 88.92 88.98 88.98 88.96 88.96 89.01 89.12 89.3 89.53 89.79 90.08 90.38 90.69 91 91.27 91.49 91.66 91.92 92.62 93.49 94.43 95.41 96.44 97.5 98.63 100.08 101.62 103.02 104.22 105.24 106.1 106.81 107.39 107.83 108.16 108.38 108.51 108.54 108.51 108.4 108.21 107.94 107.52 106.9 106.17 105.36 104.45 103.46 102.37 101.19
-9999 -9999 -9999 -9999 -9999 -9999 -9999 -9999 -9999 -9999 107.97 107.13 106.19 104.83 102.45 98.32 94.19 90.91 88.57 87.01 86.03 85.44 85.11 84.97 84.95 85.01 85.09 85.18 85.28 85.4 85.55 85.74 86 86.3 86.64 87.02 87.43 87.85 88.28 88.7 89.08 89.41 89.68 90.05 90.87 91.85 92.89 93.98 95.11 96.26 97.5 99.03 100.68 102.18 103.48 104.6 105.55 106.34 106.99 107.5 107.87 108.12 108.26 108.3 108.25 108.1 107.87 107.55 107.1 106.4 105.49 104.47 103.37 102.19 100.94 99.64
-9999 -9999 -9999 -9999 -9999 -9999 -9999 -9999 -9999 -9999 -9999 104.01 103.08 102.06 100.48 97.07 92.48 88.66 85.95 84.16 83.02 82.33 81.91 81.7 81.64 81.67 81.76 81.89 82.05 82.25 82.5 82.8 83.16 83.56 84.01 84.5 85.02 85.56 86.11 86.65 87.16 87.62 88.02 88.48 89.32 90.37 91.51 92.7 93.93 95.2 96.58 98.27 99.98 101.53 102.89 104.07 105.07 105.91 106.6 107.14 107.53 107.79 107.93 107.96 107.87 107.69 107.42 107.04 106.56 105.92 104.95 103.76 102.47 101.11 99.71 98.27
-9999 -9999 -9999 -9999 -9999 -9999 -9999 -9999 -9999 -9999 -9999 100.79 99.86 98.84 97.49 94.82 90.16 86.12 83.27 81.37 80.13 79.38 78.95 78.72 78.66 78.71 78.83 79 79.21 79.46 79.78 80.15 80.59 81.09 81.64 82.25 82.89 83.55 84.22 84.87 85.51 86.1 86.66 87.24 88 89.07 90.27 91.56 92.91 94.35 95.98 97.77 99.49 101.05 102.43 103.63 104.66 105.51 106.2 106.73 107.12 107.36 107.46 107.45 107.33 107.11 106.79 106.37 105.84 105.2 104.37 103.19 101.76 100.24 98.7 97.16
-9999 -9999 -9999 -9999 -9999 -9999 -9999 -9999 -9999 -9999 -9999 -9999 96.62 95.58 94.16 91.52 87.08 83.27 80.55 78.64 77.41 76.68 76.3 76.09 76.01 76.07 76.24 76.44 76.68 76.98 77.34 77.78 78.3 78.9 79.58 80.32 81.1 81.89 82.67 83.42 84.14 84.84 85.54 86.26 87.08 88.08 89.26 90.63 92.18 93.86 95.65 97.45 99.16 100.72 102.11 103.31 104.33 105.16 105.81 106.29 106.61 106.78 106.82 106.75 106.57 106.3 105.94 105.49 104.93 104.26 103.47 102.48 101.17 99.59 97.94 96.33
-9999 -9999 -9999 -9999 -9999 -9999 -9999 -9999 -9999 -9999 -9999 -9999 93.38 92.26 90.5 87.37 83.47 80.26 77.91 76.14 75.02 74.35 74 73.8 73.73 73.78 73.97 74.19 74.45 74.77 75.18 75.68 76.3 77.04 77.89 78.81 79.77 80.71 81.59 82.4 83.15 83.87 84.62 85.44 86.37 87.46 88.74 90.2 91.84 93.61 95.43 97.25 98.98 100.57 101.98 103.18 104.16 104.92 105.47 105.83 106.02 106.06 105.96 105.77 105.51 105.19 104.82 104.37 103.82 103.14 102.35 101.44 100.37 99.02 97.42 95.79
-9999 -9999 -9999 -9999 -9999 -9999 -9999 -9999 -9999 -9999 -9999 -9999 -9999 88.35 85.98 82.81 79.82 77.44 75.51 74.05 73.08 72.43 72.06 71.86 71.78 71.85 72.04 72.26 72.51 72.83 73.27 73.86 74.62 75.55 76.65 77.84 79.05 80.18 81.16 81.97 82.64 83.26 83.92 84.7 85.67 86.84 88.21 89.78 91.5 93.35 95.26 97.18 99.02 100.7 102.17 103.37 104.27 104.9 105.26 105.4 105.35 105.14 104.83 104.46 104.08 103.71 103.34 102.94 102.46 101.86 101.1 100.22 99.23 98.16 96.93 95.48
-9999 -9999 -9999 -9999 -9999 -9999 -9999 -9999 -9999 -9999 -9999 -9999 84.36 82.71 80.63 78.5 76.63 75.01 73.55 72.44 71.62 71.01 70.58 70.34 70.27 70.34 70.51 70.7 70.89 71.18 71.65 72.33 73.26 74.46 75.89 77.46 79 80.33 81.38 82.16 82.67 83.03 83.45 84.06 84.94 86.1 87.53 89.19 91.05 93.06 95.17 97.31 99.38 101.27 102.85 104.06 104.84 105.23 105.28 105.05 104.62 104.04 103.39 102.75 102.2 101.77 101.45 101.18 100.85 100.39 99.75 98.93 97.99 96.99 96 95.01
-9999 -9999 -9999 -9999 -9999 -9999 -9999 -9999 -9999 -9999 -9999 -9999 78 77.09 76.08 75.06 73.98 72.89 71.97 71.22 70.57 70 69.56 69.28 69.17 69.2 69.35 69.53 69.64 69.86 70.31 71.07 72.2 73.71 75.54 77.49 79.22 80.51 81.54 82.43 82.93 83.1 83.17 83.48 84.17 85.25 86.7 88.47 90.5 92.76 95.19 97.71 100.16 102.37 104.15 105.37 105.99 106.04 105.63 104.88 103.9 102.81 101.78 100.89 100.18 99.69 99.38 99.17 99.03 98.78 98.31 97.61 96.73 95.78 94.83 93.97
-9999 -9999 -9999 -9999 -9999 -9999 -9999 -9999 -9999 -9999 -9999 -9999 -9999 73.01 72.8 72.24 71.6 71.08 70.66 70.22 69.72 69.17 68.7 68.39 68.24 68.24 68.36 68.56 68.72 68.87 69.26 70.05 71.33 73.14 75.31 77.18 78.36 79.36 80.34 81.34 82.29 82.95 82.87 82.85 83.3 84.27 85.73 87.61 89.87 92.46 95.32 98.33 101.23 103.69 105.6 106.79 107.32 107.09 106.22 104.88 103.28 101.71 100.58 99.81 99.2 98.62 98.01 97.41 97.17 97.12 96.85 96.3 95.51 94.6 93.68 92.83
-9999 -9999 -9999 -9999 -9999 -9999 -9999 -9999 -9999 -9999 -9999 -9999 -9999 70.3 70.09 69.76 69.57 69.51 69.35 69.08 68.74 68.27 67.77 67.43 67.27 67.24 67.32 67.5 67.78 68.07 68.42 69.16 70.51 72.5 74.72 76.01 76.96 77.86 78.81 79.83 80.91 81.89 82.15 81.97 82.23 83.13 84.61 86.62 89.12 92.07 95.42 98.92 101.9 103.87 105.4 106.55 107.24 107.28 106.49 104.88 102.88 101.13 99.92 99.11 98.49 97.85 97.13 96.32 95.64 95.6 95.49 95.06 94.35 93.48 92.59 91.74
-9999 -9999 -9999 -9999 -9999 -9999 -9999 -9999 -9999 -9999 -9999 -9999 -9999 67.87 67.76 67.75 67.87 67.95 67.8 67.59 67.37 67.09 66.67 66.39 66.25 66.19 66.2 66.32 66.59 67.01 67.57 68.27 69.55 71.47 73.4 74.52 75.41 76.28 77.19 78.19 79.27 80.3 80.85 80.64 80.85 81.75 83.3 85.45 88.18 91.46 95.22 98.94 101.36 103.15 104.64 105.84 106.64 106.83 106.17 104.61 102.55 100.69 99.38 98.5 97.83 97.15 96.37 95.49 94.64 94.42 94.34 93.95 93.28 92.44 91.55 90.7
-9999 -9999 -9999 -9999 -9999 -9999 -9999 -9999 -9999 -9999 -9999 -9999 -9999 -9999 66.15 66.51 66.72 66.62 66.31 66.04 65.83 65.64 65.43 65.29 65.15 65.07 65.06 65.14 65.33 65.74 66.39 67.2 68.3 69.99 71.74 72.81 73.68 74.5 75.36 76.29 77.29 78.27 78.77 78.7 79.06 80.09 81.76 84.05 86.95 90.45 94.41 98.07 100.34 102.16 103.72 105 105.9 106.22 105.69 104.24 102.21 100.28 98.86 97.92 97.18 96.46 95.64 94.72 93.84 93.59 93.45 93.03 92.32 91.47 90.57 89.7
-9999 -9999 -9999 -9999 -9999 -9999 -9999 -9999 -9999 -9999 -9999 -9999 -9999 -9999 65.41 66.12 66.15 65.76 65.22 64.71 64.28 64.04 63.98 63.9 63.82 63.8 63.84 63.94 64.12 64.47 65.07 65.89 66.73 68.03 69.6 70.61 71.37 72.11 72.86 73.66 74.53 75.39 75.79 76.08 76.82 78.12 79.98 82.39 85.37 88.94 92.97 96.73 99.13 101.05 102.7 104.08 105.07 105.51 105.13 103.82 101.85 99.87 98.38 97.35 96.55 95.78 94.94 94.02 93.29 93.1 92.82 92.26 91.47 90.56 89.63 88.73
-9999 -9999 -9999 -9999 -9999 -9999 -9999 -9999 -9999 -9999 -9999 -9999 -9999 -9999 -9999 64.43 64.5 64.4 64.08 63.49 62.58 62.18 62.22 62.27 62.33 62.42 62.55 62.72 62.93 63.23 63.75 64.41 64.9 65.63 66.58 67.39 67.89 68.37 68.91 69.51 70.22 71 71.77 72.77 74.13 75.86 77.98 80.5 83.49 86.96 90.89 94.83 97.68 99.8 101.58 103.05 104.15 104.69 104.44 103.25 101.41 99.49 97.97 96.88 96.02 95.22 94.4 93.63 93.23 92.89 92.35 91.59 90.68 89.69 88.72 87.77
-9999 -9999 -9999 -9999 -9999 -9999 -9999 -9999 -9999 -9999 -9999 -9999 -9999 -9999 -9999 61.9 61.95 61.95 61.83 61.42 60.48 59.98 60.01 60.25 60.54 60.82 61.1 61.38 61.66 62 62.48 62.96 63.06 63.12 63.15 63.05 62.94 62.93 63.07 63.4 63.96 65.01 66.73 68.79 71.01 73.34 75.8 78.45 81.39 84.68 88.31 92.13 95.62 98.18 100.17 101.77 102.94 103.52 103.2 102.09 100.68 99.25 97.94 96.84 95.92 95.17 94.53 93.95 -9999 -9999 -9999 -9999 -9999 -9999 -9999 -9999
-9999 -9999 -9999 -9999 -9999 -9999 -9999 -9999 -9999 -9999 -9999 -9999 -9999 -9999 -9999 59.1 59.02 58.88 58.67 58.32 57.77 57.41 57.47 57.83 58.29 58.79 59.29 59.78 60.25 60.75 61.32 61.74 61.57 61.01 60.02 58.72 57.62 56.73 56.2 56.23 56.85 58.18 60.9 64.25 67.55 70.62 73.51 76.32 79.22 82.29 85.58 89.01 92.38 95.36 97.79 99.59 100.7 101.15 101.01 100.46 99.72 98.89 98.05 97.23 96.46 -9999 -9999 -9999 -9999 -9999 -9999 -9999 -9999 -9999 -9999 -9999
-9999 -9999 -9999 -9999 -9999 -9999 -9999 -9999 -9999 -9999 -9999 -9999 -9999 -9999 -9999 56.46 56.21 55.9 55.54 55.15 54.91 54.91 55.09 55.43 55.88 56.44 57.11 57.94 58.75 59.56 60.42 61.06 60.94 59.99 58.22 56 53.49 50.94 49.15 48.93 50.25 52.39 55.23 59.53 63.99 67.88 71.24 74.24 77.11 79.99 82.97 86.03 89.05 91.87 94.3 96.21 97.55 98.36 98.73 98.8 98.64 98.33 97.9 -9999 -9999 -9999 -9999 -9999 -9999 -9999 -9999 -9999 -9999 -9999 -9999 -9999
-9999 -9999 -9999 -9999 -9999 -9999 -9999 -9999 -9999 -9999 -9999 -9999 -9999 -9999 -9999 54.81 54.42 53.97 53.48 53.01 52.84 52.99 53.07 53.26 53.63 54.18 55.04 56.17 57.28 58.51 59.97 61.24 61.58 60.66 58.58 55.26 50.61 45.73 42.39 41.87 44.12 48 51.91 55.84 60.83 65.42 69.18 72.34 75.17 77.89 80.63 83.4 86.15 88.77 91.12 -9999 -9999 -9999 -9999 -9999 -9999 -9999 -9999 -9999 -9999 -9999 -9999 -9999 -9999 -9999 -9999 -9999 -9999 -9999 -9999 -9999
-9999 -9999 -9999 -9999 -9999 -9999 -9999 -9999 -9999 -9999 -9999 -9999 -9999 -9999 -9999 54.7 54.25 53.69 53.02 52.26 51.72 51.51 51.24 51.22 51.55 52.25 53.28 54.47 55.83 57.63 59.92 62.07 63.21 62.99 61.18 56.99 50.38 44.7 41.75 40.71 41.42 45.27 50.66 54.76 58.93 63.6 67.54 70.72 73.48 76.05 78.59 81.15 83.72 -9999 -9999 -9999 -9999 -9999 -9999 -9999 -9999 -9999 -9999 -9999 -9999 -9999 -9999 -9999 -9999 -9999 -9999 -9999 -9999 -9999 -9999 -9999
-9999 -9999 -9999 -9999 -9999 -9999 -9999 -9999 -9999 -9999 -9999 -9999 -9999 -9999 -9999 54.97 54.67 54.15 53.27 51.83 50.21 49.35 49.1 49.3 49.81 50.55 51.48 52.66 54.33 56.79 59.99 63.22 65.74 67.21 66.62 62.6 55.6 49.31 45.57 43.98 43.93 46.13 51.6 55.68 58.67 62.76 66.48 69.49 72.07 -9999 -9999 -9999 -9999 -9999 -9999 -9999 -9999 -9999 -9999 -9999 -9999 -9999 -9999 -9999 -9999 -9999 -9999 -9999 -9999 -9999 -9999 -9999 -9999 -9999 -9999 -9999
-9999 -9999 -9999 -9999 -9999 -9999 -9999 -9999 -9999 -9999 -9999 -9999 -9999 -9999 -9999 53.67 53.73 53.37 52.19 49.75 46.93 45.59 45.65 46.52 47.6 48.52 49.47 50.77 52.79 55.83 59.84 64.3 68.75 72.5 72.77 69.18 63.14 56.68 52.07 50.06 49.97 51.43 55.05 57.96 60.07 62.96 66.02 68.64 70.93 -9999 -9999 -9999 -9999 -9999 -9999 -9999 -9999 -9999 -9999 -9999 -9999 -9999 -9999 -9999 -9999 -9999 -9999 -9999 -9999 -9999 -9999 -9999 -9999 -9999 -9999 -9999
-9999 -9999 -9999 -9999 -9999 -9999 -9999 -9999 -9999 -9999 -9999 -9999 -9999 -9999 -9999 50.53 50.82 50.55 49.08 46.32 43.74 42.44 42.36 43.53 45.26 46.54 47.61 49.03 51.27 54.69 59.27 64.73 70.8 75.96 76.04 73.52 69.25 63.91 59.5 57.44 57.25 58.1 59.57 60.75 61.89 63.74 65.98 68.07 70 -9999 -9999 -9999 -9999 -9999 -9999 -9999 -9999 -9999 -9999 -9999 -9999 -9999 -9999 -9999 -9999 -9999 -9999 -9999 -9999 -9999 -9999 -9999 -9999 -9999 -9999 -9999
-9999 -9999 -9999 -9999 -9999 -9999 -9999 -9999 -9999 -9999 -9999 -9999 -9999 45.81 46.41 46.98 47.37 47.21 45.98 43.98 42.39 41.6 41.66 42.75 44.47 45.85 46.88 48.08 50.05 53.5 58.23 64.01 70.56 76.44 77.43 75.88 72.84 68.67 64.95 63.01 62.54 62.8 63.14 63.11 63.5 64.61 66.1 -9999 -9999 -9999 -9999 -9999 -9999 -9999 -9999 -9999 -9999 -9999 -9999 -9999 -9999 -9999 -9999 -9999 -9999 -9999 -9999 -9999 -9999 -9999 -9999 -9999 -9999 -9999 -9999 -9999
-9999 -9999 -9999 -9999 -9999 -9999 -9999 -9999 -9999 -9999 -9999 -9999 -9999 43.7 44.27 44.96 45.52 45.63 44.93 43.72 42.77 42.38 42.66 43.7 45.11 46.16 46.93 47.85 49.48 52.58 56.97 62.35 -9999 -9999 -9999 -9999 -9999 -9999 -9999 -9999 -9999 -9999 -9999 -9999 -9999 -9999 -9999 -9999 -9999 -9999 -9999 -9999 -9999 -9999 -9999 -9999 -9999 -9999 -9999 -9999 -9999 -9999 -9999 -9999 -9999 -9999 -9999 -9999 -9999 -9999 -9999 -9999 -9999 -9999 -9999 -9999
-9999 -9999 -9999 -9999 -9999 -9999 -9999 -9999 -9999 -9999 -9999 -9999 -9999 43.59 44.21 45.02 45.64 45.82 45.4 44.68 44.2 44.27 44.96 46.1 47.11 47.57 47.8 48.3 49.58 52.12 55.85 -9999 -9999 -9999 -9999 -9999 -9999 -9999 -9999 -9999 -9999 -9999 -9999 -9999 -9999 -9999 -9999 -9999 -9999 -9999 -9999 -9999 -9999 -9999 -9999 -9999 -9999 -9999 -9999 -9999 -9999 -9999 -9999 -9999 -9999 -9999 -9999 -9999 -9999 -9999 -9999 -9999 -9999 -9999 -9999 -9999
-9999 -9999 -9999 -9999 -9999 -9999 -9999 -9999 -9999 -9999 -9999 -9999 -9999 -9999 -9999 45.86 46.29 46.37 46.1 45.79 45.89 46.62 47.91 49.33 50.21 50.28 49.88 49.67 -9999 -9999 -9999 -9999 -9999 -9999 -9999 -9999 -9999 -9999 -9999 -9999 -9999 -9999 -9999 -9999 -9999 -9999 -9999 -9999 -9999 -9999 -9999 -9999 -9999 -9999 -9999 -9999 -9999 -9999 -9999 -9999 -9999 -9999 -9999 -9999 -9999 -9999 -9999 -9999 -9999 -9999 -9999 -9999 -9999 -9999 -9999 -9999
