raw_data/evaporacion/evapmay.txt
ncols         178
nrows         142
xllcorner     111.875
yllcorner     -44.625
cellsize      0.25
NODATA_value  -9999
[rows 33 to 65 of 142, columns 73 to 145 of 178]
199.46 199.63 200.32 201.52 203.12 204.91 206.59 207.84 208.36 208.09 207.83 208.38 208.98 209.4 209.59 209.58 209.49 209.23 209.12 208.09 206.13 203.73 201.48 199.84 199.02 198.91 199.26 199.72 200.05 200.01 199.39 197.9 195.23 191.28 187.19 184.97 184.36 185.98 -9999 -9999 -9999 -9999 224.86 225.86 222.48 214.85 202.6 189.79 178.21 167.69 157.96 148.99 140.91 133.83 127.56 121.67 115.89 109.7 102.26 96.54 94.47 94.33 95.6 97.91 -9999 -9999 -9999 -9999 -9999 -9999 -9999 -9999 -9999
197.8 198.08 198.96 200.4 202.3 204.41 206.42 207.99 208.83 208.92 208.92 209.71 210.54 211.25 211.77 212.14 212.31 211.85 210.75 208.42 205.13 201.69 198.78 196.87 196.13 196.41 197.53 198.8 199.74 200.08 199.61 198.08 195.21 191.04 187.01 184.6 184.2 185.92 189.45 195.87 206.59 218.1 224.95 225.57 221.71 213.6 201.22 188.18 176.78 166.71 157.4 148.48 140.03 132.46 125.81 119.67 113.52 106.31 96.2 85.71 82.62 83.08 85.52 89.49 -9999 -9999 -9999 -9999 -9999 -9999 -9999 -9999 -9999
195.65 196.04 197.11 198.82 201.03 203.48 205.87 207.88 209.27 210 210.47 211.65 212.98 214.25 215.51 216.67 217.32 216.67 214.1 209.78 204.87 200.81 197.76 195.64 194.28 193.8 195.15 197.31 199.02 199.88 199.73 198.41 195.74 191.77 187.77 185.45 184.6 186.03 189.54 196.02 206.03 216.5 223.74 224.39 219.92 210.83 198.44 186.51 176.11 166.5 157.27 148.46 140.13 132.62 125.72 119.22 112.82 105.15 94.02 79.58 73.4 74.09 77.88 83.8 -9999 -9999 -9999 -9999 -9999 -9999 -9999 -9999 -9999
192.82 193.35 194.68 196.71 199.28 202.11 204.93 207.48 209.6 211.37 213.07 215.24 217.81 220.34 222.84 225.03 226.11 224.79 220.21 213.42 206.68 201.38 197.72 195.34 193.73 192.94 193.24 195.76 198.18 199.57 199.82 198.89 196.72 193.34 189.5 187.38 186.4 187.22 190.73 197.14 205.55 213.87 219.62 220.39 215.77 206.81 195.76 185.37 175.97 166.93 158.04 149.4 141.33 133.98 127.07 120.31 113.79 106.15 96.4 83.6 72.25 71.26 75.86 84.13 -9999 -9999 -9999 -9999 -9999 -9999 -9999 -9999 -9999
188.9 189.7 191.43 193.94 196.98 200.27 203.58 206.73 209.73 212.81 216.43 221.03 226.4 231.05 235 238 238.84 235.93 228.72 219.02 209.79 202.75 198.39 195.61 193.72 192.75 192.86 194.85 197.55 199.32 199.92 199.41 197.87 195.38 192.35 190.01 189.14 189.87 192.84 198.16 204.99 211.59 215.71 215.61 211.12 203.4 194.1 184.9 176.27 167.83 159.42 151.04 143.11 135.86 129.16 122.66 116.18 108.68 100.59 92.39 85.3 83.39 87.96 98.26 111.46 -9999 -9999 -9999 -9999 -9999 -9999 -9999 -9999
183.32 184.58 187 190.26 193.99 197.9 201.78 205.59 209.54 214.13 220.04 227.92 237.33 245.11 250.1 253.13 252.98 248.12 238.45 226.09 214.26 205.14 199.47 196 193.82 192.83 193.03 194.68 197.36 199.24 200.02 199.85 198.88 197.24 195.18 193.23 192.08 192.31 194.41 198.4 203.65 208.93 212.3 211.93 208.05 201.52 193.66 185.48 177.49 169.67 161.8 153.73 145.76 138.48 132.12 126.14 119.69 112.43 105.5 100.48 98.65 100.68 107.28 118.27 131.81 -9999 -9999 -9999 -9999 -9999 -9999 -9999 -9999
175.52 177.53 181.04 185.45 190.21 194.94 199.49 203.99 208.9 215.01 223.32 234.71 248.23 257.89 263.52 266.74 265.84 259.61 248.13 233.91 219.98 208.74 201.17 196.63 194.09 193.24 193.58 195.25 197.63 199.34 200.12 200.15 199.61 198.63 197.34 196.08 195.19 195.09 196.11 198.22 201.09 204.06 206.23 206.74 205.05 200.41 194.04 187 179.77 172.41 164.87 157.19 149.66 142.7 136.42 130.46 124.34 118.22 112.85 109.45 110.8 116.37 125.17 136.98 150.42 -9999 -9999 -9999 -9999 -9999 -9999 -9999 -9999
166.08 168.64 173.51 179.5 185.63 191.4 196.72 201.9 207.63 215 225.34 239.75 256.22 265.45 271.93 275.33 274.06 268.15 255.99 240.88 225.97 213.24 203.93 198.09 195 194 194.54 196.29 198.22 199.63 200.28 200.35 200.06 199.51 198.8 198.03 197.35 197.02 197.28 198.11 199.36 200.76 201.9 202.38 201.74 199.47 195.33 189.49 183.01 176.15 168.97 161.68 154.53 147.77 141.46 135.56 130.52 126.29 123.02 121.65 124.07 130.93 140.1 150.74 161.93 165.08 162.62 -9999 -9999 -9999 -9999 -9999 -9999
159.07 160.17 165.27 172.82 180.53 187.47 193.57 199.29 205.54 213.63 225.06 240.8 257.36 265.67 272.2 273.35 271.85 267.87 258.27 244.13 230.03 217.24 206.88 199.94 196.28 195.38 196.11 197.47 198.87 199.81 200.18 200.16 199.94 199.6 199.18 198.75 198.33 197.99 197.86 198.09 198.69 199.64 200.68 201.55 201.78 200.69 197.82 192.98 187.25 180.97 174.27 167.34 160.39 153.57 147.01 140.9 135.9 132.22 130.07 130.11 133.49 140.95 149.97 157.57 164.79 165.93 160.9 152.98 144.41 136.84 -9999 -9999 -9999
155.85 156.13 158.84 166.48 175.49 183.47 190.19 196.21 202.54 210.53 221.7 236.52 250.32 257.47 263.47 264.22 262.82 259.73 251.98 240.43 229.21 218.36 208.4 201.67 198.31 197.32 197.55 198.23 199.03 199.54 199.67 199.55 199.35 199.12 198.86 198.62 198.4 198.13 197.85 197.81 198.37 199.77 201.54 203.39 204.49 203.42 200.51 196.3 191.23 185.56 179.44 172.93 166.06 158.95 151.86 145.16 139.36 135.24 133.31 133.89 137.41 144.48 153.6 158.66 161.71 161.98 156.06 147.16 138.54 131.44 -9999 -9999 -9999
153.69 153.69 155.56 161.79 171.25 179.85 186.85 192.81 198.7 205.75 215.21 227.13 236.75 241.66 246.32 247.98 246.67 243.45 236.4 228.6 221.47 213.89 206.29 201.39 199 198.15 198.06 198.26 198.57 198.78 198.78 198.64 198.46 198.31 198.19 198.13 198.07 197.88 197.55 197.35 197.76 199.37 202.03 204.6 205.77 204.95 202.45 198.7 194.06 188.98 183.63 177.77 170.96 163.18 155.06 147.46 141.08 136.41 133.93 134.45 137.61 143.31 150.88 156.07 156.49 154.14 148.5 140.16 131.9 125.3 119.96 116.06 -9999
151.77 151.64 153.34 159.03 168.42 176.97 183.76 189.26 194.27 199.7 206.39 214.12 219.21 221.36 222.87 222.87 220.75 217.41 213.81 210.83 207.89 204.25 200.8 198.78 197.89 197.61 197.56 197.53 197.52 197.56 197.53 197.42 197.3 197.23 197.24 197.29 197.2 197.01 196.79 196.69 197.02 198.62 201.53 204.54 206.18 205.86 203.69 200.32 196.05 191.63 187.27 182.12 175.27 166.51 156.74 147.72 140.77 136.12 133.72 133.55 136.14 140.41 145.82 150.74 151.16 147.5 141.59 133.73 125.16 119.04 114.47 110.91 109.29
150.03 149.97 151.89 158.34 167.17 174.94 181.03 185.75 189.6 193.08 196.6 199.99 201.69 201.67 199.88 196.36 192.46 189.9 189.8 191.36 192.33 192.48 193.56 194.71 195.56 196.07 196.25 196.15 195.93 195.89 195.86 195.81 195.77 195.79 195.89 195.94 195.85 195.68 195.52 195.55 196.04 197.69 200.73 204.07 206.13 205.84 203.8 200.73 197.15 193.47 189.5 183.95 176.92 168.01 157.39 147.57 140.2 135.12 133.09 132.86 134.62 137.69 141.04 144.07 145.08 141.87 136.15 128.82 120.32 114.32 110.66 108.04 106.84
148.7 149.18 152.37 159.48 167.12 173.6 178.65 182.39 185.01 186.64 187.31 187.53 187.89 186.86 183.14 178.25 174.66 172.22 171.47 174.76 178.7 181.54 186.43 190.31 192.69 193.95 194.42 194.32 193.92 193.81 193.79 193.78 193.81 193.93 194.12 194.25 194.24 194.13 194.02 194.1 194.73 196.51 199.66 203.17 205.43 205.25 203.31 200.35 196.98 193.67 189.73 184.15 177.19 168.3 157.7 148.16 141.03 135.81 133.13 132.89 133.96 136.11 137.95 139.06 138.94 136.57 131.71 125.58 118.3 112.28 109.17 107.5 107.28
149.06 151.3 155.87 161.79 167.59 172.57 176.46 179.22 180.77 180.92 179.73 178.85 179.35 178.77 175.35 170.79 166.7 163.47 161.78 164.33 169.31 173.57 180.82 186.46 189.86 191.65 192.32 192.21 191.67 191.47 191.43 191.39 191.46 191.68 191.98 192.28 192.38 192.34 192.27 192.4 193.11 194.97 198.16 201.67 203.93 204.04 202.17 199.09 195.38 191.85 188.36 183.21 176.55 167.85 157.63 148.65 141.95 137.03 134.44 133.9 134.52 135.89 136.66 136.51 135.31 132.78 128.9 124.58 119.6 114.64 111.5 110.51 111.1
154.81 156.58 159.9 163.92 167.94 171.49 174.32 176.24 177 176.22 174.13 173.42 174.8 175.36 172.88 168.88 164.34 160.14 157.72 160.03 164.43 169.31 177.35 183.58 187.36 189.38 190.16 190.03 189.37 189.08 188.97 188.87 189.03 189.31 189.66 190.04 190.25 190.26 190.2 190.35 191.06 192.86 195.98 199.43 201.57 201.59 199.63 196.22 192.07 188.01 184.28 180.01 174.25 166.46 157.41 149.29 143.21 139.06 136.98 135.86 136.19 136.76 136.65 135.74 134.03 131.48 128.34 125.67 123.2 121.01 119.63 119.01 118.36
160.12 160.88 162.71 165.14 167.74 170.15 172.13 173.42 173.7 172.54 170.2 169.61 171.6 172.93 171.52 168.63 164.67 160.34 157.87 159.52 162.43 168.06 175.77 181.6 185.23 187.22 188.04 187.93 187.22 186.84 186.68 186.68 186.87 187.1 187.35 187.72 187.93 187.88 187.73 187.71 188.17 189.66 192.5 195.78 197.89 197.84 195.62 191.85 187.37 182.84 178.59 174.4 169.71 164.12 157.83 151.71 146.64 142.86 140.23 138.78 138.57 138.22 137.31 135.84 133.88 131.54 129.17 127.68 127.08 127.47 128.13 127.87 125.91
163.23 163.24 164.03 165.35 166.92 168.5 169.85 170.73 170.79 169.65 167.38 166.21 168.05 170.12 169.8 168.1 165.23 161.76 159.68 159.78 161.86 168.49 175.25 180.14 183.31 185.16 186.01 186.01 185.37 184.83 184.68 184.67 184.79 184.88 184.98 185.21 185.2 184.88 184.4 183.99 183.98 184.9 187.1 189.7 191.62 192.02 190.03 186.14 181.54 176.87 172.47 168.56 164.98 161.48 157.73 153.75 149.91 146.51 143.79 142.34 141.22 139.85 138.13 136.11 133.88 131.61 129.73 128.92 129.48 131.44 132.35 131.63 129.67
164.55 164.06 164.16 164.73 165.61 166.6 167.52 168.14 168.15 167.24 165.23 163.16 163.93 165.77 166.78 166.11 163.86 161.25 159.63 159.91 163.67 169.67 174.92 178.77 181.42 183.12 184.05 184.26 183.81 183.12 182.92 182.8 182.74 182.65 182.56 182.36 181.84 181.05 180.15 179.34 178.87 179.18 180.88 183.1 184.62 184.8 183.15 179.71 175.44 170.94 166.8 163.61 160.95 158.98 157.29 155.24 152.87 150.44 148.19 146.1 143.85 141.43 138.86 136.2 133.52 130.99 129.1 128.21 128.71 130.7 131.48 131.22 130
164.78 163.94 163.58 163.64 164.02 164.58 165.18 165.6 165.62 164.98 163.49 161.46 160.46 161.04 161.68 161.47 160.42 159.21 158.95 161.24 165.69 170.3 174.16 177.15 179.39 181.02 182.09 182.59 182.51 181.96 181.43 181.17 180.9 180.52 179.95 179.13 178.06 176.87 175.73 174.78 174.1 173.96 175.03 177.25 178.78 178.83 177.18 174.04 170.34 166.38 163.26 160.97 159.04 157.7 157.57 157.23 156.36 155.05 153.01 149.98 146.51 142.96 139.46 136.05 132.73 129.61 127.25 125.32 124.25 125.22 126.6 127.54 127.52
164.55 163.42 162.69 162.35 162.33 162.55 162.85 163.09 163.08 162.61 161.55 159.93 158.3 157.81 158 158.04 157.82 157.85 159.53 162.74 166.41 169.8 172.72 175.15 177.17 178.82 180.08 180.9 181.23 181.07 180.5 179.73 178.99 178.09 176.97 175.69 174.34 173.04 171.94 171.06 170.39 169.99 170.33 172.51 174.32 174.58 173.09 170.15 166.98 163.71 161.3 159.74 158.63 158.26 159.22 160.03 160.15 159.55 157.87 154.09 149.29 144.48 139.97 135.76 131.71 127.88 124.83 121.36 118.41 118.68 120.06 121.65 122.76
164.24 162.84 161.78 161.08 160.7 160.57 160.59 160.61 160.46 159.99 159.09 157.75 156.29 155.57 155.73 156 156.27 157.14 159.53 162.52 165.48 168.2 170.63 172.8 174.75 176.5 177.97 179.09 179.79 180.03 179.77 179.01 177.71 175.82 173.92 172.37 171.04 169.89 169 168.25 167.6 167.1 167.13 169.04 171.09 171.69 170.58 168.07 165.2 162.67 160.6 159.65 159.49 160.38 162.03 163.32 163.67 163 161.26 157.78 152.01 145.91 140.37 135.39 130.75 126.39 122.87 118.51 115.19 115.05 116.1 117.71 119.42
164.03 162.37 160.99 159.92 159.18 158.71 158.41 158.16 157.79 157.14 156.1 154.73 153.5 153.28 153.62 154.05 154.51 155.38 157.7 160.53 163.28 165.79 168.08 170.2 172.21 174.09 175.76 177.15 178.15 178.7 178.74 178.19 176.87 174.63 171.74 169.51 168.25 167.3 166.55 165.88 165.27 164.75 164.74 166.73 168.93 169.76 169.07 167.11 164.59 162.71 161.56 161.26 161.91 163.41 165.2 166.41 166.45 165.31 163.04 159.6 153.96 146.9 140.43 134.87 129.91 125.48 122.08 117.97 114.74 114.86 116.37 118.45 120.52
163.96 162.05 160.35 158.93 157.82 157 156.38 155.82 155.15 154.19 152.85 151.31 150.55 150.73 151.16 151.65 152.2 152.97 154.7 157.53 160.38 162.95 165.3 167.5 169.62 171.65 173.5 175.09 176.32 177.11 177.4 177.06 175.95 173.88 170.8 167.52 165.94 165.07 164.37 163.74 163.15 162.7 163 165.45 167.57 168.41 167.98 166.58 164.71 163.2 162.8 163.3 164.45 166.04 167.62 168.09 167.41 165.88 163.45 159.65 154.43 146.84 139.75 133.85 128.91 124.83 122.15 119.29 116.83 117.42 119.55 121.78 123.45
163.98 161.87 159.88 158.12 156.64 155.46 154.51 153.64 152.66 151.39 149.7 148.01 147.77 148.09 148.51 149 149.57 150.25 151.47 154.26 157.29 160.02 162.49 164.82 167.06 169.23 171.24 172.99 174.4 175.37 175.84 175.73 174.91 173.23 170.63 167.37 164.59 163.31 162.47 161.84 161.41 161.41 162.85 165.08 166.68 167.27 166.9 165.84 164.53 163.56 163.57 164.61 166.02 167.45 168.6 168.45 167.22 165.28 162.48 158.17 152.67 145.11 137.83 131.89 127.21 123.8 122.05 120.78 120.07 121.13 123.25 124.81 125.65
164.02 161.76 159.53 157.46 155.64 154.12 152.84 151.68 150.44 148.92 147.03 145.3 145.17 145.47 145.85 146.32 146.88 147.54 148.65 151.31 154.41 157.24 159.81 162.24 164.6 166.9 169.05 170.94 172.47 173.58 174.21 174.29 173.76 172.54 170.59 168.04 165.31 163.05 161.48 160.83 161.03 162.01 163.55 165.01 165.9 166.06 165.55 164.57 163.5 162.81 163.01 164.33 166.01 167.22 167.91 167.61 166.11 163.73 160.2 155.26 149.11 141.61 134.43 128.67 124.48 121.94 120.98 120.79 121.28 122.89 125.15 126.22 126.48
164.01 161.66 159.25 156.92 154.79 152.95 151.38 149.97 148.54 146.9 144.93 143.05 142.74 142.96 143.29 143.72 144.26 144.93 146.13 148.87 151.93 154.74 157.34 159.84 162.31 164.72 166.99 169 170.64 171.84 172.57 172.81 172.51 171.67 170.29 168.49 166.49 164.63 163.27 162.64 162.73 163.35 164.14 164.75 164.93 164.58 163.75 162.62 161.48 160.73 160.74 161.82 163.66 165.01 165.53 165.12 163.58 160.78 156.61 151.01 144.15 136.69 129.92 124.73 121.28 119.39 118.81 119.12 120.09 121.66 123.57 124.9 125.04
163.88 161.51 158.98 156.45 154.07 151.94 150.1 148.49 146.95 145.31 143.45 141.57 140.63 140.57 140.84 141.23 141.75 142.58 144.25 147.01 149.87 152.55 155.12 157.66 160.22 162.75 165.13 167.24 168.95 170.21 170.99 171.29 171.12 170.49 169.47 168.17 166.77 165.49 164.53 164 163.88 164 164.13 164.06 163.61 162.72 161.46 159.98 158.54 157.47 157.09 157.61 158.95 160.5 161.31 161.04 159.5 156.49 151.85 145.65 138.46 131.47 125.61 121.2 118.23 116.51 115.96 116.35 117.43 118.93 120.48 121.62 121.94
163.6 161.26 158.68 156.02 153.42 151.05 148.98 147.19 145.58 144.01 142.37 140.68 139.27 138.63 138.69 139.04 139.66 140.95 143.08 145.59 148.12 150.62 153.13 155.71 158.36 161.01 163.5 165.69 167.45 168.73 169.49 169.75 169.54 168.91 167.98 166.89 165.81 164.9 164.26 163.91 163.77 163.66 163.42 162.88 161.92 160.53 158.75 156.78 154.98 153.57 152.77 152.7 153.31 154.29 155.03 154.91 153.46 150.41 145.74 139.72 133.08 127.05 122.07 118.25 115.63 113.84 113.11 113.31 114.17 115.57 117.21 118.61 119.49
163.16 160.88 158.31 155.57 152.82 150.24 147.95 146 144.32 142.81 141.39 140.03 138.83 138.01 137.73 138.02 138.89 140.32 142.2 144.31 146.53 148.86 151.34 153.99 156.76 159.52 162.11 164.36 166.14 167.38 168.04 168.15 167.73 166.89 165.78 164.61 163.6 162.9 162.56 162.49 162.53 162.47 162.12 161.32 160 158.13 155.83 153.51 151.73 150.37 149.26 148.5 148.2 148.37 148.66 148.34 146.9 144.12 139.97 134.68 129.01 124.01 119.72 116.63 114.27 112.33 111.04 110.86 111.18 112.1 113.68 115.46 117.17
162.54 160.36 157.83 155.06 152.2 149.45 146.97 144.84 143.06 141.57 140.3 139.21 138.31 137.7 137.48 137.74 138.48 139.66 141.17 142.95 144.95 147.2 149.72 152.48 155.39 158.29 160.96 163.24 164.99 166.14 166.64 166.48 165.71 164.45 162.97 161.69 160.69 160.1 159.93 160.11 160.5 160.7 160.45 159.58 158.02 155.77 153.13 151.02 149.42 147.96 146.58 145.37 144.43 143.86 143.61 143.15 141.84 139.43 135.91 131.45 126.78 122.64 118.89 116.09 113.81 111.79 110.21 109.51 109.07 109.18 110.31 112.16 114.39
161.73 159.66 157.21 154.45 151.53 148.64 145.98 143.67 141.75 140.21 138.98 138.01 137.3 136.86 136.73 136.96 137.56 138.52 139.8 141.4 143.34 145.62 148.26 151.19 154.26 157.27 160 162.27 163.96 164.98 165.26 164.78 163.57 161.85 160.25 159.49 158.91 158.33 157.78 157.55 158.11 158.68 158.67 157.87 156.2 153.71 150.93 149.09 147.5 145.96 144.46 143.03 141.81 140.88 140.2 139.6 138.45 136.45 133.59 130.03 126.35 122.94 119.69 116.82 114.48 112.39 110.72 109.29 107.91 107.06 107.41 109.06 111.48
160.74 158.8 156.44 153.73 150.82 147.89 145.08 142.55 140.39 138.68 137.39 136.43 135.77 135.4 135.31 135.52 136.04 136.9 138.11 139.69 141.69 144.13 146.96 150.08 153.31 156.41 159.17 161.4 163 163.87 163.93 163.15 161.55 159.67 158.81 158.38 157.92 157.34 156.68 156.07 156.03 156.77 157.03 156.36 154.7 152.16 149.33 147.44 145.77 144.17 142.61 141.16 139.94 138.99 138.2 137.43 136.36 134.73 132.52 129.88 127.11 124.42 121.82 119.33 116.97 114.62 112.21 109.64 107.03 105 104.41 105.73 108.57
