raw_data/evaporacion/evapfeb.txt
ncols         178
nrows         142
xllcorner     111.875
yllcorner     -44.625
cellsize      0.25
NODATA_value  -9999
[rows 32 to 63 of 142, columns 0 to 71 of 178]
-9999 -9999 -9999 -9999 -9999 -9999 -9999 -9999 -9999 -9999 -9999 -9999 -9999 -9999 -9999 -9999 -9999 -9999 -9999 -9999 -9999 -9999 -9999 -9999 -9999 -9999 -9999 -9999 -9999 -9999 -9999 -9999 -9999 -9999 -9999 -9999 -9999 -9999 -9999 -9999 -9999 183.13 181.75 181.02 181.75 183.28 -9999 186.69 188.69 191.17 194.21 197.68 201.21 204.39 206.89 208.58 209.52 209.85 209.74 209.32 208.73 208.02 207.26 206.48 205.71 204.96 204.24 203.58 203.01 202.54 202.23 202.11
-9999 -9999 -9999 -9999 -9999 -9999 -9999 -9999 -9999 -9999 -9999 -9999 -9999 -9999 -9999 -9999 -9999 -9999 -9999 -9999 -9999 -9999 -9999 -9999 -9999 -9999 -9999 -9999 -9999 -9999 -9999 -9999 -9999 -9999 -9999 -9999 -9999 -9999 -9999 -9999 -9999 187.67 186.16 184.95 184.7 186.43 188.59 190.67 192.83 195.32 198.28 201.6 204.97 207.99 210.38 211.99 212.9 213.23 213.14 212.78 212.24 211.58 210.83 210.1 209.4 208.74 208.09 207.5 207.02 206.67 206.49 206.52
-9999 -9999 -9999 -9999 -9999 -9999 -9999 -9999 -9999 -9999 -9999 -9999 -9999 -9999 -9999 -9999 -9999 -9999 -9999 -9999 -9999 -9999 -9999 -9999 -9999 -9999 -9999 -9999 -9999 -9999 -9999 -9999 -9999 -9999 -9999 -9999 -9999 -9999 -9999 -9999 -9999 193.06 191.52 190.16 189.43 190.73 193.09 195.36 197.57 200 202.81 205.92 209.06 211.86 214.06 215.53 216.35 216.63 216.55 216.21 215.67 214.98 214.25 213.56 212.94 212.39 211.85 211.33 210.9 210.63 210.55 210.7
-9999 -9999 -9999 -9999 -9999 -9999 -9999 -9999 -9999 -9999 -9999 -9999 -9999 -9999 -9999 -9999 -9999 -9999 -9999 -9999 -9999 -9999 -9999 -9999 -9999 -9999 -9999 -9999 -9999 -9999 -9999 -9999 -9999 -9999 -9999 -9999 -9999 -9999 -9999 -9999 -9999 -9999 197.57 196.19 195.34 196.43 198.74 200.97 203.06 205.31 207.86 210.68 213.51 216.01 217.94 219.21 219.88 220.08 219.95 219.59 219.01 218.3 217.62 216.98 216.4 215.92 215.48 215 214.6 214.36 214.33 214.56
-9999 -9999 -9999 -9999 -9999 -9999 -9999 -9999 -9999 -9999 -9999 -9999 -9999 -9999 -9999 -9999 -9999 -9999 -9999 -9999 -9999 -9999 -9999 -9999 -9999 -9999 -9999 -9999 -9999 -9999 -9999 -9999 -9999 -9999 -9999 -9999 -9999 -9999 -9999 -9999 -9999 205.96 204.43 203.06 202.36 203.67 205.74 207.64 209.42 211.32 213.52 215.94 218.35 220.46 222.04 223.04 223.51 223.57 223.36 222.97 222.35 221.65 221 220.39 219.85 219.41 219.01 218.53 218.08 217.78 217.73 217.98
-9999 -9999 -9999 -9999 -9999 -9999 -9999 -9999 -9999 -9999 -9999 -9999 -9999 -9999 -9999 -9999 -9999 -9999 -9999 -9999 -9999 -9999 -9999 -9999 -9999 -9999 -9999 -9999 -9999 -9999 -9999 -9999 -9999 -9999 -9999 -9999 -9999 -9999 -9999 -9999 215.27 213.68 212.23 211.18 211.16 212.52 214.06 215.41 216.69 218.12 219.82 221.72 223.61 225.22 226.38 227.03 227.24 227.13 226.82 226.4 225.8 225.09 224.45 223.87 223.37 222.97 222.56 221.95 221.3 220.81 220.59 220.76
-9999 -9999 -9999 -9999 -9999 -9999 -9999 -9999 -9999 -9999 -9999 -9999 -9999 -9999 -9999 -9999 -9999 -9999 -9999 -9999 -9999 -9999 -9999 -9999 -9999 -9999 -9999 -9999 -9999 -9999 -9999 -9999 -9999 -9999 -9999 -9999 -9999 -9999 -9999 226.86 224.42 222.83 221.66 221.46 221.95 222.78 223.56 224.23 224.89 225.73 226.81 228.06 229.31 230.32 230.96 231.2 231.1 230.78 230.37 229.96 229.46 228.8 228.17 227.62 227.17 226.76 226.23 225.31 224.24 223.31 222.72 222.64
-9999 -9999 -9999 -9999 -9999 -9999 -9999 -9999 -9999 -9999 -9999 -9999 -9999 -9999 -9999 -9999 -9999 -9999 -9999 -9999 -9999 -9999 -9999 -9999 -9999 -9999 -9999 -9999 -9999 -9999 -9999 -9999 -9999 -9999 -9999 -9999 -9999 -9999 -9999 238.63 236.61 235.15 234.24 233.92 233.93 234.02 234.05 234.01 234 234.15 234.5 234.99 235.47 235.77 235.81 235.56 235.11 234.56 234.07 233.72 233.45 232.91 232.32 231.81 231.34 230.84 230.06 228.66 226.88 225.2 223.94 223.39
-9999 -9999 -9999 -9999 -9999 -9999 -9999 -9999 -9999 -9999 -9999 -9999 -9999 -9999 -9999 -9999 -9999 -9999 -9999 -9999 -9999 -9999 -9999 -9999 -9999 -9999 -9999 -9999 -9999 -9999 -9999 -9999 -9999 -9999 -9999 -9999 -9999 -9999 252.06 250.73 249.47 248.4 247.59 246.99 246.48 245.94 245.32 244.63 243.94 243.34 242.87 242.48 242.09 241.58 240.93 240.13 239.28 238.5 237.93 237.68 237.68 237.39 236.84 236.3 235.75 235.04 233.89 231.95 229.26 226.57 224.47 223.36
-9999 -9999 -9999 -9999 -9999 -9999 -9999 -9999 -9999 -9999 -9999 -9999 -9999 -9999 -9999 -9999 -9999 -9999 -9999 -9999 -9999 -9999 -9999 -9999 -9999 -9999 -9999 -9999 -9999 -9999 -9999 -9999 -9999 -9999 -9999 -9999 -9999 263.17 262.99 262.63 262.12 261.54 260.89 260.17 259.34 258.35 257.21 255.94 254.6 253.22 251.86 250.51 249.15 247.75 246.33 244.92 243.64 242.6 241.95 241.82 242.08 241.96 241.39 240.78 240.07 239.08 237.5 235.01 231.64 228.2 225.69 224.54
-9999 -9999 -9999 -9999 -9999 -9999 -9999 -9999 -9999 -9999 -9999 -9999 -9999 -9999 -9999 -9999 -9999 -9999 -9999 -9999 -9999 -9999 -9999 -9999 -9999 -9999 -9999 -9999 -9999 -9999 -9999 -9999 -9999 -9999 -9999 270.34 271.74 272.88 273.77 274.37 274.66 274.61 274.21 273.48 272.45 271.13 269.56 267.77 265.79 263.64 261.37 259.01 256.62 254.26 252 249.94 248.17 246.83 246.07 246.01 246.45 246.28 245.64 244.92 244.02 242.81 240.87 237.96 234.24 230.58 227.99 226.84
-9999 -9999 -9999 -9999 -9999 -9999 -9999 -9999 -9999 -9999 -9999 -9999 -9999 -9999 -9999 -9999 -9999 -9999 -9999 -9999 -9999 -9999 -9999 -9999 -9999 -9999 -9999 -9999 -9999 255.49 -9999 262.63 267.54 271.58 274.89 277.7 280.22 282.53 284.57 286.25 287.41 287.96 287.84 287.11 285.85 284.19 282.18 279.88 277.28 274.39 271.22 267.86 264.43 261.08 257.96 255.18 252.88 251.16 250.19 250.08 250.54 250.24 249.47 248.52 247.45 246.1 244.03 240.86 236.94 233.18 230.56 229.47
-9999 -9999 -9999 -9999 -9999 -9999 -9999 -9999 -9999 -9999 -9999 -9999 -9999 -9999 -9999 -9999 -9999 -9999 -9999 -9999 -9999 -9999 -9999 -9999 -9999 -9999 -9999 -9999 258.41 258.58 260.19 265.67 271.62 276.7 281.04 284.95 288.67 292.3 295.71 298.67 300.86 302.07 302.19 301.31 299.66 297.48 294.92 292.04 288.83 285.24 281.24 276.95 272.52 268.19 264.18 260.66 257.76 255.59 254.28 253.91 254.21 253.91 253.03 251.93 250.72 249.25 247.05 243.74 239.72 235.92 233.29 232.22
-9999 -9999 -9999 -9999 -9999 -9999 -9999 -9999 -9999 -9999 -9999 -9999 -9999 -9999 -9999 -9999 -9999 -9999 -9999 -9999 -9999 -9999 -9999 -9999 269.66 265.48 263 261.74 261.34 261.76 263.62 269.54 276.12 281.94 287.16 292.15 297.21 302.39 307.48 312.02 315.47 317.39 317.63 316.36 313.99 310.96 307.61 304.04 300.19 295.95 291.23 286.11 280.78 275.54 270.67 266.39 262.85 260.15 258.36 257.54 257.51 257.38 256.47 255.33 254.03 252.42 250.04 246.68 242.63 238.85 236.25 235.12
-9999 -9999 -9999 -9999 -9999 -9999 -9999 -9999 -9999 -9999 -9999 -9999 -9999 -9999 -9999 -9999 -9999 -9999 -9999 297.82 294.65 -9999 -9999 277.67 271.92 267.71 265.24 264.11 263.97 264.76 267.38 274.03 280.99 287.28 293.24 299.31 305.84 312.84 319.93 326.29 330.82 333.35 333.78 332.16 328.74 324.51 320.08 315.64 311.13 306.31 301.01 295.22 289.13 283.07 277.4 272.39 268.2 264.92 262.57 261.16 260.58 260.41 259.79 258.68 257.34 255.59 253.14 249.78 245.81 242.09 239.49 238.31
-9999 -9999 -9999 -9999 -9999 -9999 -9999 -9999 -9999 -9999 -9999 -9999 -9999 -9999 -9999 -9999 -9999 303.73 301.93 299.47 296.15 291.46 285.35 278.87 273.2 269.14 266.81 265.91 266.05 267.37 271.68 278.81 285.91 292.54 299.15 306.31 314.37 323.31 332.37 339.7 343.65 346.13 347.51 347.04 343.27 337.71 332.01 326.63 321.45 316.14 310.4 304.13 297.46 290.74 284.37 278.68 273.87 270 267.07 265.03 263.77 263.06 262.5 261.74 260.56 258.74 256.22 253.08 249.6 246.24 243.59 242.28
-9999 -9999 -9999 -9999 -9999 -9999 -9999 -9999 -9999 -9999 -9999 -9999 -9999 -9999 -9999 -9999 306.04 304.96 303.15 300.55 296.77 291.59 285.26 278.68 273 269.04 267.01 266.56 267.13 269.15 275.46 283.2 290.52 297.48 304.7 312.83 322.32 332.92 342.52 347.99 351.54 354.26 356.19 357.1 355.67 349.76 342.93 336.68 330.95 325.3 319.3 312.74 305.69 298.48 291.55 285.28 279.91 275.51 272.04 269.42 267.53 266.17 265.11 264.06 262.79 261.12 259.04 256.65 254.11 251.71 249.79 248.76
-9999 -9999 -9999 -9999 -9999 -9999 -9999 -9999 -9999 -9999 -9999 -9999 -9999 -9999 307.28 306.55 306.32 305.78 304.01 301.07 296.78 291.11 284.43 277.45 271.23 266.93 265.25 265.77 267.35 270.29 278.28 286.83 294.58 301.93 309.65 318.53 329.06 340.52 349.07 354.03 357.78 360.8 363.03 364.44 364.24 359.51 352.28 345.49 339.46 333.67 327.61 320.96 313.73 306.22 298.9 292.2 286.38 281.53 277.62 274.53 272.13 270.24 268.69 267.28 265.86 264.32 262.63 260.84 259.07 257.47 256.24 255.63
-9999 -9999 -9999 -9999 -9999 -9999 -9999 -9999 -9999 -9999 -9999 -9999 313.16 310.59 308.54 307.27 306.59 306.01 304.72 301.98 297.42 291.48 284.44 276.54 269.04 264.02 262.51 264.07 267.4 271.57 280.5 289.87 298.15 305.86 313.89 323.13 334.1 345.91 354.19 359.28 363.28 366.55 369.01 370.67 370.85 366.77 359.62 352.83 346.87 341.21 335.28 328.72 321.51 313.91 306.39 299.41 293.28 288.11 283.88 280.45 277.69 275.44 273.54 271.87 270.31 268.79 267.3 265.85 264.49 263.33 262.49 262.1
-9999 -9999 -9999 -9999 -9999 -9999 -9999 -9999 317 -9999 -9999 315.99 314.84 312.19 309.84 308.34 307.55 307.12 306.38 304.42 300.39 294.71 287.41 278.42 270.59 266.44 264.26 264.22 268.66 273.95 283.08 292.92 301.56 309.43 317.49 326.6 337.33 349.06 358.36 363.93 368.16 371.62 374.3 376.11 376.13 371.58 364.9 358.7 353.21 347.92 342.3 336 328.97 321.46 313.94 306.87 300.6 295.27 290.85 287.23 284.24 281.76 279.64 277.78 276.1 274.54 273.09 271.74 270.54 269.54 268.8 268.43
-9999 -9999 -9999 -9999 -9999 -9999 -9999 -9999 316.61 -9999 316.6 316.44 315.74 313.29 311.05 309.73 309.33 309.6 310.03 309.62 306.77 301.96 295.04 285.81 278.27 273.65 270.58 269.43 273.12 278.34 287.07 296.73 305.24 312.92 320.66 329.24 339.14 350.23 360.82 367.65 372.45 376.14 378.92 380.31 379.06 374.14 368.49 363.34 358.61 353.88 348.69 342.72 335.84 328.5 321.23 314.43 308.27 302.95 298.49 294.8 291.72 289.12 286.87 284.89 283.11 281.47 279.96 278.59 277.36 276.31 275.5 274.98
-9999 -9999 -9999 -9999 -9999 -9999 -9999 315.56 315.94 316.25 316.5 316.58 315.92 313.81 312.06 311.32 311.72 313.22 315.5 317.34 316.01 313.05 308 299.74 291.27 284.63 280.02 278.19 281.19 285.23 293.03 301.71 309.48 316.59 323.71 331.47 340.24 349.96 359.92 368.59 375.01 379.11 381.65 381.47 378.99 375.13 371.04 367.13 363.29 359.19 354.44 348.47 341.14 333.83 327.31 321.6 316.1 311.01 306.67 303.04 299.98 297.35 295.06 293.01 291.15 289.43 287.83 286.35 285 283.8 282.8 282.04
-9999 -9999 -9999 -9999 -9999 -9999 -9999 314.17 314.85 315.48 316.02 316.17 315.22 313.72 312.79 312.92 314.37 317.35 321.75 325.96 326.59 326.51 323.99 317.42 308.95 300.41 293.97 291.81 292.4 294.48 300.77 307.78 314.33 320.57 326.91 333.77 341.36 349.6 358.05 365.95 372.37 376.77 379.11 379.31 377.95 375.75 373.19 370.45 367.45 363.89 359.01 352.11 344.77 338.12 332.47 327.81 323.7 319.23 315.16 311.7 308.75 306.18 303.9 301.84 299.93 298.15 296.46 294.87 293.36 291.97 290.73 289.68
-9999 -9999 -9999 -9999 -9999 -9999 -9999 -9999 312.81 313.8 314.54 314.43 313.78 313.22 313.27 314.33 316.84 321.18 327.38 333.48 336.4 338.54 336.45 332.12 326.27 318.73 311.04 306.63 304.75 305.55 309.52 314.49 319.65 324.91 330.43 336.43 342.99 349.99 357.09 363.77 369.47 373.74 376.39 377.54 377.52 376.7 375.34 373.53 371.12 367.33 361.21 354.23 347.71 342.07 337.39 333.7 330.71 327.26 323.64 320.44 317.66 315.22 313.01 310.98 309.08 307.27 305.52 303.83 302.19 300.62 299.14 297.79
-9999 -9999 -9999 -9999 -9999 -9999 -9999 -9999 308.64 310.01 311.01 311.57 311.96 312.5 313.53 315.46 318.79 324.02 331.41 339.16 343.55 346.67 345.61 343.04 339.39 333.16 325.36 319.93 316.73 316.22 318.1 321.32 325.23 329.58 334.36 339.62 345.35 351.41 357.51 363.29 368.36 372.44 375.37 377.19 378.06 378.15 377.58 376.25 373.48 368.12 361.8 355.74 350.35 345.81 342.2 339.53 337.52 334.95 331.8 328.89 326.34 324.06 321.98 320.03 318.17 316.37 314.6 312.85 311.1 309.38 307.7 306.09
-9999 -9999 -9999 -9999 -9999 -9999 -9999 301.02 302.94 304.9 306.77 308.47 310.06 311.7 313.64 316.28 320.1 325.64 333.32 342.16 347.74 351.89 352.56 351.33 348.59 342.64 336.21 331.12 327.07 325.39 325.94 327.99 330.97 334.58 338.74 343.39 348.46 353.79 359.17 364.3 368.92 372.8 375.83 377.99 379.34 379.88 379.37 377.31 372.74 367.27 361.9 357.02 352.82 349.42 346.91 345.29 344.2 342.13 339.36 336.78 334.48 332.39 330.46 328.63 326.85 325.1 323.34 321.55 319.74 317.92 316.08 314.26
-9999 -9999 -9999 -9999 -9999 -9999 -9999 294.34 296.59 299.35 302.35 305.32 308.15 310.87 313.66 316.87 320.92 326.29 333.34 341.76 349.1 353.49 355.7 355.6 353.12 348.84 344.18 338.87 334.81 332.97 333.04 334.5 336.9 339.98 343.62 347.74 352.24 356.98 361.77 366.38 370.59 374.24 377.2 379.41 380.73 380.79 378.78 375.11 370.65 366.16 361.96 358.25 355.2 352.92 351.49 350.89 350.58 348.63 346.18 343.91 341.87 340 338.25 336.57 334.9 333.22 331.49 329.7 327.85 325.94 323.99 322.02
-9999 -9999 -9999 -9999 -9999 -9999 286.22 287.71 290.24 293.64 297.78 302.12 306.24 310.05 313.67 317.39 321.57 326.58 332.67 339.75 347.08 353.07 356.05 356.72 355.57 352.36 347.88 343.65 340.79 339.57 339.77 341.07 343.16 345.86 349.05 352.67 356.62 360.79 365.02 369.11 372.89 376.2 378.86 380.43 380.54 378.63 375.7 372.26 368.71 365.27 362.15 359.53 357.54 356.31 355.88 356.16 356.23 354.34 352.17 350.22 348.44 346.8 345.26 343.75 342.23 340.63 338.95 337.16 335.26 333.29 331.26 329.18
-9999 -9999 -9999 -9999 -9999 -9999 282.44 284.16 286.25 288.97 293.42 299.01 304.43 309.32 313.78 318.03 322.38 327.11 332.39 338.15 344.02 349.27 352.83 354.42 354.16 352.37 349.88 347.69 346.33 345.98 346.57 347.91 349.84 352.23 355.02 358.15 361.54 365.11 368.72 372.22 375.43 378.05 379.61 379.01 377.44 375.22 372.66 369.97 367.28 364.77 362.6 360.93 359.89 359.57 360.02 360.96 360.87 359.18 357.35 355.69 354.18 352.79 351.46 350.13 348.72 347.18 345.56 343.83 341.94 339.91 337.8 335.65
-9999 -9999 -9999 -9999 -9999 -9999 280.37 282.2 284.27 286.66 290.17 296.43 302.98 308.87 314.12 318.93 323.57 328.25 333.08 338.02 342.84 347.17 350.55 352.68 353.55 353.47 352.94 352.46 352.35 352.76 353.71 355.12 356.92 359.03 361.43 364.05 366.86 369.77 372.69 375.47 377.7 378.49 377.73 376.23 374.47 372.55 370.52 368.47 366.51 364.77 363.39 362.52 362.25 362.68 363.84 365.2 364.72 363.22 361.71 360.34 359.09 357.94 356.81 355.53 354.12 352.64 351.11 349.5 347.77 345.76 343.61 341.41
-9999 -9999 -9999 -9999 -9999 -9999 -9999 280.84 283.05 285.55 288.9 295.03 302.26 308.92 314.85 320.22 325.25 330.11 334.88 339.52 343.94 347.94 351.33 353.96 355.82 357.04 357.86 358.52 359.23 360.12 361.24 362.61 364.21 366.02 368 370.11 372.31 374.52 376.67 378.5 379 377.72 376 374.31 372.66 371.02 369.4 367.85 366.46 365.33 364.58 364.3 364.62 365.61 367.21 368.59 367.78 366.48 365.27 364.17 363.17 362.24 361.23 360 358.67 357.28 355.83 354.31 352.68 350.82 348.68 346.45
-9999 -9999 -9999 -9999 -9999 -9999 -9999 279.88 282.24 284.94 288.52 294.94 302.54 309.66 316.06 321.91 327.38 332.58 337.57 342.33 346.82 350.97 354.72 357.98 360.71 362.92 364.63 365.96 367.03 368 369 370.11 371.38 372.8 374.33 375.91 377.47 378.96 380.3 381.07 379.79 377.53 375.45 373.66 372.07 370.63 369.32 368.16 367.19 366.5 366.18 366.31 367.01 368.33 370.05 370.78 370 368.98 368.04 367.18 366.4 365.66 364.78 363.66 362.45 361.17 359.82 358.38 356.84 355.09 352.99 350.8
