raw_data/evaporacion/evapsep.txt
ncols         178
nrows         142
xllcorner     111.875
yllcorner     -44.625
cellsize      0.25
NODATA_value  -9999
[rows 64 to 95 of 142, columns 0 to 71 of 178]
-9999 -9999 -9999 -9999 -9999 -9999 -9999 -9999 192.99 194.9 197.35 200.84 204.7 208.62 212.58 216.57 220.57 224.55 228.48 232.33 236.11 239.82 243.48 247.03 250.35 253.31 255.78 257.72 259.2 260.38 261.47 262.61 263.9 265.35 266.91 268.49 270.02 271.42 272.62 273.32 272.54 271.13 269.88 268.87 268.02 267.29 266.64 266.08 265.61 265.25 265.04 265.02 265.24 265.7 266.2 266.14 265.98 265.98 266.12 266.39 266.75 267.15 267.5 267.72 267.85 267.88 267.8 267.58 267.19 266.54 265.56 264.3
-9999 -9999 -9999 -9999 183.3 -9999 -9999 -9999 188.03 190.09 192.93 196.42 200.17 204.07 208.08 212.19 216.37 220.57 224.77 228.95 233.16 237.44 241.79 246.11 250.18 253.71 256.45 258.27 259.3 259.79 260.08 260.45 261.05 261.9 262.91 263.96 264.92 265.71 266.26 266.47 265.94 264.59 263.36 262.38 261.66 261.12 260.72 260.44 260.26 260.19 260.25 260.48 260.86 261.35 261.61 261.64 261.74 261.98 262.34 262.8 263.34 263.92 264.47 264.89 265.2 265.41 265.49 265.43 265.18 264.65 263.85 262.76
-9999 -9999 -9999 -9999 179.15 -9999 180.31 -9999 -9999 185.74 188.64 191.93 195.51 199.33 203.34 207.51 211.8 216.16 220.57 225.08 229.77 234.71 239.91 245.17 249.97 253.87 256.74 258.49 259.2 259.06 258.38 257.77 257.54 257.71 258.15 258.68 259.14 259.4 259.43 259.21 258.75 258.05 257.31 256.52 255.96 255.62 255.46 255.43 255.49 255.65 255.91 256.25 256.56 256.8 257.01 257.24 257.57 258 258.52 259.13 259.79 260.49 261.18 261.79 262.27 262.63 262.85 262.92 262.76 262.36 261.72 260.8
-9999 -9999 -9999 -9999 -9999 -9999 -9999 -9999 -9999 181.51 184.19 187.26 190.66 194.35 198.3 202.46 206.77 211.2 215.77 220.55 225.69 231.31 237.39 243.36 247.85 250.76 253.11 255.12 256.7 257.2 255.94 254.34 253.23 252.7 252.6 252.67 252.71 252.57 252.23 251.69 251.05 250.4 249.83 249.36 249.1 249.05 249.17 249.43 249.8 250.23 250.71 251.2 251.67 252.1 252.54 253 253.51 254.08 254.72 255.43 256.18 256.95 257.7 258.41 259.02 259.5 259.83 259.99 259.94 259.68 259.19 258.41
-9999 -9999 -9999 -9999 -9999 171.13 -9999 -9999 -9999 177.01 179.48 182.34 185.56 189.1 192.93 196.99 201.23 205.64 210.25 215.19 220.67 226.84 233.53 239.3 242.63 245.09 247.31 249.36 251.25 252.57 252.02 249.81 247.95 246.84 246.29 246.01 245.76 245.37 244.81 244.11 243.39 242.74 242.24 241.96 241.91 242.08 242.46 243.02 243.7 244.46 245.27 246.07 246.85 247.58 248.27 248.94 249.61 250.29 251.01 251.77 252.56 253.37 254.16 254.9 255.56 256.11 256.52 256.76 256.81 256.66 256.27 255.6
-9999 -9999 -9999 -9999 -9999 -9999 167.48 -9999 170.28 172.22 174.52 177.18 180.21 183.56 187.21 191.09 195.17 199.45 203.98 208.93 214.53 220.98 227.84 232.94 235.89 238.29 240.5 242.56 244.46 246.07 246.33 243.88 241.58 240.14 239.33 238.86 238.45 237.95 237.33 236.63 235.95 235.4 235.04 234.91 235.03 235.4 236 236.82 237.8 238.89 240.03 241.17 242.26 243.28 244.21 245.07 245.88 246.67 247.44 248.23 249.03 249.83 250.61 251.34 252.01 252.59 253.03 253.32 253.43 253.34 253.01 252.38
-9999 -9999 -9999 -9999 -9999 -9999 -9999 163.92 165.4 167.19 169.33 171.8 174.62 177.75 181.17 184.81 188.65 192.7 197.03 201.81 207.27 213.6 220.39 225.44 228.37 230.76 232.99 235.06 236.98 238.6 238.84 236.41 234.12 232.67 231.86 231.37 230.96 230.49 229.93 229.35 228.81 228.4 228.19 228.19 228.44 228.95 229.74 230.78 232.05 233.48 234.98 236.47 237.88 239.18 240.35 241.41 242.36 243.23 244.05 244.85 245.63 246.39 247.13 247.83 248.47 249.01 249.44 249.72 249.84 249.75 249.41 248.61
-9999 -9999 -9999 -9999 -9999 -9999 -9999 -9999 160.36 162 163.95 166.22 168.82 171.71 174.86 178.22 181.78 185.54 189.57 194.03 199.12 204.98 211.43 217.03 220.28 222.71 224.96 227.06 228.99 230.32 229.75 227.59 225.76 224.63 224.04 223.72 223.45 223.14 222.75 222.35 222 221.75 221.65 221.73 222.03 222.61 223.51 224.76 226.32 228.12 230.01 231.9 233.67 235.27 236.69 237.94 239.03 239.99 240.86 241.66 242.41 243.12 243.79 244.41 244.97 245.45 245.81 246.04 246.1 245.92 245.34 244
-9999 -9999 -9999 -9999 -9999 -9999 -9999 -9999 155.21 156.66 158.41 160.46 162.81 165.46 168.35 171.45 174.73 178.19 181.9 185.97 190.54 195.73 201.46 207.14 211.38 214.2 216.54 218.58 220.2 220.66 219.46 217.94 216.85 216.28 216.09 216.07 216.07 216 215.87 215.7 215.55 215.45 215.42 215.49 215.77 216.41 217.44 218.88 220.69 222.79 225.12 227.45 229.61 231.54 233.22 234.66 235.9 236.96 237.87 238.68 239.39 240.04 240.62 241.14 241.59 241.96 242.21 242.33 242.25 241.73 240.55 238.95
-9999 -9999 -9999 -9999 -9999 -9999 -9999 -9999 -9999 151.18 152.69 154.51 156.64 159.07 161.74 164.62 167.68 170.9 174.35 178.08 182.17 186.68 191.52 196.44 200.89 204.49 207.12 208.72 209.38 209.25 208.63 208.07 207.83 207.92 208.22 208.59 208.93 209.18 209.35 209.45 209.51 209.53 209.53 209.57 209.93 210.95 212.39 214.04 215.82 217.83 220.41 223.18 225.75 228.01 229.95 231.58 232.95 234.1 235.07 235.88 236.56 237.14 237.63 238.04 238.36 238.58 238.69 238.65 238.26 237.17 235.68 233.94
-9999 -9999 -9999 -9999 -9999 -9999 -9999 -9999 -9999 145.58 146.84 148.43 150.35 152.61 155.14 157.89 160.82 163.93 167.26 170.84 174.66 178.69 182.8 186.79 190.4 193.38 195.57 196.95 197.67 198 198.22 198.55 199.08 199.79 200.6 201.39 202.11 202.72 203.22 203.62 203.91 204.07 204.11 204.23 205.12 206.6 208.31 210.12 212.01 213.96 216.25 219.23 222.17 224.73 226.9 228.69 230.18 231.41 232.42 233.24 233.89 234.41 234.81 235.09 235.27 235.34 235.28 235.02 234.25 232.83 231.11 229.19
-9999 -9999 -9999 -9999 -9999 -9999 -9999 -9999 -9999 140.03 141.12 142.52 144.19 146.27 148.68 151.39 154.33 157.52 160.96 164.67 168.55 172.46 176.16 179.44 182.12 184.16 185.6 186.59 187.32 188 188.77 189.72 190.84 192.07 193.33 194.55 195.67 196.66 197.52 198.24 198.79 199.13 199.29 199.64 201.02 202.78 204.65 206.61 208.63 210.68 212.89 215.83 218.97 221.76 224.09 226 227.58 228.86 229.89 230.71 231.34 231.8 232.11 232.27 232.31 232.22 231.99 231.56 230.64 229 227.02 224.84
-9999 -9999 -9999 -9999 -9999 -9999 -9999 -9999 -9999 -9999 136.1 137.35 138.78 140.48 142.6 145.3 148.38 151.82 155.63 159.79 164.11 168.25 171.71 174.48 176.49 177.69 178.21 178.48 178.84 179.46 180.42 181.7 183.21 184.84 186.51 188.12 189.64 191.02 192.26 193.32 194.17 194.77 195.15 195.73 197.32 199.25 201.27 203.37 205.51 207.68 209.98 212.98 216.23 219.12 221.53 223.51 225.13 226.43 227.48 228.28 228.87 229.26 229.48 229.53 229.44 229.19 228.79 228.21 227.32 225.7 223.49 221.01
-9999 -9999 -9999 -9999 -9999 -9999 -9999 -9999 -9999 -9999 -9999 132.53 133.79 135.28 137.16 139.76 143.05 146.88 151.26 156.09 160.87 165 167.7 169.93 171.89 173.04 172.96 172.33 171.99 172.23 173.1 174.48 176.21 178.16 180.18 182.18 184.1 185.88 187.5 188.92 190.1 191.01 191.68 192.38 193.94 195.96 198.12 200.34 202.61 204.9 207.43 210.67 213.94 216.8 219.21 221.2 222.82 224.13 225.15 225.92 226.45 226.77 226.89 226.84 226.61 226.22 225.66 224.92 223.97 222.62 220.47 217.77
-9999 -9999 -9999 -9999 -9999 -9999 -9999 -9999 -9999 -9999 -9999 127.97 129.1 130.46 132.25 134.83 138.33 142.59 147.56 152.77 156.83 159.64 161.84 163.89 165.86 167.61 168.45 167.37 166.25 165.97 166.59 167.96 169.85 172.07 174.45 176.87 179.22 181.43 183.42 185.17 186.65 187.86 188.85 189.76 191.02 192.96 195.16 197.5 199.93 202.5 205.51 208.85 212 214.77 217.12 219.07 220.67 221.94 222.92 223.62 224.07 224.3 224.31 224.13 223.77 223.25 222.55 221.67 220.59 219.27 217.53 214.98
-9999 -9999 -9999 -9999 -9999 -9999 -9999 -9999 -9999 -9999 -9999 -9999 124.73 126.03 127.83 130.51 134.17 138.73 143.98 148.57 151.6 153.89 155.89 157.82 159.75 161.64 163.08 162.58 161.03 160.3 160.7 162.07 164.15 166.71 169.54 172.48 175.35 178.03 180.39 182.4 184.06 185.43 186.63 187.76 189.04 190.66 192.65 195.06 197.82 200.87 204.11 207.33 210.32 212.98 215.26 217.17 218.71 219.91 220.79 221.39 221.7 221.78 221.63 221.3 220.81 220.16 219.36 218.39 217.21 215.81 214.16 212.11
-9999 -9999 -9999 -9999 -9999 -9999 -9999 -9999 -9999 -9999 -9999 -9999 120.7 122.04 123.96 126.78 130.5 135.12 140.14 143.67 146.2 148.34 150.24 152.1 153.97 155.83 157.42 157.53 155.85 154.91 155.28 156.79 159.2 162.27 165.77 169.45 173.05 176.31 179.04 181.16 182.76 183.99 185.06 186.19 187.54 189.21 191.28 193.76 196.59 199.67 202.84 205.95 208.86 211.47 213.72 215.58 217.04 218.12 218.84 219.23 219.31 219.14 218.75 218.2 217.53 216.78 215.93 214.94 213.76 212.34 210.67 208.76
-9999 -9999 -9999 -9999 -9999 -9999 -9999 -9999 -9999 -9999 -9999 -9999 -9999 118.67 120.8 123.68 127.33 131.64 135.67 138.54 140.85 142.93 144.82 146.65 148.47 150.25 151.84 152.13 150.56 149.75 150.31 152.16 155.12 158.99 163.5 168.29 172.93 176.97 180.06 182.1 183.26 183.87 184.35 185.03 186.13 187.73 189.83 192.37 195.24 198.33 201.53 204.69 207.69 210.39 212.69 214.53 215.87 216.74 217.16 217.18 216.86 216.27 215.49 214.61 213.72 212.87 212.03 211.14 210.09 208.79 207.19 205.32
-9999 -9999 -9999 -9999 -9999 -9999 -9999 -9999 -9999 -9999 -9999 -9999 114.44 116.15 118.41 121.3 124.72 128.24 131.07 133.39 135.49 137.51 139.43 141.26 143.02 144.74 146.31 146.69 145.46 144.98 145.91 148.28 152.03 157.02 162.94 169.28 175.31 180.16 183.54 185.45 185.85 185.31 184.6 184.31 184.75 186 187.98 190.53 193.51 196.77 200.2 203.65 206.96 209.95 212.43 214.29 215.46 215.97 215.9 215.33 214.37 213.12 211.74 210.38 209.19 208.24 207.51 206.86 206.11 205.08 203.69 201.94
-9999 -9999 -9999 -9999 -9999 -9999 -9999 -9999 -9999 -9999 -9999 -9999 112.43 114.34 116.78 119.57 122.3 124.58 126.56 128.44 130.3 132.17 134.01 135.8 137.54 139.24 140.87 141.77 141.14 141.01 142.29 145.21 149.87 156.19 163.8 171.7 178.49 183.17 186.43 188.86 189.22 187.85 185.6 183.9 183.34 184 185.72 188.28 191.45 195.05 198.94 202.95 206.84 210.34 213.14 215.03 215.98 215.98 215.19 213.77 211.9 209.79 207.76 205.96 204.51 203.46 202.75 202.24 201.84 201.23 200.17 198.65
-9999 -9999 -9999 -9999 -9999 -9999 -9999 -9999 -9999 -9999 -9999 -9999 -9999 113.22 115.66 117.76 119.44 120.94 122.44 123.98 125.58 127.25 128.95 130.66 132.35 134.01 135.68 137.19 137.83 138.18 139.59 142.85 148.29 155.9 164.89 172.44 176.87 180.27 183.36 186.29 188.65 189.36 186.46 183.3 181.62 181.61 183.06 185.65 189.1 193.19 197.75 202.54 207.15 211.06 214.09 215.99 216.82 216.41 214.91 212.55 209.67 206.78 204.68 203.19 201.95 200.75 199.47 198.19 197.62 197.4 196.73 195.48
-9999 -9999 -9999 -9999 -9999 -9999 -9999 -9999 -9999 -9999 -9999 -9999 -9999 112.4 113.99 115.22 116.36 117.52 118.72 120.03 121.45 122.98 124.59 126.27 127.95 129.58 131.18 132.86 134.57 136.08 137.68 140.92 146.71 155.09 164.29 169.38 172.75 175.82 178.84 181.87 184.84 186.99 185.61 181.74 179.16 178.64 179.92 182.62 186.43 191.1 196.43 202.03 206.81 210.02 212.53 214.43 215.56 215.6 214.24 211.46 207.99 204.91 202.74 201.24 200.01 198.72 197.23 195.56 194.1 193.91 193.55 192.53
-9999 -9999 -9999 -9999 -9999 -9999 -9999 -9999 -9999 -9999 -9999 -9999 -9999 110.52 111.55 112.55 113.52 114.4 115.3 116.42 117.75 119.31 121.04 122.89 124.65 126.23 127.67 129.16 130.9 133.11 135.73 138.9 144.43 152.58 160.62 164.94 168.15 171.13 174.08 177.06 180.06 182.6 182.44 178.43 175.51 174.85 176.18 179.1 183.31 188.55 194.59 200.6 204.6 207.59 210.12 212.16 213.54 213.88 212.77 210.11 206.6 203.4 201.1 199.51 198.21 196.86 195.28 193.47 191.7 191.14 190.83 189.91
-9999 -9999 -9999 -9999 -9999 -9999 -9999 -9999 -9999 -9999 -9999 -9999 -9999 -9999 109.7 111.1 111.91 112.17 112.42 113.15 114.36 116.04 118.13 120.21 121.84 123.27 124.67 126.09 127.5 129.5 132.44 136.1 140.97 148.27 155.73 159.99 163.16 166.02 168.85 171.7 174.57 176.98 176.62 172.95 170.45 170.13 171.78 175.03 179.61 185.29 191.75 197.75 201.61 204.74 207.46 209.7 211.31 211.92 211.1 208.68 205.26 201.98 199.54 197.84 196.47 195.05 193.42 191.54 189.72 189.1 188.68 187.66
-9999 -9999 -9999 -9999 -9999 -9999 -9999 -9999 -9999 -9999 -9999 -9999 -9999 -9999 109.51 111.51 111.81 111.25 110.65 110.58 111.25 112.89 115.17 117.12 118.66 120.06 121.46 122.9 124.33 125.94 128.58 132.28 136.17 142.17 149.4 153.92 157 159.72 162.36 164.96 167.58 169.52 168.2 165.46 164.07 164.56 166.77 170.41 175.26 181.18 187.86 194.13 198.29 201.68 204.63 207.1 208.94 209.82 209.31 207.19 203.91 200.59 198.05 196.24 194.78 193.3 191.63 189.77 188.24 187.76 187.06 185.76
-9999 -9999 -9999 -9999 -9999 -9999 -9999 -9999 -9999 -9999 -9999 -9999 -9999 -9999 -9999 108.97 109.29 109.28 109 108.51 108.1 109.3 111.54 113.5 115.16 116.69 118.16 119.64 121.1 122.45 124.62 127.62 130.33 134.51 140.24 145.34 148.36 150.74 153.04 155.34 157.57 158.81 157.63 156.56 156.76 158.38 161.29 165.33 170.36 176.28 182.93 189.61 194.57 198.38 201.61 204.34 206.42 207.55 207.32 205.49 202.49 199.31 196.75 194.85 193.3 191.8 190.18 188.63 187.77 186.99 185.78 184.08
-9999 -9999 -9999 -9999 -9999 -9999 -9999 -9999 -9999 -9999 -9999 -9999 -9999 -9999 -9999 104.21 104.41 104.57 104.66 104.48 103.86 104.72 106.8 109.02 111.05 112.88 114.56 116.16 117.55 118.83 120.65 122.76 124.09 126.4 129.93 133.71 136.25 138.14 139.98 141.91 143.85 145.15 145.83 147 149.02 151.89 155.57 159.97 165.08 170.84 177.18 183.78 189.86 194.46 198.13 201.15 203.44 204.73 204.5 202.95 200.79 198.48 196.29 194.35 192.7 191.29 190.06 188.9 -9999 -9999 -9999 -9999
-9999 -9999 -9999 -9999 -9999 -9999 -9999 -9999 -9999 -9999 -9999 -9999 -9999 -9999 -9999 98.36 98.13 97.9 97.71 97.61 97.84 99.12 101.27 103.71 106.06 108.24 110.27 112.12 113.61 115.04 116.59 117.84 118.05 118.79 120.15 121.67 122.82 123.88 125.16 126.82 128.87 131.17 133.95 137.4 141.24 145.38 149.81 154.55 159.67 165.22 171.14 177.27 183.29 188.64 193.11 196.55 198.85 200.06 200.25 199.7 198.72 197.51 196.16 194.77 193.39 -9999 -9999 -9999 -9999 -9999 -9999 -9999
-9999 -9999 -9999 -9999 -9999 -9999 -9999 -9999 -9999 -9999 -9999 -9999 -9999 -9999 -9999 91.99 91.3 90.62 90.07 89.93 91.04 93.45 96.03 98.47 100.81 103.06 105.31 107.57 109.5 111.13 112.46 113.07 112.78 112.5 112.3 112.18 111.95 111.74 112.09 113.57 116.2 119.44 123.21 128.29 133.79 139.09 144.2 149.24 154.37 159.69 165.24 170.92 176.52 181.76 186.34 190.06 192.83 194.7 195.81 196.32 196.39 196.1 195.51 -9999 -9999 -9999 -9999 -9999 -9999 -9999 -9999 -9999
-9999 -9999 -9999 -9999 -9999 -9999 -9999 -9999 -9999 -9999 -9999 -9999 -9999 -9999 -9999 86.67 85.71 84.81 84.09 84.01 85.75 89.03 91.66 93.92 96.1 98.31 100.75 103.35 105.51 107.24 108.5 109.05 108.86 108.37 107.71 106.6 104.73 102.78 101.99 103.24 106.53 111.07 115.74 120.74 127.06 133.28 138.94 144.2 149.31 154.46 159.72 165.07 170.36 175.41 180 -9999 -9999 -9999 -9999 -9999 -9999 -9999 -9999 -9999 -9999 -9999 -9999 -9999 -9999 -9999 -9999 -9999
-9999 -9999 -9999 -9999 -9999 -9999 -9999 -9999 -9999 -9999 -9999 -9999 -9999 -9999 -9999 84.37 83.41 82.47 81.66 81.45 83.24 86.21 88.25 90.1 92.18 94.56 97.18 99.63 101.73 103.55 105.06 106.07 106.57 106.71 106.28 104.49 101.18 98.63 98.07 98.91 101.06 105.53 111.19 116.16 121.76 128.25 134.2 139.56 144.62 149.6 154.65 159.76 164.88 -9999 -9999 -9999 -9999 -9999 -9999 -9999 -9999 -9999 -9999 -9999 -9999 -9999 -9999 -9999 -9999 -9999 -9999 -9999
-9999 -9999 -9999 -9999 -9999 -9999 -9999 -9999 -9999 -9999 -9999 -9999 -9999 -9999 -9999 84.38 83.78 83.04 82.17 81.47 82.08 83.8 85.52 87.41 89.56 91.88 94.18 96.32 98.34 100.36 102.37 104.2 105.83 107.25 107.65 105.92 102.34 99.36 98.21 98.62 100.17 103.41 109.05 113.82 118.2 124.25 130.14 135.41 140.31 -9999 -9999 -9999 -9999 -9999 -9999 -9999 -9999 -9999 -9999 -9999 -9999 -9999 -9999 -9999 -9999 -9999 -9999 -9999 -9999 -9999 -9999 -9999
