raw_data/evaporacion/evapmay.txt
ncols         178
nrows         142
xllcorner     111.875
yllcorner     -44.625
cellsize      0.25
NODATA_value  -9999
[rows 66 to 98 of 142, columns 0 to 72 of 178]
-9999 -9999 -9999 -9999 148.18 -9999 148.8 -9999 -9999 151.44 152.78 154.26 155.79 157.34 158.89 160.43 161.94 163.42 164.89 166.4 167.99 169.74 171.65 173.62 175.42 176.82 177.78 178.23 178.22 177.84 177.22 176.66 176.3 176.15 176.15 176.21 176.26 176.24 176.12 175.88 175.5 174.98 174.38 173.69 173.06 172.48 171.91 171.35 170.76 170.16 169.54 168.9 168.19 167.42 166.65 165.94 165.35 164.89 164.57 164.39 164.32 164.33 164.4 164.48 164.51 164.5 164.43 164.27 163.98 163.54 162.92 162.09 161
-9999 -9999 -9999 -9999 -9999 -9999 -9999 -9999 -9999 150.67 151.86 153.15 154.5 155.87 157.25 158.62 159.97 161.31 162.68 164.14 165.8 167.73 169.93 172.13 173.68 174.54 175.18 175.7 176.05 175.92 174.97 173.89 173.06 172.53 172.22 172.02 171.82 171.56 171.21 170.77 170.28 169.75 169.23 168.72 168.27 167.86 167.49 167.13 166.77 166.38 165.96 165.48 164.95 164.37 163.79 163.24 162.77 162.4 162.14 162 161.97 162.02 162.12 162.25 162.36 162.42 162.41 162.32 162.1 161.75 161.24 160.51 159.53
-9999 -9999 -9999 -9999 -9999 147.19 -9999 -9999 -9999 150.02 151.04 152.13 153.26 154.4 155.54 156.67 157.78 158.91 160.1 161.47 163.12 165.15 167.5 169.5 170.4 170.95 171.45 171.93 172.36 172.56 171.91 170.49 169.26 168.41 167.85 167.43 167.05 166.63 166.14 165.6 165.04 164.51 164.03 163.64 163.32 163.08 162.9 162.76 162.63 162.49 162.32 162.11 161.83 161.5 161.13 160.75 160.4 160.11 159.9 159.78 159.76 159.82 159.93 160.07 160.2 160.3 160.35 160.3 160.16 159.88 159.44 158.8 157.91
-9999 -9999 -9999 -9999 -9999 -9999 147.3 -9999 148.64 149.44 150.29 151.16 152.03 152.88 153.7 154.51 155.31 156.15 157.1 158.28 159.82 161.83 164.13 165.69 166.31 166.75 167.17 167.58 167.96 168.25 167.92 166.34 164.86 163.81 163.09 162.54 162.06 161.55 161.01 160.46 159.92 159.45 159.07 158.8 158.63 158.55 158.55 158.61 158.71 158.81 158.89 158.92 158.9 158.8 158.64 158.44 158.22 158.01 157.85 157.76 157.73 157.78 157.87 158 158.14 158.25 158.31 158.3 158.2 157.97 157.58 156.99 156.16
-9999 -9999 -9999 -9999 -9999 -9999 -9999 147.6 148.27 148.96 149.64 150.27 150.82 151.3 151.73 152.13 152.54 153.03 153.66 154.57 155.88 157.69 159.83 161.26 161.78 162.14 162.49 162.84 163.18 163.41 163.04 161.42 159.9 158.81 158.05 157.47 156.96 156.45 155.93 155.43 154.98 154.62 154.37 154.24 154.23 154.32 154.49 154.74 155.04 155.35 155.65 155.92 156.13 156.26 156.31 156.29 156.21 156.11 156.01 155.94 155.91 155.93 156 156.11 156.22 156.31 156.37 156.36 156.27 156.05 155.69 155.11 154.28
-9999 -9999 -9999 -9999 -9999 -9999 -9999 -9999 148.07 148.72 149.26 149.63 149.81 149.82 149.73 149.61 149.54 149.59 149.85 150.4 151.37 152.84 154.7 156.3 156.9 157.21 157.52 157.83 158.12 158.18 157.37 155.85 154.51 153.53 152.84 152.31 151.85 151.41 150.98 150.59 150.27 150.05 149.95 149.97 150.11 150.35 150.69 151.11 151.59 152.1 152.61 153.09 153.52 153.86 154.11 154.27 154.35 154.36 154.34 154.31 154.3 154.31 154.35 154.42 154.49 154.55 154.58 154.55 154.43 154.2 153.78 153.12 152.27
-9999 -9999 -9999 -9999 -9999 -9999 -9999 -9999 148.24 148.99 149.49 149.62 149.35 148.76 147.97 147.16 146.46 145.97 145.78 145.93 146.49 147.5 148.93 150.48 151.5 151.97 152.3 152.55 152.67 152.28 151.14 149.89 148.87 148.13 147.6 147.19 146.84 146.51 146.21 145.97 145.81 145.75 145.8 145.96 146.24 146.63 147.12 147.7 148.35 149.04 149.74 150.42 151.04 151.58 152.02 152.36 152.59 152.74 152.83 152.86 152.88 152.9 152.92 152.95 152.98 152.99 152.97 152.9 152.73 152.39 151.82 151.07 150.19
-9999 -9999 -9999 -9999 -9999 -9999 -9999 -9999 -9999 150.13 150.77 150.71 149.92 148.52 146.79 145.04 143.51 142.35 141.61 141.32 141.45 141.99 142.9 144.04 145.13 145.97 146.46 146.54 146.22 145.55 144.68 143.86 143.21 142.75 142.43 142.19 141.98 141.81 141.67 141.59 141.6 141.7 141.91 142.21 142.64 143.2 143.87 144.6 145.37 146.18 147.04 147.9 148.7 149.41 150.03 150.53 150.92 151.21 151.41 151.53 151.61 151.65 151.67 151.68 151.68 151.65 151.57 151.44 151.16 150.61 149.9 149.07 148.11
-9999 -9999 -9999 -9999 -9999 -9999 -9999 -9999 -9999 152.34 153.26 153.06 151.79 149.41 146.46 143.47 140.87 138.86 137.5 136.73 136.46 136.59 137.04 137.7 138.42 139.04 139.42 139.5 139.29 138.9 138.44 138.04 137.74 137.55 137.43 137.37 137.33 137.33 137.36 137.47 137.65 137.91 138.27 138.72 139.34 140.08 140.89 141.76 142.66 143.58 144.53 145.53 146.49 147.36 148.12 148.77 149.31 149.72 150.04 150.26 150.41 150.5 150.55 150.56 150.53 150.46 150.34 150.14 149.71 149 148.15 147.2 146.13
-9999 -9999 -9999 -9999 -9999 -9999 -9999 -9999 -9999 154.55 155.23 154.74 153.56 150.69 146.76 142.4 138.54 135.57 133.53 132.29 131.67 131.48 131.59 131.88 132.25 132.6 132.85 132.95 132.92 132.8 132.68 132.59 132.56 132.6 132.68 132.78 132.92 133.09 133.31 133.59 133.94 134.37 134.88 135.49 136.28 137.17 138.12 139.11 140.14 141.18 142.22 143.33 144.41 145.41 146.3 147.08 147.73 148.27 148.69 149.01 149.24 149.38 149.47 149.49 149.45 149.36 149.2 148.95 148.47 147.64 146.63 145.52 144.31
-9999 -9999 -9999 -9999 -9999 -9999 -9999 -9999 -9999 -9999 152.41 151.59 150.65 149.19 146.39 141.33 136.27 132.36 129.68 128.03 127.13 126.71 126.58 126.64 126.8 126.99 127.14 127.24 127.31 127.37 127.45 127.57 127.74 127.95 128.2 128.47 128.77 129.11 129.5 129.95 130.47 131.06 131.71 132.47 133.4 134.42 135.5 136.61 137.76 138.91 140.07 141.27 142.46 143.57 144.57 145.44 146.19 146.82 147.34 147.74 148.03 148.23 148.35 148.39 148.36 148.25 148.07 147.79 147.35 146.53 145.4 144.11 142.73
-9999 -9999 -9999 -9999 -9999 -9999 -9999 -9999 -9999 -9999 -9999 147.17 146.22 145.17 143.41 139.29 133.64 129.01 125.87 123.94 122.82 122.2 121.85 121.76 121.86 122.04 122.17 122.28 122.39 122.54 122.74 122.99 123.29 123.64 124.02 124.44 124.9 125.4 125.95 126.56 127.23 127.97 128.76 129.64 130.67 131.8 133 134.23 135.49 136.75 138.03 139.35 140.64 141.83 142.91 143.86 144.69 145.4 145.98 146.44 146.78 147.02 147.17 147.22 147.19 147.07 146.86 146.55 146.13 145.5 144.4 142.99 141.44
-9999 -9999 -9999 -9999 -9999 -9999 -9999 -9999 -9999 -9999 -9999 142.54 141.56 140.51 139.06 135.94 130.23 125.36 122.07 119.98 118.59 117.72 117.25 117.1 117.2 117.47 117.75 117.9 118.03 118.22 118.48 118.81 119.22 119.68 120.2 120.77 121.38 122.04 122.73 123.47 124.26 125.11 126.01 126.99 128.08 129.3 130.6 131.95 133.32 134.71 136.13 137.56 138.92 140.18 141.33 142.35 143.24 144 144.62 145.12 145.49 145.75 145.9 145.95 145.91 145.78 145.54 145.21 144.76 144.19 143.38 142.09 140.45
-9999 -9999 -9999 -9999 -9999 -9999 -9999 -9999 -9999 -9999 -9999 -9999 136.85 135.79 134.3 131.3 125.97 121.47 118.39 116.16 114.59 113.59 113.15 113 113.03 113.31 113.72 113.98 114.12 114.32 114.62 115.02 115.52 116.11 116.79 117.53 118.32 119.13 119.96 120.79 121.64 122.53 123.48 124.53 125.68 126.94 128.31 129.75 131.26 132.8 134.35 135.86 137.31 138.65 139.87 140.95 141.88 142.66 143.3 143.8 144.17 144.41 144.54 144.57 144.51 144.35 144.1 143.75 143.28 142.69 141.98 141.04 139.65
-9999 -9999 -9999 -9999 -9999 -9999 -9999 -9999 -9999 -9999 -9999 -9999 132.14 131.05 129.24 125.75 121.29 117.74 115.16 112.9 111.27 110.23 109.75 109.55 109.52 109.73 110.19 110.51 110.64 110.82 111.15 111.61 112.23 112.99 113.89 114.87 115.89 116.89 117.82 118.69 119.5 120.33 121.23 122.26 123.42 124.73 126.16 127.71 129.32 130.98 132.64 134.27 135.83 137.27 138.57 139.71 140.67 141.45 142.06 142.52 142.82 143 143.06 143.03 142.92 142.74 142.49 142.14 141.69 141.1 140.4 139.59 138.59
-9999 -9999 -9999 -9999 -9999 -9999 -9999 -9999 -9999 -9999 -9999 -9999 -9999 125.71 123.31 120.02 117.04 114.77 112.64 110.6 108.98 107.79 107.13 106.79 106.71 106.91 107.33 107.6 107.63 107.76 108.08 108.62 109.39 110.4 111.61 112.94 114.29 115.52 116.56 117.39 118.04 118.66 119.34 120.2 121.27 122.57 124.05 125.68 127.41 129.21 131.03 132.83 134.55 136.15 137.56 138.76 139.72 140.45 140.97 141.3 141.46 141.49 141.42 141.28 141.1 140.89 140.66 140.36 139.96 139.43 138.76 137.97 137.11
-9999 -9999 -9999 -9999 -9999 -9999 -9999 -9999 -9999 -9999 -9999 -9999 119.67 118.26 116.57 115.05 113.94 112.8 111.12 109.44 107.92 106.59 105.6 105.03 104.87 105.02 105.32 105.45 105.27 105.24 105.5 106.09 107.04 108.37 110.01 111.82 113.61 115.09 116.21 116.96 117.35 117.57 117.85 118.38 119.24 120.44 121.92 123.63 125.5 127.49 129.54 131.59 133.57 135.39 136.97 138.24 139.17 139.78 140.1 140.2 140.11 139.89 139.58 139.26 138.98 138.74 138.56 138.36 138.08 137.66 137.08 136.35 135.53
-9999 -9999 -9999 -9999 -9999 -9999 -9999 -9999 -9999 -9999 -9999 -9999 111.08 110.96 111.1 111.47 111.59 111.11 110.34 109.3 107.94 106.47 105.2 104.36 103.98 103.95 104.13 104.2 103.78 103.44 103.49 104.04 105.16 106.85 108.99 111.29 113.3 114.72 115.78 116.67 117.01 116.92 116.68 116.75 117.29 118.31 119.76 121.55 123.59 125.83 128.19 130.6 132.95 135.1 136.9 138.24 139.1 139.51 139.53 139.27 138.8 138.23 137.67 137.18 136.8 136.53 136.36 136.22 136.09 135.83 135.38 134.75 133.99
-9999 -9999 -9999 -9999 -9999 -9999 -9999 -9999 -9999 -9999 -9999 -9999 -9999 105.61 107.08 108.05 108.76 109.53 110.03 109.76 108.63 106.86 105.13 103.94 103.33 103.13 103.21 103.37 103.09 102.47 102.13 102.48 103.65 105.63 108.16 110.32 111.56 112.56 113.54 114.56 115.5 116.03 115.55 115.13 115.31 116.15 117.55 119.43 121.67 124.21 126.97 129.83 132.6 135.01 136.97 138.36 139.21 139.46 139.19 138.52 137.62 136.72 136.11 135.74 135.44 135.13 134.74 134.3 134.1 134.01 133.72 133.2 132.52
-9999 -9999 -9999 -9999 -9999 -9999 -9999 -9999 -9999 -9999 -9999 -9999 -9999 101.52 102.68 103.85 105.59 107.73 108.95 109.11 108.58 106.89 104.63 103.05 102.27 101.96 101.92 102.05 102.19 101.96 101.36 101.31 102.31 104.37 106.87 108.2 109.1 109.96 110.89 111.91 113.01 113.96 113.93 113.27 113.16 113.85 115.24 117.23 119.69 122.56 125.75 129.06 131.96 134.07 135.81 137.23 138.27 138.78 138.62 137.8 136.64 135.63 134.99 134.62 134.34 134 133.53 132.95 132.4 132.32 132.16 131.74 131.13
-9999 -9999 -9999 -9999 -9999 -9999 -9999 -9999 -9999 -9999 -9999 -9999 -9999 96.83 97.88 99.52 102.02 104.58 105.63 106.05 106.08 105.31 103.15 101.54 100.79 100.46 100.3 100.27 100.41 100.62 100.57 100.26 100.86 102.63 104.63 105.65 106.47 107.27 108.14 109.12 110.21 111.23 111.56 110.86 110.66 111.33 112.78 114.89 117.57 120.75 124.32 127.88 130.42 132.45 134.23 135.76 136.95 137.64 137.63 136.89 135.73 134.68 133.99 133.6 133.3 132.94 132.44 131.81 131.15 130.92 130.78 130.41 129.84
-9999 -9999 -9999 -9999 -9999 -9999 -9999 -9999 -9999 -9999 -9999 -9999 -9999 -9999 93.93 95.97 98.43 100.51 101.46 102.07 102.36 101.94 100.52 99.41 98.78 98.5 98.41 98.39 98.35 98.55 98.87 98.88 99.05 100.31 101.95 102.86 103.61 104.34 105.14 106.03 107.01 107.95 108.23 107.69 107.68 108.51 110.11 112.38 115.24 118.65 122.45 126.02 128.52 130.64 132.55 134.21 135.54 136.38 136.54 135.93 134.83 133.76 133.04 132.61 132.29 131.91 131.4 130.74 130.06 129.82 129.64 129.25 128.66
-9999 -9999 -9999 -9999 -9999 -9999 -9999 -9999 -9999 -9999 -9999 -9999 -9999 -9999 91.4 93.63 95.2 96.36 97.2 97.81 97.91 97.4 96.74 96.23 96.02 96 96.07 96.18 96.23 96.31 96.66 96.94 96.68 97.29 98.63 99.42 100.02 100.64 101.31 102.03 102.85 103.63 103.75 103.68 104.18 105.37 107.22 109.66 112.66 116.18 120.09 123.81 126.48 128.75 130.8 132.6 134.07 135.07 135.39 134.95 133.94 132.87 132.11 131.65 131.3 130.91 130.38 129.74 129.18 128.99 128.72 128.22 127.58
-9999 -9999 -9999 -9999 -9999 -9999 -9999 -9999 -9999 -9999 -9999 -9999 -9999 -9999 -9999 89.51 90.56 91.58 92.53 93.03 92.3 91.96 92.21 92.51 92.85 93.18 93.48 93.76 93.96 93.99 94.26 94.43 93.75 93.55 94.07 94.62 94.91 95.22 95.62 96.11 96.72 97.4 97.97 98.83 100.15 101.92 104.14 106.78 109.85 113.36 117.25 121.18 124.26 126.76 128.98 130.92 132.53 133.68 134.15 133.85 132.98 132 131.26 130.78 130.41 130.01 129.51 128.99 128.69 128.4 127.93 127.29 126.57
-9999 -9999 -9999 -9999 -9999 -9999 -9999 -9999 -9999 -9999 -9999 -9999 -9999 -9999 -9999 84.6 85.31 86.06 86.82 87.24 86.47 86.25 86.94 87.99 88.97 89.78 90.45 91 91.33 91.48 91.76 91.7 90.51 89.48 88.81 88.26 87.81 87.55 87.5 87.66 88.11 89.13 90.95 93.19 95.62 98.19 100.89 103.77 106.89 110.32 114.05 117.93 121.58 124.48 126.93 129.04 130.77 132.01 132.48 132.29 131.81 131.24 130.7 130.24 129.84 129.5 129.15 128.79 -9999 -9999 -9999 -9999 -9999
-9999 -9999 -9999 -9999 -9999 -9999 -9999 -9999 -9999 -9999 -9999 -9999 -9999 -9999 -9999 79.54 79.85 80.15 80.45 80.62 80.4 80.4 81.24 82.66 84.11 85.42 86.57 87.58 88.27 88.78 89.16 88.92 87.4 85.65 83.72 81.71 80.14 78.89 78.09 77.94 78.46 79.85 82.96 86.87 90.71 94.26 97.56 100.73 103.91 107.23 110.74 114.38 117.98 121.27 124.12 126.45 128.2 129.4 130.08 130.37 130.45 130.39 130.25 130.04 129.78 -9999 -9999 -9999 -9999 -9999 -9999 -9999 -9999
-9999 -9999 -9999 -9999 -9999 -9999 -9999 -9999 -9999 -9999 -9999 -9999 -9999 -9999 -9999 74.82 74.68 74.53 74.38 74.32 74.53 75.15 76.25 77.62 79.04 80.45 81.96 83.67 85.04 86.01 86.64 86.48 85.08 82.92 80.14 77.17 74.04 70.93 68.72 68.31 69.67 72 75.22 80.34 85.69 90.33 94.28 97.76 101.02 104.25 107.55 110.94 114.32 117.54 120.45 122.92 124.92 126.45 127.58 128.41 128.99 129.37 129.58 -9999 -9999 -9999 -9999 -9999 -9999 -9999 -9999 -9999 -9999
-9999 -9999 -9999 -9999 -9999 -9999 -9999 -9999 -9999 -9999 -9999 -9999 -9999 -9999 -9999 71.78 71.22 70.67 70.16 69.89 70.4 71.58 72.5 73.55 74.74 76.11 77.96 80.21 81.99 83.38 84.52 84.98 84.21 82.27 79.34 75.24 69.73 63.99 60.03 59.3 61.76 66.11 70.52 75.1 81.16 86.73 91.26 95.01 98.33 101.47 104.61 107.8 110.99 114.1 117 -9999 -9999 -9999 -9999 -9999 -9999 -9999 -9999 -9999 -9999 -9999 -9999 -9999 -9999 -9999 -9999 -9999 -9999
-9999 -9999 -9999 -9999 -9999 -9999 -9999 -9999 -9999 -9999 -9999 -9999 -9999 -9999 -9999 71.89 70.98 70.04 69.11 68.44 68.82 69.79 70.08 70.54 71.54 73.15 75.28 77.38 79.23 81.09 83.02 84.47 84.8 83.86 81.38 76.35 68.66 62.07 58.6 57.32 58.04 62.37 68.47 73.16 78.16 83.93 88.77 92.63 95.92 98.95 101.94 104.98 108.05 -9999 -9999 -9999 -9999 -9999 -9999 -9999 -9999 -9999 -9999 -9999 -9999 -9999 -9999 -9999 -9999 -9999 -9999 -9999 -9999
-9999 -9999 -9999 -9999 -9999 -9999 -9999 -9999 -9999 -9999 -9999 -9999 -9999 -9999 -9999 73.76 72.91 71.87 70.59 69.18 68.38 68.43 68.64 69.15 70.12 71.52 73.16 74.86 76.77 79.18 82.04 84.76 86.77 87.83 86.78 81.97 73.93 66.73 62.43 60.56 60.45 62.92 69.11 73.72 77.22 82.33 86.99 90.71 93.85 -9999 -9999 -9999 -9999 -9999 -9999 -9999 -9999 -9999 -9999 -9999 -9999 -9999 -9999 -9999 -9999 -9999 -9999 -9999 -9999 -9999 -9999 -9999 -9999
-9999 -9999 -9999 -9999 -9999 -9999 -9999 -9999 -9999 -9999 -9999 -9999 -9999 -9999 -9999 73.57 73.35 72.7 71.3 68.99 66.75 65.95 66.27 67.24 68.47 69.73 71.03 72.57 74.64 77.53 81.24 85.33 89.54 93.16 93.11 88.87 81.96 74.64 69.42 67.15 67.05 68.7 72.75 75.98 78.4 82.04 85.96 89.27 92.11 -9999 -9999 -9999 -9999 -9999 -9999 -9999 -9999 -9999 -9999 -9999 -9999 -9999 -9999 -9999 -9999 -9999 -9999 -9999 -9999 -9999 -9999 -9999 -9999
-9999 -9999 -9999 -9999 -9999 -9999 -9999 -9999 -9999 -9999 -9999 -9999 -9999 -9999 -9999 69.55 70.01 69.89 68.61 66.23 64.19 63.41 63.66 64.84 66.47 67.86 69.11 70.61 72.78 75.96 80.22 85.4 91.38 96.57 96.34 93.34 88.48 82.49 77.6 75.34 75.16 76.13 77.71 78.9 80.16 82.52 85.51 88.22 90.65 -9999 -9999 -9999 -9999 -9999 -9999 -9999 -9999 -9999 -9999 -9999 -9999 -9999 -9999 -9999 -9999 -9999 -9999 -9999 -9999 -9999 -9999 -9999 -9999
-9999 -9999 -9999 -9999 -9999 -9999 -9999 -9999 -9999 -9999 -9999 -9999 -9999 61.3 62.32 63.32 64.17 64.6 64.2 63.14 62.32 62.14 62.57 63.74 65.36 66.76 67.93 69.26 71.24 74.4 78.78 84.3 90.8 96.76 97.53 95.64 92.2 87.62 83.58 81.48 80.99 81.29 81.59 81.34 81.72 83.22 85.32 -9999 -9999 -9999 -9999 -9999 -9999 -9999 -9999 -9999 -9999 -9999 -9999 -9999 -9999 -9999 -9999 -9999 -9999 -9999 -9999 -9999 -9999 -9999 -9999 -9999 -9999
