raw_data/evaporacion/evapaug.txt
ncols         178
nrows         142
xllcorner     111.875
yllcorner     -44.625
cellsize      0.25
NODATA_value  -9999
[rows 33 to 65 of 142, columns 0 to 72 of 178]
-9999 -9999 -9999 -9999 -9999 -9999 -9999 -9999 -9999 -9999 -9999 -9999 -9999 -9999 -9999 -9999 -9999 -9999 -9999 -9999 -9999 -9999 -9999 -9999 -9999 -9999 -9999 -9999 -9999 -9999 -9999 -9999 -9999 -9999 -9999 -9999 -9999 -9999 -9999 -9999 -9999 211.5 211.99 212.67 213.87 216.08 218.5 220.85 223.19 225.61 228.19 230.84 233.41 235.7 237.54 238.87 239.69 240.04 240 239.61 238.98 238.22 237.44 236.63 235.8 234.95 234.05 233.03 231.84 230.52 229.13 227.76 226.5
-9999 -9999 -9999 -9999 -9999 -9999 -9999 -9999 -9999 -9999 -9999 -9999 -9999 -9999 -9999 -9999 -9999 -9999 -9999 -9999 -9999 -9999 -9999 -9999 -9999 -9999 -9999 -9999 -9999 -9999 -9999 -9999 -9999 -9999 -9999 -9999 -9999 -9999 -9999 -9999 -9999 212.84 213.32 213.94 214.9 216.91 219.44 221.91 224.3 226.72 229.24 231.82 234.28 236.46 238.19 239.41 240.12 240.35 240.16 239.61 238.85 237.98 237.05 236.09 235.13 234.14 233.09 231.95 230.64 229.2 227.7 226.24 224.92
-9999 -9999 -9999 -9999 -9999 -9999 -9999 -9999 -9999 -9999 -9999 -9999 -9999 -9999 -9999 -9999 -9999 -9999 -9999 -9999 -9999 -9999 -9999 -9999 -9999 -9999 -9999 -9999 -9999 -9999 -9999 -9999 -9999 -9999 -9999 -9999 -9999 -9999 -9999 -9999 -9999 -9999 214.91 215.52 216.44 218.35 220.89 223.36 225.72 228.09 230.53 232.99 235.33 237.37 238.97 240.06 240.64 240.74 240.42 239.75 238.9 237.91 236.93 235.86 234.71 233.57 232.34 231 229.46 227.77 226.05 224.41 223
-9999 -9999 -9999 -9999 -9999 -9999 -9999 -9999 -9999 -9999 -9999 -9999 -9999 -9999 -9999 -9999 -9999 -9999 -9999 -9999 -9999 -9999 -9999 -9999 -9999 -9999 -9999 -9999 -9999 -9999 -9999 -9999 -9999 -9999 -9999 -9999 -9999 -9999 -9999 -9999 -9999 216.33 216.81 217.43 218.44 220.48 222.92 225.26 227.51 229.76 232.06 234.38 236.56 238.43 239.87 240.81 241.26 241.26 240.86 240.14 239.24 238.17 237.12 235.96 234.68 233.4 231.99 230.26 228.26 226.11 223.97 222.02 220.45
-9999 -9999 -9999 -9999 -9999 -9999 -9999 -9999 -9999 -9999 -9999 -9999 -9999 -9999 -9999 -9999 -9999 -9999 -9999 -9999 -9999 -9999 -9999 -9999 -9999 -9999 -9999 -9999 -9999 -9999 -9999 -9999 -9999 -9999 -9999 -9999 -9999 -9999 -9999 -9999 218.19 218.56 219.08 219.86 221.22 223.31 225.52 227.62 229.66 231.74 233.86 235.99 237.96 239.63 240.88 241.66 241.99 241.93 241.56 240.93 240.07 238.97 237.84 236.64 235.33 233.97 232.28 229.9 227.03 224.01 221.11 218.62 216.78
-9999 -9999 -9999 -9999 -9999 -9999 -9999 -9999 -9999 -9999 -9999 -9999 -9999 -9999 -9999 -9999 -9999 -9999 -9999 -9999 -9999 -9999 -9999 -9999 -9999 -9999 -9999 -9999 -9999 -9999 -9999 -9999 -9999 -9999 -9999 -9999 -9999 -9999 -9999 221.23 221.04 221.39 222.04 223.26 224.88 226.73 228.59 230.39 232.19 234.03 235.93 237.81 239.54 240.97 242 242.61 242.84 242.79 242.57 242.27 241.77 240.82 239.7 238.52 237.25 235.75 233.57 230.06 225.7 221.18 216.97 213.53 211.25
-9999 -9999 -9999 -9999 -9999 -9999 -9999 -9999 -9999 -9999 -9999 -9999 -9999 -9999 -9999 -9999 -9999 -9999 -9999 -9999 -9999 -9999 -9999 -9999 -9999 -9999 -9999 -9999 -9999 -9999 -9999 -9999 -9999 -9999 -9999 -9999 -9999 -9999 -9999 225.3 225.3 225.69 226.47 227.62 229.02 230.51 232.02 233.52 235.04 236.62 238.25 239.84 241.28 242.42 243.21 243.64 243.8 243.84 243.94 244.26 244.63 244.14 243.2 242.08 240.73 238.87 235.89 230.8 224.18 217.31 211.05 206.14 203.17
-9999 -9999 -9999 -9999 -9999 -9999 -9999 -9999 -9999 -9999 -9999 -9999 -9999 -9999 -9999 -9999 -9999 -9999 -9999 -9999 -9999 -9999 -9999 -9999 -9999 -9999 -9999 -9999 -9999 -9999 -9999 -9999 -9999 -9999 -9999 -9999 -9999 -9999 229.2 229.39 229.75 230.32 231.13 232.15 233.29 234.49 235.71 236.93 238.19 239.48 240.8 242.05 243.15 243.97 244.49 244.74 244.84 245.04 245.6 246.76 248.29 248.71 247.96 246.79 245.16 242.63 238.5 231.74 222.39 212.54 203.79 197.22 193.43
-9999 -9999 -9999 -9999 -9999 -9999 -9999 -9999 -9999 -9999 -9999 -9999 -9999 -9999 -9999 -9999 -9999 -9999 -9999 -9999 -9999 -9999 -9999 -9999 -9999 -9999 -9999 -9999 -9999 -9999 -9999 -9999 -9999 -9999 -9999 -9999 -9999 231.95 232.57 233.23 233.95 234.74 235.63 236.58 237.57 238.57 239.56 240.55 241.54 242.54 243.52 244.4 245.11 245.59 245.81 245.85 245.91 246.29 247.38 249.49 252.26 253.41 252.7 251.34 249.23 245.84 240.35 231.91 220.56 208.52 198.48 191.55 187.42
-9999 -9999 -9999 -9999 -9999 -9999 -9999 -9999 -9999 -9999 -9999 -9999 -9999 -9999 -9999 -9999 -9999 -9999 -9999 -9999 -9999 -9999 -9999 -9999 -9999 -9999 -9999 -9999 -9999 -9999 -9999 -9999 -9999 -9999 -9999 232.45 233.47 234.57 235.7 236.83 237.92 238.97 239.97 240.93 241.83 242.69 243.5 244.28 245.02 245.72 246.33 246.82 247.13 247.22 247.12 246.94 246.91 247.43 248.96 251.9 255.68 256.95 256.14 254.53 251.87 247.81 241.23 231.49 219.06 206.27 195.88 188.85 184.67
-9999 -9999 -9999 -9999 -9999 -9999 -9999 -9999 -9999 -9999 -9999 -9999 -9999 -9999 -9999 -9999 -9999 -9999 -9999 -9999 -9999 -9999 -9999 -9999 -9999 -9999 -9999 -9999 -9999 231.6 -9999 231.29 231.14 231.56 232.49 233.79 235.32 236.98 238.67 240.31 241.83 243.17 244.31 245.28 246.09 246.8 247.44 248 248.5 248.89 249.15 249.25 249.14 248.83 248.38 247.92 247.74 248.25 249.97 253.37 257.68 258.85 257.85 255.65 252.53 248.11 241.17 230.66 217.61 204.5 193.96 187.06 182.98
-9999 -9999 -9999 -9999 -9999 -9999 -9999 -9999 -9999 -9999 -9999 -9999 -9999 -9999 -9999 -9999 -9999 -9999 -9999 -9999 -9999 -9999 -9999 -9999 -9999 -9999 -9999 -9999 229.56 230.4 231.12 230.96 231.02 231.74 233.06 234.84 236.96 239.26 241.61 243.87 245.89 247.56 248.83 249.75 250.4 250.89 251.29 251.61 251.85 251.95 251.87 251.58 251.07 250.36 249.54 248.76 248.3 248.59 250.15 253.43 257.74 259.24 258.12 255.64 252.26 247.55 240.3 229.43 216.12 202.9 192.35 185.53 181.47
-9999 -9999 -9999 -9999 -9999 -9999 -9999 -9999 -9999 -9999 -9999 -9999 -9999 -9999 -9999 -9999 -9999 -9999 -9999 -9999 -9999 -9999 -9999 -9999 226.43 225.9 225.98 226.55 227.43 228.49 229.53 229.81 230.3 231.46 233.27 235.64 238.43 241.51 244.67 247.7 250.32 252.34 253.7 254.46 254.81 254.94 254.98 255 254.95 254.76 254.37 253.73 252.84 251.74 250.54 249.4 248.57 248.44 249.46 252.02 255.8 258.25 257.34 254.96 251.46 246.48 238.82 227.89 214.6 201.49 191.09 184.17 180.06
-9999 -9999 -9999 -9999 -9999 -9999 -9999 -9999 -9999 -9999 -9999 -9999 -9999 -9999 -9999 -9999 -9999 -9999 -9999 229.84 229.65 -9999 -9999 224.45 222.87 222.23 222.39 223.12 224.21 225.52 226.89 227.77 228.94 230.72 233.14 236.18 239.76 243.74 247.88 251.78 254.94 257.28 258.75 259.38 259.28 258.87 258.43 258.05 257.68 257.22 256.55 255.61 254.38 252.92 251.35 249.82 248.55 247.86 248.08 249.53 252.17 254.9 255.22 253.23 249.83 244.64 236.89 226.14 213.16 200.37 190.13 183.21 179.01
-9999 -9999 -9999 -9999 -9999 -9999 -9999 -9999 -9999 -9999 -9999 -9999 -9999 -9999 -9999 -9999 -9999 225.77 226.75 226.99 226.43 224.81 222.23 219.49 217.47 216.61 216.82 217.77 219.18 220.91 222.89 224.82 226.97 229.54 232.66 236.44 240.87 245.84 250.95 255.35 258.31 260.67 262.6 263.75 263.5 262.5 261.48 260.65 259.95 259.23 258.32 257.12 255.61 253.83 251.91 250 248.28 246.98 246.34 246.56 247.64 249.14 250.01 249.42 246.79 241.6 233.78 223.72 212.27 200.72 190.64 183.59 179.44
-9999 -9999 -9999 -9999 -9999 -9999 -9999 -9999 -9999 -9999 -9999 -9999 -9999 -9999 -9999 -9999 219.89 222.45 223.38 223.23 221.91 219.35 215.91 212.45 209.89 208.76 209.01 210.25 212.08 214.41 217.73 221.16 224.49 227.95 231.82 236.32 241.57 247.41 252.85 256.52 259.37 261.88 264.08 265.85 266.63 265.46 263.91 262.65 261.65 260.71 259.61 258.21 256.45 254.4 252.17 249.91 247.78 245.92 244.5 243.63 243.28 243.21 242.92 241.76 239.11 234.61 228.31 220.57 211.98 203.31 195.46 189.42 185.71
-9999 -9999 -9999 -9999 -9999 -9999 -9999 -9999 -9999 -9999 -9999 -9999 -9999 -9999 203.76 208.95 213.99 217.7 218.83 218.1 215.79 212.23 207.98 203.91 200.83 199.34 199.65 201.34 203.71 206.74 211.93 217.08 221.67 226.03 230.58 235.69 241.59 247.93 253.02 256.54 259.54 262.22 264.58 266.58 267.89 267.21 265.45 263.89 262.67 261.57 260.34 258.78 256.84 254.56 252.06 249.5 247.01 244.71 242.68 240.98 239.58 238.31 236.9 234.98 232.19 228.36 223.49 217.8 211.64 205.46 199.78 195.17 192.06
-9999 -9999 -9999 -9999 -9999 -9999 -9999 -9999 -9999 -9999 -9999 -9999 189.99 194.49 199.06 203.47 207.53 210.75 212.27 211.54 208.55 204.47 200.02 195.65 192.07 190.26 190.59 192.71 195.85 199.6 206.28 212.99 218.72 223.86 228.94 234.46 240.71 247.33 252.39 256.04 259.21 262.04 264.52 266.63 268.09 267.66 265.87 264.23 262.95 261.78 260.46 258.78 256.69 254.21 251.48 248.66 245.89 243.26 240.83 238.6 236.53 234.54 232.45 230.08 227.25 223.88 219.96 215.62 211.04 206.48 202.24 198.64 195.95
-9999 -9999 -9999 -9999 -9999 -9999 -9999 -9999 176.62 -9999 -9999 183.31 186.3 190.56 194.8 198.61 201.85 204.26 205.34 204.49 201.7 198.14 194.16 189.78 186.4 185.19 185.19 186.39 189.97 194.27 201.62 209.36 215.91 221.55 226.93 232.59 238.87 245.56 251.16 255.09 258.41 261.36 263.94 266.11 267.47 266.78 265.13 263.65 262.45 261.3 259.93 258.16 255.92 253.27 250.33 247.3 244.32 241.48 238.81 236.29 233.89 231.53 229.12 226.57 223.79 220.73 217.41 213.87 210.22 206.6 203.18 200.15 197.68
-9999 -9999 -9999 -9999 -9999 -9999 -9999 -9999 174.35 -9999 178.46 180.64 183.27 187.26 191.2 194.57 197.3 199.22 199.99 199.23 197.21 194.82 191.73 187.72 184.81 183.52 183.09 183.69 186.81 191.05 198.48 206.58 213.43 219.24 224.65 230.2 236.22 242.72 248.96 253.5 257.11 260.19 262.81 264.78 265.54 264.62 263.34 262.21 261.2 260.11 258.71 256.83 254.34 251.45 248.39 245.29 242.19 239.23 236.45 233.83 231.33 228.87 226.4 223.86 221.2 218.39 215.45 212.39 209.27 206.17 203.19 200.45 198.07
-9999 -9999 -9999 -9999 -9999 -9999 -9999 170.26 172.09 174.01 176 178.11 180.8 184.61 188.23 191.28 193.73 195.5 196.37 196.17 195.42 194.54 192.81 189.58 186.4 184.18 183.01 183.26 186.02 189.71 197 204.78 211.36 216.98 222.18 227.44 233.04 239 245.02 250.43 254.78 258.05 260.57 261.81 261.97 261.45 260.75 260.03 259.24 258.22 256.75 254.48 251.29 247.99 245.01 242.31 239.4 236.44 233.67 231.08 228.62 226.24 223.87 221.46 218.99 216.44 213.79 211.06 208.28 205.49 202.76 200.17 197.81
-9999 -9999 -9999 -9999 -9999 -9999 -9999 168.14 169.85 171.66 173.58 175.82 178.92 182.47 185.73 188.51 190.82 192.65 193.91 194.62 195.34 196.15 195.83 193.59 190.47 187.34 185.29 185.42 187 190 196.86 203.75 209.63 214.78 219.62 224.49 229.61 234.96 240.37 245.47 249.85 253.25 255.66 257.03 257.62 257.73 257.58 257.23 256.62 255.57 253.66 250.44 246.84 243.53 240.66 238.19 235.83 233.08 230.42 227.97 225.67 223.47 221.3 219.12 216.9 214.61 212.25 209.81 207.3 204.75 202.2 199.71 197.35
-9999 -9999 -9999 -9999 -9999 -9999 -9999 -9999 167.83 169.55 171.54 174.25 177.41 180.56 183.43 185.97 188.21 190.18 191.93 193.55 195.48 197.42 197.36 196.23 194.37 191.73 189.1 188.12 188.65 191.85 197.49 203.06 208.03 212.57 216.96 221.44 226.11 230.94 235.78 240.36 244.43 247.76 250.28 252.01 253.11 253.73 253.97 253.85 253.27 251.76 248.76 245.15 241.68 238.59 235.9 233.6 231.54 229.19 226.76 224.53 222.47 220.51 218.61 216.71 214.77 212.78 210.72 208.57 206.33 204.01 201.64 199.25 196.9
-9999 -9999 -9999 -9999 -9999 -9999 -9999 -9999 166.67 168.38 170.55 173.13 175.89 178.59 181.12 183.45 185.63 187.72 189.82 192.05 194.57 196.92 197.32 196.99 196.15 194.12 191.41 189.95 190.35 193.66 197.99 202.26 206.32 210.25 214.2 218.3 222.59 227.01 231.41 235.61 239.39 242.62 245.21 247.17 248.57 249.46 249.89 249.77 248.68 245.97 242.57 239.2 236.09 233.31 230.88 228.81 226.98 224.95 222.81 220.85 219.08 217.42 215.81 214.21 212.59 210.91 209.15 207.3 205.34 203.27 201.08 198.82 196.51
-9999 -9999 -9999 -9999 -9999 -9999 -9999 164.48 165.74 167.4 169.41 171.67 174.03 176.38 178.64 180.81 182.92 185.04 187.28 189.74 192.34 195.01 196.14 196.37 195.91 193.97 191.9 191.01 192.1 194.7 197.82 201.07 204.37 207.76 211.31 215.07 219.03 223.11 227.18 231.06 234.62 237.72 240.3 242.32 243.82 244.76 245 244.21 241.86 238.87 235.8 232.88 230.18 227.76 225.67 223.89 222.3 220.51 218.68 217.04 215.59 214.23 212.94 211.65 210.33 208.96 207.5 205.95 204.27 202.45 200.48 198.37 196.13
-9999 -9999 -9999 -9999 -9999 -9999 -9999 162.79 164.11 165.71 167.57 169.61 171.72 173.85 175.94 177.99 180.04 182.13 184.32 186.69 189.12 191.4 193.07 193.74 193.35 192.26 191.4 191.48 192.66 194.56 196.87 199.42 202.16 205.11 208.3 211.73 215.37 219.13 222.89 226.51 229.84 232.77 235.23 237.18 238.52 239.02 238.22 236.35 233.91 231.32 228.75 226.3 224.04 222.04 220.31 218.86 217.56 215.98 214.47 213.18 212.04 211 210.01 209.02 208 206.92 205.76 204.48 203.08 201.51 199.77 197.83 195.71
-9999 -9999 -9999 -9999 -9999 -9999 159.32 160.41 161.73 163.28 165.05 166.98 168.98 171 173 175 177 179.03 181.13 183.29 185.48 187.5 189.03 189.92 190.2 190.16 190.25 190.83 191.92 193.44 195.29 197.4 199.74 202.34 205.18 208.28 211.58 215 218.43 221.74 224.79 227.49 229.71 231.2 231.75 231.03 229.61 227.77 225.74 223.64 221.56 219.58 217.79 216.21 214.88 213.77 212.71 211.4 210.24 209.29 208.47 207.74 207.04 206.34 205.6 204.79 203.89 202.88 201.73 200.41 198.89 197.15 195.17
-9999 -9999 -9999 -9999 -9999 -9999 156.69 157.78 158.99 160.36 162.02 163.91 165.88 167.88 169.87 171.86 173.85 175.85 177.86 179.87 181.83 183.65 185.17 186.31 187.12 187.74 188.4 189.25 190.36 191.72 193.32 195.14 197.2 199.48 201.99 204.73 207.65 210.68 213.71 216.63 219.31 221.57 223.12 223.36 222.93 221.97 220.71 219.23 217.63 215.98 214.37 212.86 211.51 210.36 209.42 208.65 207.79 206.82 206.02 205.4 204.89 204.44 204.02 203.59 203.1 202.54 201.89 201.13 200.21 199.12 197.81 196.27 194.45
-9999 -9999 -9999 -9999 -9999 -9999 153.79 154.82 155.95 157.22 158.7 160.55 162.53 164.55 166.57 168.59 170.61 172.62 174.61 176.56 178.43 180.18 181.75 183.09 184.24 185.26 186.25 187.29 188.43 189.71 191.16 192.77 194.56 196.55 198.73 201.08 203.57 206.14 208.7 211.14 213.23 214.46 214.75 214.47 213.89 213.08 212.07 210.93 209.72 208.49 207.31 206.24 205.32 204.57 204 203.55 202.89 202.26 201.81 201.49 201.27 201.1 200.94 200.73 200.47 200.13 199.71 199.18 198.5 197.63 196.53 195.18 193.54
-9999 -9999 -9999 -9999 -9999 -9999 -9999 151.58 152.65 153.86 155.25 157.02 159.01 161.06 163.12 165.2 167.29 169.35 171.38 173.36 175.26 177.06 178.73 180.28 181.68 182.97 184.17 185.31 186.46 187.65 188.92 190.31 191.84 193.52 195.34 197.29 199.32 201.39 203.41 205.24 206.36 206.51 206.26 205.86 205.31 204.64 203.87 203.02 202.15 201.3 200.51 199.83 199.29 198.91 198.68 198.48 198.07 197.76 197.61 197.58 197.62 197.7 197.77 197.77 197.72 197.59 197.38 197.05 196.59 195.93 195.02 193.86 192.4
-9999 -9999 -9999 -9999 -9999 -9999 -9999 148.12 149.13 150.28 151.64 153.38 155.37 157.44 159.55 161.7 163.86 166.01 168.13 170.2 172.21 174.16 176.04 177.84 179.52 181.05 182.4 183.58 184.64 185.64 186.65 187.75 188.97 190.31 191.76 193.29 194.84 196.38 197.84 198.99 199.17 198.78 198.32 197.84 197.32 196.77 196.2 195.61 195.05 194.52 194.08 193.74 193.53 193.46 193.51 193.47 193.33 193.32 193.44 193.66 193.94 194.24 194.51 194.72 194.86 194.93 194.91 194.77 194.49 194.02 193.3 192.32 191.05
-9999 -9999 -9999 -9999 -9999 -9999 -9999 -9999 145.43 146.55 147.91 149.68 151.64 153.71 155.85 158.06 160.29 162.54 164.77 166.98 169.18 171.38 173.58 175.74 177.79 179.61 181.11 182.26 183.1 183.76 184.37 185.05 185.86 186.81 187.87 188.97 190.07 191.09 191.99 192.58 192.32 191.65 191.02 190.48 190 189.57 189.17 188.81 188.5 188.26 188.1 188.05 188.11 188.31 188.54 188.62 188.73 188.97 189.32 189.75 190.23 190.73 191.19 191.58 191.9 192.15 192.3 192.33 192.21 191.9 191.36 190.56 189.45
-9999 -9999 -9999 -9999 138.89 -9999 -9999 -9999 141.63 142.75 144.2 145.93 147.84 149.87 152.02 154.25 156.55 158.88 161.22 163.6 166.04 168.59 171.24 173.93 176.48 178.68 180.35 181.39 181.89 182.03 182.05 182.16 182.45 182.95 183.58 184.27 184.93 185.48 185.88 186.07 185.82 185.09 184.4 183.84 183.41 183.08 182.84 182.68 182.59 182.58 182.66 182.83 183.1 183.43 183.72 183.96 184.3 184.75 185.28 185.89 186.53 187.18 187.82 188.38 188.86 189.26 189.56 189.73 189.76 189.59 189.2 188.56 187.62
