raw_data/evaporacion/evapfeb.txt
ncols         178
nrows         142
xllcorner     111.875
yllcorner     -44.625
cellsize      0.25
NODATA_value  -9999
[rows 64 to 95 of 142, columns 0 to 71 of 178]
-9999 -9999 -9999 -9999 -9999 -9999 -9999 -9999 281.85 284.8 289.02 296.2 303.9 311.11 317.75 323.95 329.81 335.42 340.77 345.88 350.76 355.41 359.82 363.92 367.57 370.63 372.98 374.61 375.62 376.25 376.75 377.31 378.04 378.93 379.94 380.95 381.87 382.63 383.17 383.11 381.14 378.42 376.08 374.2 372.65 371.36 370.27 369.38 368.7 368.28 368.2 368.55 369.41 370.81 372.24 372.18 371.48 370.73 370.03 369.37 368.78 368.22 367.52 366.56 365.48 364.33 363.08 361.74 360.28 358.58 356.56 354.45
-9999 -9999 -9999 -9999 274.45 -9999 -9999 -9999 282.18 285.86 291.61 298.82 306.15 313.16 319.83 326.21 332.37 338.31 344.05 349.61 355.04 360.43 365.77 370.94 375.69 379.64 382.51 384.16 384.74 384.6 384.19 383.85 383.78 383.99 384.37 384.78 385.07 385.12 384.9 384.29 382.72 380.09 377.72 375.8 374.29 373.12 372.19 371.46 370.93 370.63 370.62 370.98 371.71 372.68 373.11 372.76 372.24 371.73 371.24 370.77 370.33 369.92 369.43 368.68 367.76 366.74 365.62 364.38 362.98 361.29 359.39 357.4
-9999 -9999 -9999 -9999 277.61 -9999 278.75 -9999 -9999 289.56 295.57 302.17 308.9 315.55 322.08 328.49 334.78 340.94 346.98 352.96 359.02 365.27 371.73 378.15 383.89 388.4 391.52 393.14 393.39 392.51 390.89 389.34 388.24 387.62 387.31 387.09 386.76 386.18 385.3 384.15 382.72 381.03 379.31 377.56 376.15 375.09 374.28 373.66 373.2 372.91 372.84 372.98 373.09 373.07 372.9 372.62 372.32 372.01 371.7 371.39 371.09 370.77 370.42 369.93 369.23 368.36 367.36 366.21 364.81 363.21 361.47 359.64
-9999 -9999 -9999 -9999 -9999 -9999 -9999 -9999 -9999 294.4 299.79 305.66 311.76 317.98 324.25 330.53 336.78 342.98 349.17 355.47 362.08 369.18 376.75 384.1 389.45 392.7 395.17 397.15 398.55 398.51 396.15 393.32 391.09 389.57 388.55 387.73 386.85 385.73 384.33 382.72 381 379.31 377.74 376.33 375.2 374.32 373.67 373.18 372.82 372.56 372.4 372.3 372.2 372.08 371.97 371.85 371.73 371.59 371.44 371.26 371.07 370.85 370.58 370.21 369.69 368.99 368.11 367.05 365.78 364.36 362.81 361.16
-9999 -9999 -9999 -9999 -9999 286.63 -9999 -9999 -9999 298.85 303.63 308.86 314.39 320.15 326.06 332.06 338.09 344.15 350.29 356.71 363.68 371.43 379.74 386.79 390.62 393.26 395.55 397.58 399.34 400.34 398.88 395.24 392 389.69 388.05 386.72 385.39 383.87 382.12 380.21 378.29 376.48 374.9 373.61 372.6 371.86 371.33 370.97 370.74 370.6 370.52 370.48 370.47 370.47 370.48 370.5 370.5 370.49 370.47 370.41 370.32 370.18 369.98 369.69 369.27 368.71 367.97 367.05 365.97 364.74 363.38 361.89
-9999 -9999 -9999 -9999 -9999 -9999 292.61 -9999 298.68 302.52 306.83 311.53 316.55 321.82 327.27 332.84 338.48 344.2 350.1 356.4 363.42 371.42 379.88 386 389.28 391.8 394.05 396.04 397.78 399.1 398.63 394.61 390.75 387.92 385.86 384.19 382.55 380.79 378.85 376.83 374.87 373.09 371.6 370.42 369.55 368.95 368.56 368.33 368.22 368.18 368.2 368.25 368.32 368.41 368.5 368.59 368.68 368.76 368.81 368.85 368.84 368.78 368.65 368.44 368.11 367.66 367.05 366.29 365.38 364.32 363.11 361.71
-9999 -9999 -9999 -9999 -9999 -9999 -9999 298.69 301.86 305.42 309.34 313.57 318.08 322.81 327.7 332.72 337.83 343.05 348.5 354.42 361.13 368.87 377.12 383.1 386.3 388.76 390.96 392.91 394.61 395.88 395.31 391.23 387.27 384.33 382.14 380.33 378.57 376.71 374.74 372.76 370.89 369.26 367.94 366.94 366.25 365.81 365.57 365.47 365.46 365.5 365.59 365.7 365.82 365.94 366.07 366.19 366.31 366.42 366.51 366.59 366.63 366.63 366.56 366.42 366.18 365.82 365.33 364.69 363.91 362.99 361.85 359.99
-9999 -9999 -9999 -9999 -9999 -9999 -9999 -9999 304.31 307.62 311.17 314.95 318.91 323.04 327.29 331.66 336.13 340.74 345.6 350.92 356.97 363.98 371.69 378.3 381.84 384.31 386.48 388.4 390.05 390.86 389.15 385.33 381.83 379.18 377.14 375.39 373.67 371.87 370 368.17 366.5 365.09 363.99 363.22 362.74 362.48 362.39 362.4 362.48 362.59 362.72 362.85 362.98 363.11 363.23 363.34 363.44 363.53 363.61 363.67 363.72 363.73 363.69 363.59 363.41 363.12 362.71 362.17 361.48 360.56 358.95 355.63
-9999 -9999 -9999 -9999 -9999 -9999 -9999 -9999 306.12 309.19 312.41 315.72 319.11 322.57 326.1 329.74 333.5 337.42 341.6 346.2 351.41 357.38 364.05 370.66 375.44 378.39 380.67 382.48 383.68 383.3 380.7 377.58 374.92 372.84 371.16 369.63 368.1 366.47 364.81 363.22 361.81 360.66 359.83 359.3 359.04 358.96 359.01 359.14 359.3 359.46 359.61 359.74 359.86 359.96 360.04 360.1 360.13 360.16 360.16 360.16 360.15 360.12 360.06 359.95 359.78 359.52 359.15 358.66 357.94 356.44 353.55 349.9
-9999 -9999 -9999 -9999 -9999 -9999 -9999 -9999 -9999 310.23 313.15 316.02 318.81 321.55 324.29 327.14 330.14 333.36 336.85 340.72 345.06 349.95 355.32 360.86 365.89 369.86 372.57 373.89 373.89 372.74 370.82 368.84 367.14 365.74 364.53 363.33 362.06 360.7 359.32 358.01 356.9 356.05 355.49 355.21 355.14 355.19 355.34 355.56 355.83 356.09 356.26 356.38 356.46 356.52 356.54 356.52 356.47 356.38 356.28 356.16 356.04 355.91 355.77 355.6 355.38 355.09 354.72 354.19 353.12 350.68 347.52 344.08
-9999 -9999 -9999 -9999 -9999 -9999 -9999 -9999 -9999 310.78 313.46 315.92 318.15 320.14 322.05 324.05 326.28 328.81 331.68 334.92 338.53 342.49 346.71 350.98 354.97 358.31 360.66 361.9 362.13 361.64 360.79 359.87 359.04 358.29 357.54 356.71 355.75 354.7 353.63 352.64 351.84 351.28 350.99 350.93 350.99 351.14 351.39 351.71 352.05 352.39 352.65 352.77 352.81 352.82 352.77 352.67 352.52 352.31 352.07 351.81 351.55 351.28 351.01 350.73 350.41 350.05 349.6 348.95 347.46 344.82 341.78 338.55
-9999 -9999 -9999 -9999 -9999 -9999 -9999 -9999 -9999 310.5 312.79 314.81 316.73 318.19 319.42 320.61 322.09 324.01 326.38 329.17 332.28 335.6 338.99 342.27 345.23 347.69 349.5 350.65 351.21 351.38 351.32 351.17 351 350.76 350.43 349.95 349.32 348.59 347.84 347.18 346.67 346.38 346.33 346.46 346.63 346.9 347.25 347.65 348.06 348.45 348.76 348.91 348.93 348.89 348.78 348.6 348.36 348.04 347.68 347.29 346.88 346.47 346.06 345.64 345.2 344.71 344.16 343.44 342.05 339.54 336.59 333.48
-9999 -9999 -9999 -9999 -9999 -9999 -9999 -9999 -9999 -9999 309.73 311.35 313.06 314.72 316.07 316.78 317.65 319.09 321.14 323.69 326.55 329.49 332.28 334.86 337.14 338.98 340.29 341.19 341.81 342.27 342.63 342.95 343.2 343.35 343.36 343.2 342.89 342.48 342.05 341.67 341.43 341.38 341.52 341.81 342.11 342.49 342.93 343.4 343.87 344.3 344.64 344.81 344.82 344.75 344.61 344.39 344.08 343.69 343.24 342.75 342.24 341.71 341.17 340.63 340.06 339.46 338.78 338.01 336.92 334.86 332.06 329
-9999 -9999 -9999 -9999 -9999 -9999 -9999 -9999 -9999 -9999 -9999 306.88 308.35 309.93 311.46 312.39 312.99 314.17 316.11 318.59 321.23 323.69 325.69 327.7 329.78 331.56 332.65 333.25 333.71 334.18 334.7 335.24 335.75 336.17 336.46 336.61 336.61 336.51 336.37 336.25 336.22 336.33 336.61 337.02 337.45 337.92 338.44 338.97 339.49 339.96 340.32 340.48 340.52 340.46 340.32 340.08 339.75 339.34 338.85 338.32 337.74 337.15 336.54 335.91 335.24 334.54 333.76 332.89 331.88 330.46 328.1 325.14
-9999 -9999 -9999 -9999 -9999 -9999 -9999 -9999 -9999 -9999 -9999 301.87 303.16 304.61 306.19 307.53 308.2 309.44 311.46 313.79 315.59 316.9 318.25 319.92 321.95 324.11 325.77 326.31 326.53 326.86 327.36 327.99 328.67 329.33 329.91 330.37 330.71 330.93 331.05 331.13 331.21 331.38 331.68 332.12 332.64 333.18 333.76 334.35 334.92 335.41 335.76 335.96 336.06 336.06 335.96 335.76 335.46 335.06 334.6 334.07 333.49 332.88 332.24 331.56 330.84 330.07 329.22 328.27 327.19 325.94 324.28 321.77
-9999 -9999 -9999 -9999 -9999 -9999 -9999 -9999 -9999 -9999 -9999 -9999 297.7 299.16 300.87 302.55 303.66 305.35 307.59 309.22 309.88 310.36 311.52 313.01 314.71 316.85 318.99 319.91 319.96 320.09 320.51 321.19 322.04 322.98 323.94 324.84 325.61 326.19 326.55 326.71 326.77 326.81 326.94 327.23 327.68 328.25 328.88 329.51 330.1 330.6 331.01 331.31 331.51 331.61 331.6 331.48 331.25 330.93 330.52 330.04 329.5 328.9 328.26 327.57 326.83 326.02 325.14 324.14 323 321.72 320.24 318.39
-9999 -9999 -9999 -9999 -9999 -9999 -9999 -9999 -9999 -9999 -9999 -9999 292.21 293.93 296.03 298.12 300.18 302.79 305.22 305.74 305.47 305.4 306.21 307.39 308.79 310.66 312.93 314.12 313.96 313.85 314.17 314.91 316 317.37 318.91 320.48 321.88 322.94 323.53 323.65 323.42 323.03 322.7 322.58 322.73 323.12 323.69 324.33 324.98 325.59 326.13 326.59 326.94 327.19 327.32 327.33 327.22 326.99 326.66 326.24 325.74 325.16 324.52 323.82 323.07 322.27 321.38 320.38 319.24 317.93 316.43 314.75
-9999 -9999 -9999 -9999 -9999 -9999 -9999 -9999 -9999 -9999 -9999 -9999 -9999 289.25 292.02 295.16 298.91 302.72 304.68 304.4 303.38 302.52 302.63 303.33 304.51 306.35 308.5 309.53 308.92 308.42 308.54 309.33 310.77 312.8 315.24 317.83 320.19 321.92 322.76 322.65 321.78 320.52 319.28 318.38 317.94 317.97 318.37 318.99 319.72 320.47 321.2 321.87 322.44 322.91 323.24 323.42 323.44 323.32 323.05 322.67 322.17 321.57 320.9 320.18 319.42 318.63 317.78 316.83 315.74 314.46 312.97 311.28
-9999 -9999 -9999 -9999 -9999 -9999 -9999 -9999 -9999 -9999 -9999 -9999 281.44 284.7 289.06 294.53 300.46 304.97 306.17 305.54 304.15 302.68 301.82 301.9 302.95 304.74 306.68 307.32 305.83 304.51 304.1 304.77 306.58 309.45 313.15 317.18 320.85 323.32 324.34 323.96 322.17 319.54 316.88 314.74 313.4 312.86 312.97 313.53 314.35 315.29 316.27 317.22 318.1 318.85 319.44 319.83 319.99 319.95 319.72 319.31 318.75 318.07 317.31 316.52 315.74 314.97 314.2 313.36 312.39 311.2 309.77 308.1
-9999 -9999 -9999 -9999 -9999 -9999 -9999 -9999 -9999 -9999 -9999 -9999 275.93 281.05 287.95 295.82 302.63 306.66 308.53 308.67 307.4 305.53 304.07 303.67 304.38 305.92 307.78 308.51 306.02 303.14 301.5 301.56 303.51 307.26 312.38 317.84 322.16 324.37 325.17 325.22 323.25 319.64 315.26 311.52 309 307.72 307.47 307.94 308.87 310.05 311.35 312.68 313.95 315.09 316 316.61 316.93 316.94 316.67 316.17 315.48 314.65 313.8 312.96 312.17 311.43 310.71 309.95 309.11 308.07 306.75 305.13
-9999 -9999 -9999 -9999 -9999 -9999 -9999 -9999 -9999 -9999 -9999 -9999 -9999 278.66 287.19 294.78 301.07 306.65 310.83 312.6 311.92 309.51 307.18 306.24 306.7 308.04 309.8 311.11 309.46 305.19 301.35 299.92 301.41 305.69 311.78 316.61 318.4 319.21 319.77 320.24 320.23 318.65 313.49 308.17 304.4 302.35 301.74 302.15 303.24 304.72 306.43 308.22 309.96 311.46 312.69 313.55 314.05 314.15 313.86 313.25 312.4 311.47 310.74 310.13 309.5 308.77 307.89 306.88 305.99 305.09 303.88 302.35
-9999 -9999 -9999 -9999 -9999 -9999 -9999 -9999 -9999 -9999 -9999 -9999 -9999 275.4 281.95 288.38 295.94 304.22 309.9 312.75 313.87 312.03 308.79 307.3 307.65 308.78 310.02 311.16 311.45 308.96 303.52 299.66 299.74 303.72 309.37 311.33 311.89 312.29 312.73 313.25 313.8 313.62 309.95 303.85 299.12 296.49 295.65 296.09 297.4 299.25 301.42 303.72 305.77 307.35 308.69 309.81 310.65 311.1 311.05 310.48 309.62 308.8 308.19 307.69 307.15 306.45 305.55 304.42 303.22 302.32 301.21 299.73
-9999 -9999 -9999 -9999 -9999 -9999 -9999 -9999 -9999 -9999 -9999 -9999 -9999 267.41 272.46 279 287.83 296.91 302.09 305.72 308.63 309.72 307.38 306.41 307.08 308.03 308.54 308.73 308.76 308.28 305.36 299.86 297.66 300.04 303.67 304.46 304.71 304.94 305.26 305.7 306.25 306.42 303.98 297.72 292.64 289.87 289.05 289.68 291.29 293.55 296.2 298.91 301.03 302.84 304.47 305.9 307.07 307.85 308.09 307.75 307.05 306.35 305.82 305.39 304.91 304.26 303.37 302.22 300.91 299.87 298.77 297.3
-9999 -9999 -9999 -9999 -9999 -9999 -9999 -9999 -9999 -9999 -9999 -9999 -9999 -9999 262.93 269.72 278.15 286.05 291.18 295.56 299.48 302.09 302.47 303.24 304 304.72 305.24 305.32 304.28 303.53 302.4 298.45 294.16 294.32 296.56 296.86 296.89 296.95 297.11 297.39 297.79 297.83 295.18 289.32 284.71 282.34 281.89 282.87 284.87 287.54 290.61 293.63 296.03 298.19 300.18 301.95 303.46 304.56 305.11 305.05 304.54 303.96 303.52 303.16 302.75 302.14 301.26 300.12 298.8 297.74 296.58 295.05
-9999 -9999 -9999 -9999 -9999 -9999 -9999 -9999 -9999 -9999 -9999 -9999 -9999 -9999 255.59 262.28 268.41 274.09 279.18 283.9 287.75 290.64 293.46 295.49 297.02 298.19 299.02 299.45 298.9 297.43 296.52 294.22 288.34 286.2 287.63 287.8 287.53 287.38 287.32 287.33 287.46 287.04 283.53 278.74 275.4 273.98 274.2 275.7 278.11 281.17 284.63 288.06 290.88 293.44 295.8 297.95 299.79 301.23 302.1 302.33 302.05 301.61 301.26 300.98 300.62 300.06 299.22 298.11 296.91 295.88 294.6 292.95
-9999 -9999 -9999 -9999 -9999 -9999 -9999 -9999 -9999 -9999 -9999 -9999 -9999 -9999 -9999 251.85 256.2 260.87 265.84 270.23 272.1 275.58 280.76 284.73 287.67 289.76 291.2 292.11 292.1 290.32 289.17 286.84 279.87 275.47 275.02 275.53 275.03 274.44 274 273.69 273.43 272.4 269.31 266.49 265.02 264.97 266.12 268.25 271.09 274.49 278.27 282.14 285.53 288.55 291.32 293.84 296.05 297.82 299.02 299.56 299.55 299.31 299.09 298.88 298.58 298.08 297.3 296.33 295.39 294.25 292.77 290.95
-9999 -9999 -9999 -9999 -9999 -9999 -9999 -9999 -9999 -9999 -9999 -9999 -9999 -9999 -9999 240.53 243.48 246.8 250.58 254.06 255.29 258.4 264.18 270.15 275.04 278.68 281.28 282.94 283.12 281.73 280.53 277.51 269.25 263.04 260.24 259.22 258.09 256.96 256.03 255.34 254.79 254.05 253.27 253.19 253.97 255.55 257.81 260.62 263.9 267.59 271.59 275.76 279.8 283.38 286.62 289.54 292.11 294.21 295.67 296.53 297 297.2 297.23 297.12 296.87 296.47 295.88 295.08 -9999 -9999 -9999 -9999
-9999 -9999 -9999 -9999 -9999 -9999 -9999 -9999 -9999 -9999 -9999 -9999 -9999 -9999 -9999 229.06 230.52 232.19 234.18 236.23 237.65 239.99 245.21 251.99 258.27 263.5 267.68 270.77 271.78 271.5 270.27 266.16 257.18 249.88 245.02 241.71 239.29 237.39 235.93 234.97 234.52 234.71 236.4 239.28 242.55 245.94 249.39 252.94 256.66 260.6 264.77 269.1 273.43 277.56 281.36 284.73 287.61 289.98 291.83 293.25 294.3 295.04 295.49 295.68 295.61 -9999 -9999 -9999 -9999 -9999 -9999 -9999
-9999 -9999 -9999 -9999 -9999 -9999 -9999 -9999 -9999 -9999 -9999 -9999 -9999 -9999 -9999 217.99 217.98 218.1 218.49 219.29 220.77 223.51 228.53 234.62 240.47 245.79 250.92 256.09 259.18 259.94 258.28 253.06 244.67 237.24 231.38 227.1 223.65 220.62 218.32 217.21 217.31 218.22 220.36 225.25 230.99 236.29 241.01 245.32 249.48 253.66 257.98 262.42 266.92 271.31 275.47 279.24 282.58 285.44 287.85 289.84 291.44 292.66 293.52 -9999 -9999 -9999 -9999 -9999 -9999 -9999 -9999 -9999
-9999 -9999 -9999 -9999 -9999 -9999 -9999 -9999 -9999 -9999 -9999 -9999 -9999 -9999 -9999 210.2 208.96 207.86 207.1 207.11 209.03 212.68 216.35 220.83 225.49 230.3 236.25 242.82 246.63 247.41 245.3 240.19 233.34 227.11 222.07 217.58 212.82 208.18 204.77 203.44 204.17 206.24 208.78 212.73 219.78 226.85 232.82 237.9 242.47 246.86 251.31 255.86 260.5 265.12 269.57 -9999 -9999 -9999 -9999 -9999 -9999 -9999 -9999 -9999 -9999 -9999 -9999 -9999 -9999 -9999 -9999 -9999
-9999 -9999 -9999 -9999 -9999 -9999 -9999 -9999 -9999 -9999 -9999 -9999 -9999 -9999 -9999 209.28 207.24 205.25 203.54 202.78 204.82 208.09 209.38 211.35 214.88 220.06 226.45 231.73 234.5 234.83 232.92 229.19 224.85 220.98 217.35 212.73 206.62 201.19 197.83 196.03 195.65 197.65 201.04 204.31 209.95 217.98 225.06 230.8 235.73 240.3 244.83 249.47 254.24 -9999 -9999 -9999 -9999 -9999 -9999 -9999 -9999 -9999 -9999 -9999 -9999 -9999 -9999 -9999 -9999 -9999 -9999 -9999
-9999 -9999 -9999 -9999 -9999 -9999 -9999 -9999 -9999 -9999 -9999 -9999 -9999 -9999 -9999 212.37 210.67 208.69 206.59 204.97 205.29 206.75 207.59 208.79 211.28 214.99 218.96 221.92 223.47 223.74 222.88 221.31 219.78 218.6 216.66 212.35 205.58 199.3 195.06 192.63 191.54 192.32 195.82 198.76 202.26 210.19 217.96 224.19 229.37 -9999 -9999 -9999 -9999 -9999 -9999 -9999 -9999 -9999 -9999 -9999 -9999 -9999 -9999 -9999 -9999 -9999 -9999 -9999 -9999 -9999 -9999 -9999
