raw_data/evaporacion/evapoct.txt
ncols         178
nrows         142
xllcorner     111.875
yllcorner     -44.625
cellsize      0.25
NODATA_value  -9999
[rows 32 to 63 of 142, columns 0 to 71 of 178]
-9999 -9999 -9999 -9999 -9999 -9999 -9999 -9999 -9999 -9999 -9999 -9999 -9999 -9999 -9999 -9999 -9999 -9999 -9999 -9999 -9999 -9999 -9999 -9999 -9999 -9999 -9999 -9999 -9999 -9999 -9999 -9999 -9999 -9999 -9999 -9999 -9999 -9999 -9999 -9999 -9999 251.24 251.77 253.31 256.87 261.64 -9999 272.31 278.38 285.25 292.98 301.26 309.46 316.91 323.08 327.79 331.12 333.34 334.75 335.57 335.93 335.81 335.13 333.95 332.32 330.23 327.75 325.06 322.29 319.52 316.83 314.27
-9999 -9999 -9999 -9999 -9999 -9999 -9999 -9999 -9999 -9999 -9999 -9999 -9999 -9999 -9999 -9999 -9999 -9999 -9999 -9999 -9999 -9999 -9999 -9999 -9999 -9999 -9999 -9999 -9999 -9999 -9999 -9999 -9999 -9999 -9999 -9999 -9999 -9999 -9999 -9999 -9999 255.56 255.9 256.8 259.11 264.1 269.87 275.77 282.01 288.87 296.46 304.52 312.48 319.7 325.7 330.31 333.64 335.96 337.57 338.68 339.27 339.12 338.11 336.74 335.12 333.05 330.29 327.24 324.22 321.36 318.68 316.22
-9999 -9999 -9999 -9999 -9999 -9999 -9999 -9999 -9999 -9999 -9999 -9999 -9999 -9999 -9999 -9999 -9999 -9999 -9999 -9999 -9999 -9999 -9999 -9999 -9999 -9999 -9999 -9999 -9999 -9999 -9999 -9999 -9999 -9999 -9999 -9999 -9999 -9999 -9999 -9999 -9999 260.89 261.16 261.85 263.52 267.96 273.93 280.05 286.33 293.1 300.47 308.24 315.88 322.79 328.52 332.95 336.19 338.55 340.32 341.62 342.05 341.35 340.12 338.67 337.07 335.21 332.7 329.38 326.04 322.96 320.18 317.71
-9999 -9999 -9999 -9999 -9999 -9999 -9999 -9999 -9999 -9999 -9999 -9999 -9999 -9999 -9999 -9999 -9999 -9999 -9999 -9999 -9999 -9999 -9999 -9999 -9999 -9999 -9999 -9999 -9999 -9999 -9999 -9999 -9999 -9999 -9999 -9999 -9999 -9999 -9999 -9999 -9999 -9999 267.21 267.83 269.33 273.47 279.37 285.41 291.52 298.04 305.08 312.45 319.67 326.16 331.54 335.69 338.76 341.06 342.88 344.19 344.15 343.17 341.89 340.38 338.69 336.88 334.62 331.18 327.51 324.14 321.17 318.58
-9999 -9999 -9999 -9999 -9999 -9999 -9999 -9999 -9999 -9999 -9999 -9999 -9999 -9999 -9999 -9999 -9999 -9999 -9999 -9999 -9999 -9999 -9999 -9999 -9999 -9999 -9999 -9999 -9999 -9999 -9999 -9999 -9999 -9999 -9999 -9999 -9999 -9999 -9999 -9999 -9999 274.01 274.19 274.78 276.43 280.8 286.38 291.99 297.7 303.78 310.35 317.2 323.87 329.84 334.75 338.51 341.3 343.42 345.16 346.4 346.08 344.97 343.62 342.05 340.28 338.37 336.06 332.5 328.46 324.69 321.39 318.6
-9999 -9999 -9999 -9999 -9999 -9999 -9999 -9999 -9999 -9999 -9999 -9999 -9999 -9999 -9999 -9999 -9999 -9999 -9999 -9999 -9999 -9999 -9999 -9999 -9999 -9999 -9999 -9999 -9999 -9999 -9999 -9999 -9999 -9999 -9999 -9999 -9999 -9999 -9999 -9999 282.18 282.03 282.26 283.19 285.64 290.05 294.93 299.83 304.91 310.39 316.33 322.52 328.51 333.83 338.15 341.43 343.83 345.65 347.17 348.32 348.07 346.91 345.47 343.83 342 339.99 337.43 333.43 328.79 324.38 320.5 317.3
-9999 -9999 -9999 -9999 -9999 -9999 -9999 -9999 -9999 -9999 -9999 -9999 -9999 -9999 -9999 -9999 -9999 -9999 -9999 -9999 -9999 -9999 -9999 -9999 -9999 -9999 -9999 -9999 -9999 -9999 -9999 -9999 -9999 -9999 -9999 -9999 -9999 -9999 -9999 293.51 292 291.76 292.26 294.19 297.22 300.93 304.84 308.86 313.15 317.87 323.03 328.41 333.58 338.12 341.75 344.45 346.37 347.82 349.07 350.17 350.36 349.29 347.79 346.1 344.21 342 338.98 334.15 328.46 322.93 318.02 314.07
-9999 -9999 -9999 -9999 -9999 -9999 -9999 -9999 -9999 -9999 -9999 -9999 -9999 -9999 -9999 -9999 -9999 -9999 -9999 -9999 -9999 -9999 -9999 -9999 -9999 -9999 -9999 -9999 -9999 -9999 -9999 -9999 -9999 -9999 -9999 -9999 -9999 -9999 -9999 306.61 305.52 305.35 306.09 307.8 310.17 312.9 315.82 318.93 322.37 326.22 330.46 334.87 339.08 342.72 345.56 347.6 348.99 350.05 351.06 352.23 353.11 352.35 350.88 349.14 347.1 344.52 340.78 334.84 327.5 320.13 313.52 308.34
-9999 -9999 -9999 -9999 -9999 -9999 -9999 -9999 -9999 -9999 -9999 -9999 -9999 -9999 -9999 -9999 -9999 -9999 -9999 -9999 -9999 -9999 -9999 -9999 -9999 -9999 -9999 -9999 -9999 -9999 -9999 -9999 -9999 -9999 -9999 -9999 -9999 -9999 320.62 320.05 319.78 319.99 320.76 322.04 323.69 325.58 327.64 329.9 332.46 335.36 338.57 341.88 345 347.61 349.57 350.89 351.74 352.43 353.3 354.6 356.03 355.97 354.58 352.74 350.42 347.27 342.6 335.47 326.03 316.23 307.53 300.93
-9999 -9999 -9999 -9999 -9999 -9999 -9999 -9999 -9999 -9999 -9999 -9999 -9999 -9999 -9999 -9999 -9999 -9999 -9999 -9999 -9999 -9999 -9999 -9999 -9999 -9999 -9999 -9999 -9999 -9999 -9999 -9999 -9999 -9999 -9999 -9999 -9999 332.11 332.65 333.14 333.69 334.37 335.24 336.28 337.45 338.72 340.08 341.57 343.26 345.18 347.27 349.37 351.28 352.78 353.78 354.32 354.61 354.97 355.79 357.36 359.34 359.69 358.28 356.27 353.59 349.78 344.07 335.68 324.67 313.11 303.44 296.68
-9999 -9999 -9999 -9999 -9999 -9999 -9999 -9999 -9999 -9999 -9999 -9999 -9999 -9999 -9999 -9999 -9999 -9999 -9999 -9999 -9999 -9999 -9999 -9999 -9999 -9999 -9999 -9999 -9999 -9999 -9999 -9999 -9999 -9999 -9999 338.73 340.81 342.68 344.37 345.91 347.29 348.5 349.57 350.52 351.36 352.15 352.91 353.71 354.56 355.47 356.39 357.23 357.86 358.17 358.14 357.87 357.56 357.58 358.33 360.16 362.58 362.84 361.32 359.12 356.02 351.71 345.17 335.81 324.03 311.97 302.11 295.35
-9999 -9999 -9999 -9999 -9999 -9999 -9999 -9999 -9999 -9999 -9999 -9999 -9999 -9999 -9999 -9999 -9999 -9999 -9999 -9999 -9999 -9999 -9999 -9999 -9999 -9999 -9999 -9999 -9999 316.68 -9999 326.96 333.34 338.59 342.88 346.56 349.89 353.02 355.96 358.63 360.92 362.73 364.04 364.91 365.44 365.74 365.92 366.03 366.05 365.98 365.75 365.32 364.65 363.74 362.64 361.49 360.52 360.1 360.64 362.51 365.08 365.11 363.4 360.71 357.25 352.65 345.84 335.9 323.67 311.4 301.47 294.85
-9999 -9999 -9999 -9999 -9999 -9999 -9999 -9999 -9999 -9999 -9999 -9999 -9999 -9999 -9999 -9999 -9999 -9999 -9999 -9999 -9999 -9999 -9999 -9999 -9999 -9999 -9999 -9999 318.02 319.58 322.64 329.83 337.37 343.78 349.23 354.11 358.76 363.3 367.69 371.71 375.07 377.55 379.06 379.72 379.75 379.41 378.89 378.24 377.44 376.41 375.1 373.45 371.53 369.4 367.22 365.15 363.43 362.42 362.49 363.98 366.34 366.51 364.64 361.69 357.99 353.14 346.07 335.83 323.39 311.06 301.13 294.58
-9999 -9999 -9999 -9999 -9999 -9999 -9999 -9999 -9999 -9999 -9999 -9999 -9999 -9999 -9999 -9999 -9999 -9999 -9999 -9999 -9999 -9999 -9999 -9999 323.56 320.98 320.01 320.14 321.06 322.88 326.16 333.71 341.84 349.01 355.39 361.44 367.51 373.71 379.86 385.53 390.19 393.39 394.99 395.18 394.38 393.07 391.59 390.05 388.41 386.5 384.19 381.45 378.36 375.08 371.82 368.8 366.27 364.5 363.83 364.52 366.27 367.05 365.26 362.32 358.47 353.37 345.94 335.63 323.2 310.95 301.14 294.49
-9999 -9999 -9999 -9999 -9999 -9999 -9999 -9999 -9999 -9999 -9999 -9999 -9999 -9999 -9999 -9999 -9999 -9999 -9999 339.56 338.89 -9999 -9999 330.03 326.51 324.07 323.1 323.33 324.51 326.62 330.49 338.47 346.73 354.25 361.36 368.53 376.15 384.25 392.5 400.07 405.83 409.63 411.38 411.15 409.19 406.52 403.79 401.21 398.68 395.96 392.81 389.13 385.02 380.68 376.4 372.45 369.04 366.42 364.82 364.39 365.07 365.94 365 362.29 358.46 353.14 345.61 335.42 323.24 311.23 301.51 294.81
-9999 -9999 -9999 -9999 -9999 -9999 -9999 -9999 -9999 -9999 -9999 -9999 -9999 -9999 -9999 -9999 -9999 339.33 340.12 340.35 339.87 338.34 335.65 332.48 329.63 327.71 326.98 327.36 328.65 331 336.02 343.81 351.74 359.33 366.99 375.24 384.44 394.57 404.86 413.43 418.57 422.29 424.99 425.88 423.47 419.32 415.15 411.43 408.02 404.58 400.73 396.31 391.35 386.1 380.9 376.05 371.79 368.3 365.71 364.09 363.36 363.13 362.53 360.84 357.54 352.19 344.62 335.09 324.25 313.24 303.49 296.57
-9999 -9999 -9999 -9999 -9999 -9999 -9999 -9999 -9999 -9999 -9999 -9999 -9999 -9999 -9999 -9999 337.77 339.32 340.33 340.76 340.39 339.11 337.04 334.65 332.58 331.32 331.08 331.77 333.21 335.8 341.65 348.99 356.43 363.96 372.04 381.22 391.87 403.72 414.57 421.18 425.89 429.82 433.04 435.29 435.23 430.6 425.13 420.35 416.18 412.16 407.81 402.83 397.23 391.24 385.23 379.58 374.54 370.23 366.73 364.03 362.02 360.44 358.83 356.62 353.28 348.48 342.18 334.63 326.29 317.81 310.02 303.91
-9999 -9999 -9999 -9999 -9999 -9999 -9999 -9999 -9999 -9999 -9999 -9999 -9999 -9999 332.37 334.64 336.98 339 340.27 340.85 340.67 339.73 338.2 336.42 334.88 334.09 334.4 335.71 337.65 340.57 346.54 353.4 360.44 367.88 376.23 386.07 397.76 410.48 420.23 426.3 431.18 435.37 438.84 441.54 442.66 439.15 433.12 427.62 422.96 418.58 413.91 408.57 402.5 395.95 389.3 382.97 377.25 372.26 368.02 364.46 361.47 358.84 356.26 353.38 349.9 345.61 340.49 334.67 328.42 322.12 316.27 311.39
-9999 -9999 -9999 -9999 -9999 -9999 -9999 -9999 -9999 -9999 -9999 -9999 327.44 329.42 331.5 333.73 336.04 338.26 340.08 341.18 341.3 340.68 339.48 337.86 336.33 335.71 336.43 338.41 341.22 344.66 350.37 356.86 363.61 370.94 379.37 389.46 401.57 414.63 424.08 430.26 435.37 439.77 443.42 446.29 447.71 444.76 438.67 433 428.21 423.73 418.93 413.4 407.05 400.1 392.97 386.11 379.86 374.34 369.55 365.4 361.76 358.44 355.25 351.96 348.4 344.44 340.08 335.36 330.44 325.53 320.9 316.87
-9999 -9999 -9999 -9999 -9999 -9999 -9999 -9999 317.1 -9999 -9999 323.99 326.27 328.38 330.54 332.86 335.3 337.79 340.14 342 342.75 342.47 341.41 339.63 338.22 338.14 338.86 340.48 343.9 347.85 353.29 359.49 366.02 373.17 381.44 391.33 403.15 416.11 426.6 433.24 438.54 443.1 446.89 449.84 450.98 447.41 441.67 436.43 431.92 427.58 422.82 417.24 410.74 403.54 396.09 388.87 382.24 376.36 371.23 366.73 362.72 359.04 355.53 352.04 348.46 344.71 340.78 336.68 332.5 328.34 324.35 320.73
-9999 -9999 -9999 -9999 -9999 -9999 -9999 -9999 314.86 -9999 319.74 322.27 324.79 327.09 329.46 332.02 334.81 337.82 340.95 343.78 345.21 345.36 344.54 342.78 341.58 341.45 341.97 343.32 346.61 350.61 355.73 361.59 367.84 374.7 382.58 391.9 402.85 415.14 426.94 434.87 440.72 445.45 449.27 451.69 451.4 447.31 442.48 438.14 434.19 430.17 425.56 419.96 413.19 405.76 398.22 391 384.24 378.19 372.91 368.27 364.12 360.31 356.7 353.17 349.64 346.05 342.36 338.6 334.78 330.98 327.27 323.77
-9999 -9999 -9999 -9999 -9999 -9999 -9999 309.83 312.28 314.84 317.51 320.24 322.94 325.5 328.19 331.13 334.43 338.17 342.35 346.35 348.35 349.24 349.2 347.87 346.38 345.58 345.6 346.76 349.86 353.43 358.06 363.42 369.25 375.7 383.05 391.57 401.36 412.22 423.36 433.18 440.66 445.75 449.24 449.93 448.24 445.11 441.72 438.47 435.21 431.55 427.04 420.96 413.11 405.19 398.13 391.9 385.65 379.69 374.43 369.83 365.73 361.97 358.42 354.98 351.57 348.13 344.63 341.06 337.44 333.79 330.16 326.64
-9999 -9999 -9999 -9999 -9999 -9999 -9999 306.68 309.28 312.01 314.87 317.79 320.66 323.55 326.62 330.02 333.92 338.49 343.78 348.88 351.57 353.62 354.62 353.97 352.55 351.1 350.46 351.51 353.73 356.47 360.36 365.05 370.35 376.32 383.08 390.76 399.38 408.72 418.29 427.26 434.71 440.05 443.24 444.22 443.56 442 440.01 437.76 435.1 431.68 426.55 418.84 410.51 402.93 396.45 391.04 386.12 380.68 375.65 371.25 367.34 363.77 360.4 357.14 353.92 350.66 347.35 343.96 340.48 336.92 333.32 329.72
-9999 -9999 -9999 -9999 -9999 -9999 -9999 -9999 305.62 308.56 311.62 314.74 317.9 321.18 324.69 328.56 333.03 338.34 344.53 350.43 354.08 357.09 358.32 358.59 358.23 357.21 356.11 356.34 357.56 359.45 362.44 366.42 371.17 376.64 382.82 389.75 397.36 405.43 413.59 421.28 427.92 433.06 436.5 438.35 438.95 438.65 437.71 436.18 433.84 429.71 422.61 414.4 406.67 399.89 394.15 389.46 385.47 381.01 376.44 372.37 368.77 365.48 362.39 359.39 356.41 353.4 350.31 347.11 343.79 340.33 336.76 333.1
-9999 -9999 -9999 -9999 -9999 -9999 -9999 -9999 300.94 304.14 307.52 311.02 314.63 318.36 322.31 326.62 331.53 337.33 344.13 350.83 355.2 358.7 360.43 361.46 362 361.51 360.41 360.25 360.74 361.77 364.03 367.42 371.69 376.68 382.35 388.64 395.44 402.56 409.69 416.42 422.38 427.25 430.88 433.31 434.68 435.16 434.83 433.51 430.34 423.93 416.26 408.83 402.12 396.31 391.47 387.59 384.4 380.76 376.73 373.09 369.88 366.94 364.18 361.49 358.81 356.07 353.24 350.27 347.14 343.83 340.33 336.66
-9999 -9999 -9999 -9999 -9999 -9999 -9999 292.04 295.18 298.74 302.61 306.66 310.81 315.05 319.44 324.12 329.33 335.33 342.32 349.65 354.78 358.84 361.35 362.99 363.96 363.61 363.06 362.84 362.51 363.09 365 368.01 371.88 376.47 381.67 387.42 393.58 399.98 406.35 412.4 417.84 422.44 426.09 428.75 430.47 431.21 430.65 428.13 422.47 415.65 408.9 402.64 397.06 392.31 388.46 385.5 383.1 379.98 376.48 373.33 370.55 368.02 365.62 363.27 360.92 358.49 355.93 353.22 350.31 347.18 343.81 340.19
-9999 -9999 -9999 -9999 -9999 -9999 -9999 284.87 288.26 292.32 296.84 301.59 306.4 311.21 316.07 321.09 326.49 332.46 339.17 346.39 352.74 357.19 360.44 362.62 363.75 364.06 364.04 363.25 362.82 363.53 365.39 368.21 371.79 376.01 380.78 386.02 391.62 397.41 403.17 408.66 413.65 417.95 421.43 424.02 425.52 425.47 422.84 418.15 412.45 406.66 401.13 396.07 391.65 388 385.17 383.16 381.5 378.69 375.7 373.07 370.75 368.63 366.62 364.64 362.62 360.51 358.24 355.79 353.11 350.19 346.98 343.47
-9999 -9999 -9999 -9999 -9999 -9999 274.49 277.06 280.6 285.03 290.25 295.83 301.41 306.88 312.24 317.61 323.14 329.01 335.29 341.92 348.46 354.06 357.91 360.51 362.18 362.69 362.36 361.98 362.24 363.38 365.38 368.12 371.46 375.34 379.67 384.4 389.44 394.63 399.79 404.72 409.22 413.1 416.17 417.89 417.79 415.21 411.37 406.88 402.2 397.58 393.22 389.33 386.04 383.46 381.64 380.52 379.35 376.86 374.39 372.29 370.44 368.75 367.14 365.54 363.87 362.06 360.08 357.88 355.43 352.71 349.69 346.34
-9999 -9999 -9999 -9999 -9999 -9999 268.35 271.03 274.14 277.9 283.19 289.56 295.98 302.13 308.03 313.76 319.48 325.29 331.24 337.26 343.15 348.49 352.78 355.89 357.9 358.99 359.59 360.26 361.34 362.95 365.13 367.81 370.94 374.46 378.33 382.52 386.94 391.48 395.98 400.26 404.1 407.18 408.91 407.98 405.85 402.9 399.51 395.9 392.23 388.68 385.41 382.6 380.36 378.78 377.91 377.52 376.5 374.49 372.6 371.01 369.62 368.37 367.16 365.92 364.57 363.03 361.34 359.42 357.21 354.7 351.87 348.7
-9999 -9999 -9999 -9999 -9999 -9999 263.03 265.69 268.67 272.06 276.48 283.21 290.35 297.15 303.55 309.68 315.64 321.51 327.32 333 338.42 343.36 347.62 351.05 353.65 355.62 357.24 358.79 360.49 362.46 364.73 367.32 370.19 373.33 376.72 380.32 384.07 387.87 391.59 395.06 397.8 398.75 397.81 395.9 393.62 391.09 388.38 385.57 382.8 380.19 377.89 376.03 374.72 374.03 373.99 374.21 373.2 371.67 370.34 369.23 368.3 367.46 366.63 365.66 364.53 363.26 361.85 360.24 358.37 356.1 353.47 350.49
-9999 -9999 -9999 -9999 -9999 -9999 -9999 260.37 263.33 266.67 270.84 277.34 284.86 292.13 298.96 305.44 311.69 317.75 323.61 329.23 334.52 339.39 343.73 347.49 350.67 353.35 355.68 357.8 359.87 361.97 364.2 366.58 369.13 371.85 374.71 377.69 380.71 383.7 386.54 388.94 389.75 388.44 386.52 384.53 382.5 380.39 378.25 376.13 374.11 372.31 370.83 369.77 369.24 369.29 369.89 370.42 369.51 368.45 367.62 366.97 366.46 366.01 365.49 364.76 363.9 362.91 361.76 360.42 358.83 356.87 354.47 351.7
-9999 -9999 -9999 -9999 -9999 -9999 -9999 254.97 257.92 261.28 265.49 272.07 279.76 287.25 294.34 301.12 307.65 313.96 320.02 325.79 331.23 336.29 340.94 345.15 348.89 352.15 354.97 357.39 359.54 361.52 363.47 365.48 367.6 369.83 372.13 374.46 376.73 378.87 380.78 381.99 380.92 378.67 376.5 374.53 372.69 370.94 369.28 367.73 366.34 365.19 364.36 363.95 364.02 364.63 365.62 365.98 365.41 364.85 364.47 364.23 364.09 363.99 363.76 363.32 362.74 362.02 361.13 360.03 358.7 357.02 354.85 352.31
