raw_data/evaporacion/evapsep.txt
ncols         178
nrows         142
xllcorner     111.875
yllcorner     -44.625
cellsize      0.25
NODATA_value  -9999
[rows 32 to 63 of 142, columns 72 to 143 of 178]
268.84 267.34 266.16 265.37 264.98 264.91 264.97 264.79 263.89 261.78 258.34 255.01 254.69 255.21 255.79 256.25 256.68 257.51 260.05 263.7 265.97 266.55 265.95 264.77 263.49 262.37 261.47 260.71 259.95 259.02 257.73 255.75 252.65 247.97 241.47 234.33 230.51 -9999 -9999 -9999 -9999 -9999 -9999 -9999 280.78 279.6 273.49 264.65 255.46 246.71 238.69 231.91 226.41 221.48 215.66 207.78 197.42 185.9 175.41 167.19 161.35 157.7 155.66 154.72 -9999 -9999 -9999 -9999 -9999 -9999 -9999 -9999
269 267.62 266.63 266.08 265.99 266.27 266.68 266.81 266.1 264.04 260.66 258.03 258.25 259.07 259.85 260.48 261.04 261.8 263.26 266.46 268.26 268.16 266.85 265.11 263.58 262.56 262.03 261.75 261.43 260.79 259.54 257.34 253.68 248.02 240.32 232.92 229.65 228.93 231 -9999 -9999 -9999 -9999 278.73 281.78 280.43 274.92 264.99 254.53 245.27 237.14 229.85 223.16 216.71 209.82 201.5 191.21 179.75 168.33 157.04 148.33 143.88 141.7 141.06 141.57 -9999 -9999 -9999 -9999 -9999 -9999 -9999
268.73 267.44 266.62 266.34 266.59 267.28 268.13 268.7 268.47 266.9 264.01 261.63 262.11 263.21 264.31 265.35 266.39 267.55 268.77 270.64 270.96 269.43 266.98 264.47 262.57 261.55 261.31 261.72 262.11 261.99 261.04 258.88 255.04 249 240.89 233.72 230.27 229.66 231.71 236.05 243.84 256.56 270.13 279.05 281.73 279.92 273.93 263.79 252.97 243.72 235.82 228.77 222.06 215.25 207.93 199.44 189.07 177.07 164.05 149.02 134.56 128.9 127.47 128.32 130.92 -9999 -9999 -9999 -9999 -9999 -9999 -9999
267.91 266.7 266.08 266.1 266.74 267.88 269.25 270.42 270.91 270.28 268.41 266.36 266.9 268.5 270.27 272.2 274.24 276.11 277.26 277.2 275.09 271.62 268.27 265.41 263.16 261.45 260.42 261 262.2 262.79 262.32 260.48 256.9 251.15 243.35 236.04 232.48 231.19 232.75 236.92 244.68 256.58 269.06 278.27 280.96 278.56 271.6 261.37 251.54 243.14 235.56 228.61 222.22 215.57 208.31 199.97 189.75 177.37 163.24 146.2 126.52 117.09 116.01 118.63 123.78 -9999 -9999 -9999 -9999 -9999 -9999 -9999
266.27 265.16 264.8 265.21 266.33 268.01 269.97 271.83 273.22 273.84 273.68 273.27 274.09 276.8 280.02 283.42 286.73 289.23 289.66 287 281.76 275.91 270.91 267.19 264.53 262.49 261.12 260.66 262.18 263.45 263.52 262.17 259.16 254.26 247.41 240.06 236.28 234.56 235.22 239.22 246.8 256.9 267.14 274.87 277.65 275.08 268.18 259.13 250.67 243.14 236.04 229.42 223.26 216.81 209.75 201.77 192.01 179.78 165.45 149.42 131.06 115.32 112.3 116.07 124.36 -9999 -9999 -9999 -9999 -9999 -9999 -9999
263.32 262.33 262.36 263.35 265.14 267.5 270.15 272.79 275.17 277.2 279.08 281.36 284.84 289.93 295.37 300.44 304.68 306.85 305.29 299.23 290.28 281.33 274.21 269.6 266.41 264 262.38 261.71 262.7 264.24 264.74 263.87 261.57 257.75 252.47 246.37 241.66 239.55 239.77 242.91 249.07 257.3 265.66 271.71 273.61 271.11 265.31 257.83 250.38 243.52 236.96 230.78 224.83 218.53 211.72 204.17 195.05 183.44 169.54 155.18 141.81 130.9 126.85 130.89 142.12 157.25 -9999 -9999 -9999 -9999 -9999 -9999
258.33 257.53 258.19 260.08 262.86 266.16 269.66 273.15 276.54 280 284.01 289.36 296.83 306.28 314.79 320.81 324.86 325.62 321.49 312.26 299.99 287.95 278.46 272.34 268.33 265.54 263.85 263.22 263.87 265.39 266.05 265.5 263.81 261.05 257.29 252.9 248.72 245.85 245.05 246.92 251.41 257.66 264.21 269.07 270.39 268.25 263.48 257.33 250.83 244.56 238.62 232.83 226.89 220.64 214.07 206.93 198.5 187.81 174.86 161.91 151.99 147.07 147.69 154.38 166.82 182.81 -9999 -9999 -9999 -9999 -9999 -9999
250.63 250.1 251.71 254.96 259.19 263.81 268.4 272.82 277.2 281.98 288.01 296.35 307.99 322.05 332.44 338.76 342.53 342.08 336.13 324.69 310.18 295.74 283.87 275.65 270.45 267.2 265.57 265.02 265.65 266.9 267.43 267 265.75 263.83 261.31 258.36 255.47 253.18 252.13 252.72 254.87 258.05 261.44 264.09 265.22 264.43 261.11 256.36 251.13 245.84 240.54 235.07 229.3 223.22 216.86 210.03 202.23 192.73 181.74 171.06 163.2 161.91 166.63 176.01 189.75 205.99 -9999 -9999 -9999 -9999 -9999 -9999
241.18 240.69 243.02 247.94 254.11 260.43 266.36 271.8 277.08 282.96 290.6 301.38 316.51 333.87 343.66 350.43 354.04 352.94 347.08 334.84 319.35 303.76 290.2 280.04 273.38 269.46 267.58 267.13 267.82 268.63 268.9 268.45 267.43 266.07 264.45 262.63 260.71 258.93 257.66 257.3 257.69 258.53 259.42 259.94 259.79 258.83 256.88 254 250.3 246.33 242.11 237.45 232.24 226.47 220.23 213.5 206.1 197.92 189.69 182.51 177.93 178.23 184.31 194.03 206.46 220.08 222.93 218.16 -9999 -9999 -9999 -9999
235.55 233.98 234.72 240.01 248.09 256.34 263.72 270.17 276.2 282.79 291.35 303.49 320.24 337.84 346.49 353.1 354.39 352.97 348.95 339.22 324.73 309.92 296.14 284.69 276.69 272.02 270.1 269.78 270.06 270.35 270.2 269.49 268.47 267.33 266.16 264.96 263.72 262.48 261.33 260.36 259.62 259.04 258.4 257.5 256.27 254.72 252.96 250.99 248.69 246.28 243.56 240.18 235.84 230.43 224.11 217.11 209.68 202.12 195.44 190.49 188.28 190.15 196.93 206.05 214.53 223.14 223.53 215.44 203.4 190.75 180.09 -9999
233.3 231.54 231.42 234.06 242.35 252.2 260.9 268.17 274.63 281.42 289.99 302.01 317.98 332.84 340.29 346.36 347.26 345.97 342.89 335.07 323.23 311.34 299.38 287.95 279.79 275.19 273.08 272.24 271.86 271.6 271.03 270.12 269.09 268.04 267.03 266.08 265.16 264.21 263.18 262.03 260.79 259.47 257.98 256.24 254.29 252.26 250.31 248.65 247.37 246.37 245.23 243.33 240.01 234.89 228.15 220.43 212.48 204.95 198.7 194.64 193.44 195.71 202.07 210.88 215.79 218.92 218.31 209.17 196.16 184.26 175.32 -9999
232.09 230.28 229.89 231.65 238.4 248.88 258.39 266.06 272.56 278.95 286.59 296.93 310.04 320.71 326.08 331.03 333.05 332.07 329.02 321.91 313.76 305.94 297.07 287.49 280.81 276.99 274.95 273.79 272.98 272.29 271.47 270.48 269.46 268.46 267.53 266.7 265.93 265.11 264.11 262.88 261.43 259.76 257.85 255.64 253.19 250.68 248.42 246.94 246.41 246.78 247.42 247.4 245.45 240.5 232.66 223.32 214.12 206.19 200.06 196.15 195.18 197.1 201.91 208.79 213.21 212.73 208.98 200.64 188.95 178.72 171.84 167.35
231.06 229.22 228.76 230.39 236.61 247.09 256.62 264.13 270.18 275.65 281.6 289.07 297.91 304.04 306.95 309.34 310.46 309.35 306.41 302.42 298.61 294.71 289.51 283.63 279.51 277.02 275.48 274.38 273.43 272.54 271.62 270.62 269.64 268.69 267.82 267.06 266.31 265.41 264.36 263.16 261.75 259.95 257.86 255.4 252.54 249.45 246.88 245.63 245.6 247.37 250.29 252.7 252.21 247.22 237.68 225.65 214.28 205.56 199.7 196.4 195.26 196.66 199.86 204.33 208.23 207.43 202.36 194.69 184.94 175.46 169.99 166.54
230.15 228.34 228.01 229.96 237.12 247.02 255.73 262.51 267.7 271.9 275.72 279.76 284.02 286.67 287.77 287.74 286.58 284.72 282.97 282.11 281.99 281.35 279.68 277.98 276.74 275.82 275.02 274.21 273.34 272.44 271.54 270.61 269.67 268.77 267.92 267.13 266.27 265.29 264.2 263.01 261.65 259.95 257.85 255.29 252.13 248.72 246.68 245.77 245.94 248.28 253.1 256.69 255.38 249.9 240.17 226.89 214.29 204.99 198.67 196.07 195.32 196.12 198.05 200.34 202.31 202.19 197.89 191.24 183.28 174.8 169.44 166.45
229.61 227.91 228.24 231.7 239.68 248.28 255.55 261.17 265.26 268.04 269.71 270.5 271.14 272.21 272.32 270.94 269.07 267.76 266.72 266.27 267.79 269.43 270.28 272.14 273.47 274.02 273.98 273.54 272.87 272.07 271.26 270.42 269.55 268.69 267.82 266.93 265.99 264.98 263.88 262.69 261.36 259.76 257.78 255.28 252.15 248.77 246.93 246.18 246.51 249.14 254.47 257.92 256.23 250.59 240.77 227.46 215.25 206.35 199.96 196.66 196.13 196.44 197.46 198.22 198.36 197.39 194.35 189.09 182.89 176 170.56 167.81
230.64 229.4 231.79 236.89 243.55 250.08 255.66 259.97 262.91 264.39 264.22 262.61 261.59 262.08 261.89 260.69 259.37 258.19 257.16 256.65 258.18 260.82 263.09 267.37 270.51 272.11 272.68 272.6 272.15 271.51 270.81 270.05 269.25 268.42 267.53 266.58 265.58 264.54 263.44 262.25 260.94 259.45 257.62 255.33 252.57 249.6 247.43 246.61 246.97 249.41 253.7 257.08 255.62 250.13 240.38 227.55 216.17 207.93 202.02 198.94 198.16 198.01 198.26 198 197.04 195.29 192.58 188.82 184.58 179.93 175.49 172.7
237.8 237.08 238.97 242.66 247.17 251.7 255.67 258.77 260.71 261.17 259.71 256.64 255.15 255.5 255.53 255.04 254.12 252.87 251.62 251.09 252.89 255.57 258.74 264.21 268.21 270.38 271.32 271.51 271.27 270.79 270.21 269.54 268.81 268.02 267.15 266.18 265.12 264.02 262.89 261.7 260.46 259.05 257.33 255.27 252.96 250.63 248.7 247.66 247.69 248.8 250.63 252.2 251.46 246.99 238.35 227.28 217.28 210 205.16 202.82 201.31 200.69 200.16 199.1 197.52 195.52 193.26 190.86 188.36 186.08 184.34 183.38
245.16 244.27 245.02 247.03 249.75 252.67 255.36 257.48 258.67 258.49 256.38 252.65 250.73 251.01 251.32 251.28 250.76 249.75 248.62 248.5 250.31 252.51 256.82 262.53 266.57 268.85 269.96 270.33 270.27 269.95 269.49 268.93 268.27 267.52 266.68 265.73 264.67 263.54 262.35 261.14 259.86 258.43 256.77 254.9 252.93 251.04 249.37 248.14 247.36 246.83 246.27 245.39 243.57 240.03 234.44 227.45 220.49 214.78 210.58 207.58 205.42 204.11 202.67 200.87 198.83 196.8 195.1 193.9 192.7 192.42 193.61 194.98
250.11 248.93 248.85 249.69 251.15 252.92 254.67 256.1 256.82 256.36 254.19 250.36 247.52 247.58 248 248.19 248.05 247.56 247.08 247.54 248.65 250.82 256.44 261.78 265.35 267.46 268.58 269.09 269.19 269.03 268.7 268.23 267.63 266.92 266.09 265.13 264.07 262.89 261.62 260.29 258.9 257.41 255.81 254.2 252.59 250.82 248.92 247.1 245.38 243.51 241.23 238.63 236.06 233.44 230.59 227.17 223.28 219.4 215.85 212.71 210.24 207.93 205.44 202.83 200.28 198.09 196.67 196.06 195.48 196.6 199.8 201.05
252.99 251.58 250.94 251 251.63 252.61 253.72 254.67 255.13 254.66 252.82 249.34 245.49 244.93 245.31 245.6 245.71 245.74 245.84 246.27 247.62 251.58 256.99 261.32 264.23 266.06 267.15 267.77 268.04 268.04 267.82 267.45 266.91 266.21 265.35 264.33 263.17 261.87 260.47 259.03 257.56 256.06 254.57 253.25 251.96 250.29 248.07 245.35 242.54 239.69 236.25 232.8 230.37 228.48 227.5 226.89 225.67 223.86 221.67 218.95 215.68 212.07 208.36 204.76 201.51 198.88 197.18 196.12 195.22 196.18 199.26 199.98
254.66 253.03 251.99 251.53 251.57 252 252.63 253.24 253.54 253.19 251.84 249.23 245.77 243.61 243.48 243.78 244.03 244.23 244.5 245.44 248.49 253.11 257.4 260.65 262.95 264.54 265.63 266.36 266.81 266.98 266.9 266.6 266.09 265.38 264.46 263.32 262.01 260.58 259.09 257.61 256.16 254.74 253.34 252.13 251.1 249.59 247.25 243.96 240.12 236.66 232.82 230.01 228.3 227.05 226.67 228.14 229.27 229.52 228.89 226.49 222 216.75 211.51 206.67 202.46 199.07 196.58 194.33 191.81 190.43 191.76 193.19
255.84 254 252.62 251.74 251.32 251.3 251.53 251.84 252 251.75 250.82 249.04 246.48 243.95 243.01 243.15 243.41 243.66 244.28 246.6 250.23 253.96 257.09 259.54 261.41 262.86 264.01 264.89 265.51 265.86 265.93 265.71 265.2 264.42 263.38 262.11 260.7 259.23 257.75 256.34 254.98 253.66 252.34 251.08 250.22 248.93 246.7 243.3 239.02 235.3 231.68 229.39 228.39 228.1 228.96 231.89 234.58 236.14 236.48 234.84 229.32 222.07 214.93 208.58 203.21 198.87 195.36 191.71 186.89 182.72 182.78 184.11
256.97 254.92 253.22 251.95 251.11 250.66 250.5 250.5 250.47 250.2 249.5 248.23 246.42 244.47 243.45 243.55 243.82 244.17 245.17 247.74 250.76 253.57 255.96 257.95 259.61 261.05 262.3 263.35 264.16 264.69 264.91 264.8 264.34 263.5 262.27 260.84 259.4 257.99 256.62 255.33 254.06 252.8 251.54 250.32 249.5 248.44 246.48 243.41 239.4 235.6 232.65 230.55 230.25 231.23 233.88 237.73 241.01 242.79 242.88 241.15 236.35 227.6 218.38 210.35 203.78 198.53 194.19 189.64 183.51 178.7 178.08 178.89
258.24 255.97 253.96 252.3 251.03 250.15 249.6 249.25 248.96 248.55 247.83 246.71 245.23 243.85 243.5 243.73 244.04 244.37 245.09 247.2 249.73 252.09 254.17 255.99 257.62 259.14 260.53 261.77 262.77 263.47 263.85 263.86 263.49 262.69 261.42 259.79 258.24 256.92 255.67 254.46 253.26 252.05 250.83 249.68 249.01 248.16 246.54 243.99 240.65 237.21 235.07 234.2 234.75 236.86 240.34 244.31 247.35 248.51 247.74 245.1 240.45 231.99 221.14 211.53 203.9 198.01 193.4 189.03 183.28 178.64 178.41 179.9
259.62 257.17 254.87 252.83 251.13 249.81 248.84 248.12 247.51 246.84 245.93 244.69 243.28 242.52 242.59 242.87 243.18 243.52 244.04 245.39 247.67 249.95 251.99 253.82 255.54 257.19 258.76 260.18 261.37 262.25 262.77 262.91 262.64 261.95 260.78 259.16 257.37 256.01 254.83 253.68 252.51 251.34 250.17 249.17 248.74 248.03 246.68 244.64 242.11 239.58 238.02 238.27 239.98 242.74 246.27 249.79 251.55 251.44 249.95 246.95 241.66 233.94 222.13 211.36 203 196.84 192.53 189.33 185.5 182.08 182.67 185.13
261.01 258.43 255.88 253.5 251.39 249.63 248.23 247.13 246.18 245.2 244.03 242.56 241.1 240.81 240.99 241.23 241.51 241.84 242.25 243.09 245.22 247.56 249.68 251.62 253.47 255.27 257.02 258.62 259.99 261.03 261.7 261.97 261.82 261.25 260.24 258.81 257.07 255.39 254.12 252.95 251.82 250.71 249.71 249.1 248.67 247.92 246.7 245.03 243.11 241.38 240.59 241.55 244.11 247.18 250.3 253.01 253.66 252.57 250.31 246.6 240.39 232.11 220.28 209.05 200.35 194.26 190.61 188.96 187.65 186.9 188.45 191.09
262.27 259.62 256.9 254.23 251.75 249.58 247.77 246.29 245 243.74 242.33 240.67 239.18 238.96 239.08 239.26 239.49 239.8 240.18 240.91 242.9 245.25 247.45 249.49 251.47 253.43 255.35 257.14 258.68 259.88 260.68 261.05 261.01 260.56 259.72 258.5 257 255.36 253.81 252.44 251.33 250.44 249.77 249.22 248.59 247.68 246.45 244.93 243.3 241.97 241.52 242.68 245.68 249.15 251.77 253.58 253.84 252.19 249.1 244.1 236.72 227.22 215.39 204.16 195.53 189.83 187.09 186.72 187.31 188.57 191.15 194.31
263.27 260.63 257.81 254.93 252.15 249.62 247.43 245.59 244 242.51 240.93 239.15 237.5 237.09 237.12 237.22 237.41 237.68 238.05 238.85 240.88 243.21 245.42 247.52 249.61 251.72 253.81 255.77 257.47 258.81 259.72 260.18 260.21 259.84 259.09 258.03 256.73 255.31 253.91 252.65 251.59 250.72 249.98 249.22 248.32 247.2 245.82 244.23 242.61 241.26 240.67 241.39 243.83 247.46 250.15 251.47 251.37 249.49 245.59 239.39 230.75 219.94 208.07 197.4 189.5 184.64 182.55 182.68 184.2 186.48 189.31 192.22
263.94 261.36 258.52 255.51 252.51 249.68 247.16 245 243.14 241.46 239.8 238.05 236.34 235.4 235.16 235.2 235.33 235.56 236.05 237.22 239.27 241.46 243.59 245.72 247.9 250.16 252.42 254.55 256.4 257.85 258.83 259.34 259.37 258.98 258.21 257.17 255.95 254.68 253.47 252.39 251.47 250.64 249.81 248.89 247.78 246.41 244.79 242.96 241.09 239.43 238.38 238.33 239.61 242.12 244.91 246.45 246.33 244.24 239.77 232.63 222.84 211.38 200.25 191.03 184.29 180.01 177.92 177.86 179.41 182.02 185.03 187.65
264.24 261.77 258.97 255.92 252.77 249.7 246.9 244.45 242.35 240.52 238.84 237.18 235.56 234.21 233.47 233.31 233.38 233.68 234.52 236.05 237.93 239.9 241.93 244.06 246.35 248.76 251.19 253.48 255.46 257 258.01 258.48 258.42 257.87 256.91 255.69 254.37 253.11 252.03 251.17 250.48 249.84 249.11 248.16 246.91 245.32 243.39 241.2 238.92 236.86 235.26 234.4 234.47 235.44 236.93 237.98 237.77 235.54 230.8 223.46 213.88 203.28 193.76 186.01 180.21 176.42 174.04 173.49 174.56 176.76 179.71 182.62
264.14 261.81 259.11 256.08 252.85 249.61 246.57 243.87 241.55 239.57 237.86 236.3 234.87 233.62 232.71 232.25 232.25 232.73 233.68 235.03 236.62 238.38 240.34 242.52 244.93 247.52 250.13 252.57 254.65 256.22 257.21 257.56 257.27 256.4 255.05 253.43 251.79 250.4 249.41 248.84 248.53 248.27 247.83 247.03 245.75 243.98 241.74 239.14 236.52 234.3 232.43 230.86 229.73 229.23 229.32 229.26 228.28 225.75 221.26 214.68 206.28 197.32 189.56 183.01 178.44 175.05 172.36 170.77 171.09 172.31 174.45 177.26
263.63 261.47 258.9 255.93 252.68 249.34 246.1 243.17 240.63 238.49 236.71 235.19 233.9 232.84 232.04 231.59 231.55 231.92 232.67 233.76 235.12 236.77 238.73 241.03 243.62 246.41 249.19 251.76 253.91 255.48 256.37 256.51 255.89 254.52 252.58 250.4 248.52 247.04 246.11 245.71 245.74 246.02 246.07 245.56 244.38 242.5 239.98 237.09 234.53 232.29 230.15 228.08 226.18 224.58 223.39 222.36 220.82 218.2 214.16 208.55 201.54 194.33 188.09 182.49 178.42 175.2 172.39 170.34 169.83 169.82 170.67 172.8
