raw_data/evaporacion/evapnov.txt
ncols         178
nrows         142
xllcorner     111.875
yllcorner     -44.625
cellsize      0.25
NODATA_value  -9999
[rows 32 to 63 of 142, columns 72 to 143 of 178]
301.51 299.85 298.58 297.76 297.41 297.46 297.73 297.86 297.39 295.83 293.05 290.41 290.65 291.68 292.73 293.63 294.43 295.52 298.1 301.61 303.67 303.98 303.06 301.53 299.87 298.34 296.96 295.58 294 292 289.32 285.55 280.12 272.45 262.28 251.36 245.21 -9999 -9999 -9999 -9999 -9999 -9999 -9999 287.99 287.75 283.48 277.11 270.72 265.15 260.71 257.66 255.64 253.48 249.3 241.83 230.95 218.54 207.27 198.59 192.7 189.17 187.24 186.36 -9999 -9999 -9999 -9999 -9999 -9999 -9999 -9999
305.06 303.68 302.72 302.23 302.24 302.66 303.26 303.65 303.31 301.73 298.93 296.87 297.54 298.77 299.93 300.9 301.73 302.64 304.04 306.94 308.33 307.76 305.95 303.75 301.82 300.47 299.61 298.91 297.97 296.42 293.89 289.89 283.77 274.85 263.15 252.12 247.16 245.24 246.13 -9999 -9999 -9999 -9999 287.66 290.85 290.36 286.44 278.94 271.24 265.02 260.32 256.81 253.88 250.62 245.79 238.09 227.1 214.37 201.92 190.23 181.6 177.28 175.2 174.59 175.05 -9999 -9999 -9999 -9999 -9999 -9999 -9999
308.07 306.92 306.24 306.09 306.47 307.28 308.29 309.08 309.14 307.96 305.55 303.66 304.49 305.9 307.29 308.57 309.78 310.96 311.96 313.36 313.06 310.85 307.76 304.72 302.42 301.14 300.72 300.96 301.01 300.23 298.16 294.32 288.06 278.69 266.53 255.98 250.91 249.03 249.77 252.8 259.19 270.27 282.24 290.27 293.05 292.05 287.53 279.53 271.23 264.82 260.28 257.16 254.63 251.52 246.69 239 227.83 214.14 199.69 184.18 169.98 164.41 162.97 163.74 166.18 -9999 -9999 -9999 -9999 -9999 -9999 -9999
310.45 309.48 309.07 309.26 310.04 311.29 312.77 314.09 314.78 314.44 312.94 311.28 312.11 313.93 315.89 317.95 320.03 321.77 322.54 321.85 318.98 314.77 310.92 307.68 305.09 303.03 301.66 302.19 303.36 303.59 302.26 298.95 293.13 284.26 272.56 261.76 256.42 253.76 253.92 256.67 262.91 273.15 284.04 292.19 294.86 293.23 287.68 279.4 271.88 266.12 261.68 258.67 256.85 254.12 249.34 242.13 231.44 217.07 201.06 183.23 163.87 154.64 153.47 155.9 160.8 -9999 -9999 -9999 -9999 -9999 -9999 -9999
311.94 311.14 311.03 311.62 312.86 314.62 316.63 318.57 320.07 320.86 320.93 320.78 321.82 324.65 327.95 331.36 334.58 336.82 336.77 333.44 327.51 321.1 315.72 311.71 308.77 306.4 304.66 303.94 305.6 306.8 306.3 303.76 298.84 291.22 280.87 269.85 263.88 260.54 259.67 262.11 268.05 276.54 285.37 292.14 294.76 292.85 287.19 279.72 273.29 268.19 264.06 261.31 259.74 257.04 252.39 245.74 235.99 221.83 205.39 188.12 169.68 154.41 151.42 155.02 163.02 -9999 -9999 -9999 -9999 -9999 -9999 -9999
312.14 311.51 311.78 312.91 314.77 317.13 319.76 322.39 324.78 326.86 328.83 331.21 334.76 339.85 345.23 350.2 354.26 356.14 354.13 347.51 338.01 328.63 321.19 316.34 312.92 310.25 308.35 307.43 308.54 310.22 310.41 308.64 304.81 298.8 290.66 281.31 273.77 269.57 267.96 269.34 273.78 280.38 287.34 292.49 294.22 292.27 287.47 281.21 275.42 270.75 267.02 264.57 262.97 260.28 255.86 249.62 240.56 227.3 211.44 195.57 181.52 170.63 166.73 170.76 181.81 196.8 -9999 -9999 -9999 -9999 -9999 -9999
310.45 310.02 310.87 312.79 315.51 318.69 322.07 325.43 328.73 332.13 336.1 341.37 348.73 357.99 366.31 372.17 376.04 376.55 372.09 362.45 349.75 337.34 327.57 321.24 317.06 314.08 312.22 311.49 312.29 314.08 314.61 313.43 310.59 306.16 300.27 293.37 286.58 281.28 278.29 278.22 280.94 285.46 290.3 293.81 294.6 292.61 288.57 283.51 278.46 274.18 270.92 268.48 266.28 263.48 259.37 253.33 244.74 232.94 218.46 204 193.07 187.74 188.32 195.07 207.55 223.61 -9999 -9999 -9999 -9999 -9999 -9999
306.31 306.14 307.81 310.91 314.87 319.17 323.47 327.65 331.83 336.44 342.29 350.4 361.73 375.41 385.54 391.74 395.4 394.79 388.6 376.84 361.99 347.21 335.07 326.66 321.34 318 316.33 315.87 316.8 318.38 318.88 317.98 315.87 312.79 308.84 304.19 299.43 295.21 292.26 291.03 291.37 292.67 294.07 294.75 294.11 292.07 288.7 284.79 281.01 277.71 274.95 272.47 269.8 266.52 262.21 256.43 248.75 238.61 226.4 214.4 205.65 203.89 208.53 218 231.84 248.16 -9999 -9999 -9999 -9999 -9999 -9999
300.55 300.43 302.73 307.24 312.84 318.58 324.01 329.05 334.02 339.63 346.98 357.4 372.04 388.88 398.46 405.16 408.71 407.49 401.46 388.96 373.18 357.29 343.47 333.14 326.4 322.5 320.78 320.66 321.8 322.93 323.16 322.24 320.52 318.39 315.99 313.29 310.32 307.28 304.54 302.47 300.89 299.45 297.82 295.69 292.95 289.77 286.48 283.6 281.35 279.59 278.05 276.3 273.87 270.4 265.75 259.87 252.56 243.62 234.28 226.17 221.08 221.32 227.61 237.53 250.04 263.7 266.9 262.75 -9999 -9999 -9999 -9999
297.87 296.85 297.82 302.66 309.85 317.21 323.86 329.74 335.34 341.57 349.75 361.43 377.57 394.58 403.07 409.65 410.85 409.33 405.18 395.25 380.5 365.44 351.46 339.9 331.93 327.44 325.94 326.15 326.91 327.44 327.09 325.79 324.13 322.49 321 319.58 317.94 316.01 313.83 311.47 308.73 305.32 301.25 296.61 291.65 286.86 283.03 280.71 279.99 280.14 280.5 280.25 278.63 275.2 270.01 263.43 255.81 247.48 239.95 234.44 232.04 234.11 241.38 250.98 259.63 268.27 268.96 261.48 250.21 238.29 228.08 -9999
297.9 296.73 296.98 299.59 306.96 315.65 323.38 329.94 335.89 342.24 350.37 361.85 377.14 391.41 398.69 404.7 405.49 404.07 400.86 392.87 380.83 368.76 356.71 345.45 337.64 333.46 331.83 331.5 331.52 331.38 330.48 329.02 327.63 326.27 325.04 324.16 323.19 321.8 319.92 317.53 314.43 310.18 304.38 297.45 290.26 283.89 279.92 278.38 278.94 280.94 283.4 285.02 284.51 281.11 275 267.15 258.64 250.37 243.45 239.04 237.89 240.52 247.52 257.06 262.29 265.51 265.11 256.5 244.07 232.46 223.4 -9999
298.73 297.51 297.53 299.39 305.46 314.67 323.05 329.92 335.83 341.75 348.93 358.68 371.07 381.16 386.3 391.11 392.95 391.78 388.57 381.31 373.05 365.17 356.44 347.41 341.31 338.01 336.47 335.79 335.37 334.82 333.68 332.23 331.01 329.87 328.86 328.18 327.43 326.17 324.32 321.86 318.59 314.02 307.51 299.14 290.39 283.11 278.45 276.96 278.49 282.56 287.63 291.82 293.02 289.59 281.72 271.42 261.04 252.13 245.35 241.15 240.37 242.8 248.28 255.92 260.88 260.53 256.84 248.76 237.25 226.61 218.84 213.2
299.66 298.4 298.35 300.09 305.7 314.88 323.26 329.94 335.4 340.4 345.88 352.76 360.87 366.45 369.04 371.11 371.86 370.38 367.22 363.19 359.45 355.65 350.81 345.76 342.39 340.52 339.53 338.97 338.55 338.01 336.94 335.56 334.42 333.44 332.62 332.05 331.23 329.8 327.84 325.35 322.09 317.4 310.66 301.72 291.91 283.22 277.59 276.26 278.38 284.69 293.31 301.02 304.15 300.46 290.04 275.89 262.4 252.27 245.73 242.3 241.34 243.33 247.2 252.32 256.75 256.1 250.86 242.9 232.56 221.86 215.04 210.5
300.67 299.42 299.46 301.45 307.82 316.5 324.16 330.17 334.82 338.58 341.96 345.44 349 351.18 351.87 351.29 349.43 346.94 344.86 344.08 344.26 343.94 342.78 342.08 341.75 341.57 341.44 341.32 341.26 341.1 340.35 339.28 338.22 337.29 336.51 335.73 334.58 332.92 330.85 328.34 325.12 320.5 313.72 304.53 293.96 284.36 279.72 278.95 281.2 287.96 299.43 308.91 310.77 306.21 295.36 279.35 264.01 252.95 245.69 243.08 242.65 243.97 246.52 249.27 251.55 251.47 246.8 239.44 230.28 219.98 213.22 209.63
302.01 300.82 301.39 304.62 311.66 319.21 325.63 330.62 334.25 336.66 337.95 338.25 338.33 339.02 338.71 336.62 333.88 331.87 330.36 329.74 331.6 333.75 335.18 338.18 340.54 341.92 342.69 343.17 343.64 344.09 343.76 342.99 342.11 341.16 340.16 339.03 337.54 335.71 333.58 331.06 327.88 323.37 316.71 307.61 297 287.37 283.05 282.55 285.06 292.24 304.35 313.54 314.66 309.63 298.43 282.17 267.15 256.43 248.92 245.3 245.1 245.82 247.32 248.34 248.49 247.28 243.69 237.57 230.1 221.41 214.51 211.41
304.71 303.88 306.15 310.71 316.61 322.41 327.38 331.22 333.81 335 334.52 332.54 331.15 331.46 331.02 329.12 326.87 324.84 323.14 322.23 323.93 327.11 329.98 335.42 339.63 342.16 343.67 344.73 345.79 346.87 346.96 346.43 345.68 344.69 343.46 341.99 340.23 338.26 336.08 333.57 330.42 326.02 319.64 310.99 301.18 292.4 287.37 286.79 289.6 296.82 307.31 316.03 317.18 312.06 300.65 284.74 270.58 260.53 253.45 249.93 249.29 249.36 249.87 249.6 248.36 246.1 242.66 238.02 232.8 226.92 221.29 218.1
312.61 312.19 314.01 317.36 321.44 325.52 329.11 331.89 333.59 333.83 332.16 328.85 327.2 327.61 327.61 326.48 324.64 322.44 320.34 319.23 321.08 324.15 327.9 334.45 339.48 342.6 344.57 346.09 347.67 349.29 349.76 349.43 348.79 347.73 346.35 344.67 342.7 340.58 338.33 335.78 332.65 328.43 322.45 314.48 305.78 298.5 294.2 293.56 296.27 301.66 308.27 313.97 315.71 311.6 301.31 287.41 274.78 265.68 259.73 256.94 255.16 254.47 253.84 252.44 250.29 247.55 244.42 241.16 238.03 235.26 233.28 232.56
320.82 320.2 321.03 322.95 325.48 328.18 330.66 332.6 333.63 333.31 331.07 327.21 325.27 325.77 326.16 325.61 324.35 322.47 320.4 319.59 321.27 323.64 328.51 335.14 340.1 343.28 345.44 347.24 349.16 351.18 352.02 351.87 351.21 350.11 348.7 346.97 344.83 342.53 340.13 337.52 334.44 330.49 325.07 318.02 310.53 304.54 301.25 300.89 302.82 305.82 308.72 310.55 310.31 306.93 300.22 291.31 282.32 274.9 269.44 265.5 262.56 260.72 258.7 256.14 253.2 250.15 247.42 245.34 243.76 243.61 245.54 247.92
327.16 326.26 326.34 327.23 328.67 330.37 332.03 333.36 333.98 333.44 331.2 327.34 324.54 324.83 325.46 325.34 324.64 323.39 322.02 321.74 322.5 324.66 330.83 336.9 341.21 344.11 346.24 348.13 350.19 352.41 353.74 353.76 353.16 352.09 350.66 348.83 346.5 343.98 341.39 338.66 335.63 332.02 327.43 321.88 316.31 311.45 308.1 307.2 308.07 309.12 309.3 308.38 306.62 303.95 300.28 295.53 290.06 284.6 279.57 274.98 271.19 267.69 264.02 260.16 256.28 252.71 249.93 248.27 247.41 249.1 253.64 255.76
331.97 330.81 330.36 330.56 331.25 332.25 333.33 334.23 334.64 334.13 332.29 328.87 325.12 324.66 325.19 325.44 325.16 324.43 323.69 323.46 324.45 328.43 334.2 339.02 342.48 344.97 346.94 348.79 350.79 353.02 354.89 355.19 354.72 353.69 352.17 350.08 347.55 344.82 342.02 339.19 336.28 333.13 329.53 325.59 321.77 318.22 315.24 313.31 312.61 311.91 310.09 307.61 305.52 303.44 301.79 300.14 297.68 294.51 290.84 286.2 280.87 275.3 269.71 264.27 259.14 254.6 251.01 248.61 247.31 248.79 253.09 254.27
336.01 334.59 333.73 333.42 333.56 334.04 334.68 335.27 335.56 335.23 333.96 331.52 328.3 326.3 326.14 326.28 326.17 325.84 325.51 325.92 328.6 333.1 337.49 340.99 343.66 345.76 347.56 349.3 351.14 353.12 355.02 356.04 355.79 354.74 353.04 350.75 348.05 345.17 342.3 339.54 336.9 334.29 331.55 328.74 326.15 323.6 321.11 318.8 316.81 314.82 311.92 309.55 307.89 306.42 305.57 306.25 306.46 305.69 303.79 299.26 291.93 283.84 275.9 268.5 261.76 255.77 250.72 246.78 243.43 241.91 243.72 245.53
339.87 338.19 336.97 336.21 335.9 335.94 336.19 336.51 336.7 336.55 335.85 334.45 332.41 330.35 329.51 329.43 329.36 329.21 329.34 330.95 333.92 337.2 340.13 342.6 344.67 346.48 348.16 349.8 351.45 353.11 354.66 355.84 356.2 355.34 353.55 351.11 348.33 345.5 342.79 340.31 338.03 335.87 333.72 331.56 329.71 327.83 325.75 323.45 320.98 318.45 315.36 313.23 312.15 311.65 312.15 314.52 316.54 317.32 316.65 313.29 304.47 293.42 282.66 272.92 264.29 256.6 249.78 244.09 237.82 232.64 232.44 233.81
343.93 341.96 340.37 339.2 338.44 338.04 337.92 337.95 338.02 337.98 337.73 337.18 336.31 335.31 334.7 334.62 334.62 334.63 335.03 336.42 338.28 340.21 342.08 343.84 345.54 347.19 348.82 350.4 351.92 353.32 354.52 355.36 355.63 355.09 353.68 351.41 348.8 346.24 343.89 341.8 339.85 337.96 336.14 334.38 332.91 331.45 329.7 327.63 325.3 322.92 320.43 318.4 318 318.78 321.12 324.54 327.28 328.32 327.36 324.09 316.55 303.42 289.62 277.36 266.8 257.5 249.19 242.25 234.16 227.78 226.34 226.63
348.26 346.01 344.05 342.45 341.23 340.39 339.87 339.6 339.49 339.48 339.52 339.55 339.55 339.48 339.45 339.51 339.6 339.71 339.96 340.55 341.35 342.34 343.51 344.86 346.36 347.96 349.61 351.21 352.69 353.95 354.92 355.5 355.58 355.06 353.85 351.98 349.75 347.6 345.62 343.83 342.11 340.42 338.8 337.27 336.08 334.87 333.37 331.58 329.64 327.86 326.56 325.84 326.32 328.25 331.48 335.09 337.58 337.87 335.86 331.55 324.51 311.94 295.83 281.24 269.02 258.57 249.51 242.39 234.34 227.71 226.25 226.82
352.77 350.26 347.95 345.93 344.26 342.97 342.04 341.42 341.09 341.02 341.19 341.58 342.09 342.38 342.5 342.61 342.74 342.92 343.14 343.36 343.5 343.9 344.67 345.8 347.23 348.87 350.6 352.28 353.8 355.04 355.93 356.42 356.43 355.93 354.88 353.3 351.37 349.54 347.84 346.24 344.69 343.15 341.68 340.34 339.37 338.28 336.92 335.35 333.79 332.68 332.57 333.51 335.32 337.93 341.21 344.33 345.34 344.13 341.18 336.32 328.57 317.22 299.81 283.55 270.22 259.26 250.27 244.01 237.68 231.9 230.79 232.06
357.26 354.55 351.95 349.55 347.45 345.71 344.36 343.39 342.8 342.58 342.75 343.29 343.98 344.17 344.23 344.3 344.44 344.65 344.92 345.18 345.05 345.14 345.71 346.76 348.22 349.95 351.81 353.63 355.25 356.56 357.49 357.99 358.05 357.63 356.75 355.44 353.78 352.04 350.5 349.02 347.57 346.18 344.86 343.79 342.84 341.73 340.39 338.92 337.55 336.76 337.27 339.59 342.92 346.02 348.83 351.01 350.7 348.28 344.33 338.49 329.48 317.45 300.09 283.24 269.48 258.62 250.41 245.48 241.5 238.23 237.48 238.56
361.53 358.7 355.87 353.16 350.67 348.52 346.76 345.44 344.55 344.13 344.18 344.68 345.33 345.38 345.35 345.38 345.5 345.71 346.02 346.33 346.18 346.19 346.73 347.83 349.38 351.26 353.28 355.27 357.05 358.49 359.52 360.1 360.23 359.93 359.21 358.12 356.73 355.17 353.6 352.11 350.77 349.56 348.48 347.46 346.38 345.14 343.73 342.22 340.83 340 340.37 342.73 347.05 351.12 353.49 354.62 353.81 350.64 345.59 338.06 327.4 313.69 296.46 279.75 266.21 256.07 249.28 245.58 243.27 241.87 241.92 242.96
365.42 362.54 359.57 356.62 353.83 351.32 349.19 347.51 346.31 345.62 345.45 345.79 346.36 346.37 346.29 346.28 346.38 346.59 346.9 347.2 347.05 347.13 347.78 349.02 350.74 352.81 355.04 357.23 359.19 360.78 361.93 362.61 362.82 362.59 361.97 361.03 359.83 358.48 357.08 355.74 354.5 353.36 352.26 351.12 349.86 348.45 346.87 345.2 343.62 342.45 342.24 343.61 347.04 351.63 354.37 355.02 353.77 350.23 344.07 334.88 322.38 306.82 289.63 273.84 261.45 252.74 247.22 244.18 242.69 242.13 242.35 242.97
368.84 365.96 362.93 359.84 356.82 354.01 351.56 349.54 348.02 347.03 346.57 346.62 347.01 347.19 347.14 347.12 347.2 347.4 347.65 347.77 347.7 348 348.88 350.35 352.3 354.61 357.08 359.49 361.65 363.4 364.67 365.41 365.64 365.41 364.78 363.83 362.68 361.45 360.22 359.06 357.97 356.91 355.8 354.57 353.17 351.57 349.78 347.86 345.94 344.28 343.25 343.31 344.83 347.72 350.67 351.7 350.42 346.53 339.51 328.92 314.76 298.24 282.02 268.19 257.47 249.84 244.78 241.94 240.67 240.41 240.7 241
371.73 368.91 365.89 362.73 359.56 356.53 353.8 351.48 349.65 348.34 347.55 347.25 347.34 347.61 347.75 347.76 347.84 347.99 348.08 348.05 348.22 348.86 350.06 351.82 354.08 356.67 359.41 362.06 364.41 366.3 367.64 368.39 368.56 368.18 367.36 366.22 364.94 363.68 362.56 361.6 360.75 359.9 358.91 357.7 356.21 354.44 352.42 350.2 347.89 345.67 343.78 342.5 342.09 342.58 343.51 343.67 342.09 337.88 330.37 319.44 305.59 290.27 276.14 264.21 254.8 248 242.89 239.93 238.6 238.16 238.4 238.94
374.08 371.36 368.4 365.23 361.98 358.8 355.84 353.26 351.14 349.53 348.41 347.75 347.49 347.51 347.63 347.75 347.83 347.89 347.97 348.19 348.74 349.76 351.33 353.45 356.05 358.96 361.99 364.88 367.4 369.4 370.75 371.42 371.39 370.7 369.47 367.92 366.3 364.88 363.82 363.12 362.65 362.18 361.48 360.43 358.94 357.04 354.78 352.24 349.54 346.81 344.13 341.62 339.49 337.98 336.98 335.32 332.38 327.52 320.22 310.33 298.17 285.12 273.32 262.95 255.21 249.04 243.71 239.68 237.94 236.86 236.53 237.17
375.88 373.28 370.42 367.3 364.03 360.74 357.62 354.82 352.45 350.55 349.14 348.17 347.58 347.3 347.22 347.25 347.34 347.5 347.81 348.36 349.3 350.72 352.69 355.21 358.18 361.44 364.76 367.87 370.53 372.58 373.88 374.37 374.01 372.83 371 368.86 366.97 365.43 364.39 363.84 363.68 363.73 363.5 362.74 361.35 359.36 356.89 354.05 351.05 347.93 344.69 341.39 338.15 335.11 332.35 329.38 325.43 320.2 313.39 304.8 294.6 283.96 274.21 265.1 258.04 252.11 246.7 242.25 239.79 237.66 236.24 236.31
