raw_data/evaporacion/evapsep.txt
ncols         178
nrows         142
xllcorner     111.875
yllcorner     -44.625
cellsize      0.25
NODATA_value  -9999
[rows 32 to 63 of 142, columns 0 to 71 of 178]
-9999 -9999 -9999 -9999 -9999 -9999 -9999 -9999 -9999 -9999 -9999 -9999 -9999 -9999 -9999 -9999 -9999 -9999 -9999 -9999 -9999 -9999 -9999 -9999 -9999 -9999 -9999 -9999 -9999 -9999 -9999 -9999 -9999 -9999 -9999 -9999 -9999 -9999 -9999 -9999 -9999 222.65 223.47 224.99 227.92 231.68 -9999 239.96 244.56 249.68 255.34 261.33 267.23 272.59 277.05 280.49 283 284.75 285.97 286.81 287.33 287.46 287.09 286.28 285.03 283.37 281.34 279.15 276.9 274.69 272.58 270.61
-9999 -9999 -9999 -9999 -9999 -9999 -9999 -9999 -9999 -9999 -9999 -9999 -9999 -9999 -9999 -9999 -9999 -9999 -9999 -9999 -9999 -9999 -9999 -9999 -9999 -9999 -9999 -9999 -9999 -9999 -9999 -9999 -9999 -9999 -9999 -9999 -9999 -9999 -9999 -9999 -9999 225.17 225.86 226.94 229 232.93 237.38 241.89 246.61 251.71 257.27 263.11 268.84 274.02 278.35 281.72 284.23 286.07 287.48 288.57 289.29 289.36 288.65 287.61 286.36 284.67 282.34 279.74 277.19 274.81 272.64 270.7
-9999 -9999 -9999 -9999 -9999 -9999 -9999 -9999 -9999 -9999 -9999 -9999 -9999 -9999 -9999 -9999 -9999 -9999 -9999 -9999 -9999 -9999 -9999 -9999 -9999 -9999 -9999 -9999 -9999 -9999 -9999 -9999 -9999 -9999 -9999 -9999 -9999 -9999 -9999 -9999 -9999 228.36 228.99 229.94 231.56 235.1 239.7 244.37 249.12 254.16 259.56 265.19 270.69 275.65 279.79 283.03 285.48 287.37 288.93 290.2 290.74 290.24 289.27 288.13 286.86 285.36 283.23 280.31 277.39 274.75 272.42 270.41
-9999 -9999 -9999 -9999 -9999 -9999 -9999 -9999 -9999 -9999 -9999 -9999 -9999 -9999 -9999 -9999 -9999 -9999 -9999 -9999 -9999 -9999 -9999 -9999 -9999 -9999 -9999 -9999 -9999 -9999 -9999 -9999 -9999 -9999 -9999 -9999 -9999 -9999 -9999 -9999 -9999 -9999 232.66 233.55 235.06 238.4 242.95 247.57 252.21 257.07 262.25 267.61 272.8 277.47 281.35 284.39 286.72 288.59 290.21 291.49 291.55 290.75 289.7 288.48 287.1 285.61 283.7 280.61 277.32 274.35 271.78 269.62
-9999 -9999 -9999 -9999 -9999 -9999 -9999 -9999 -9999 -9999 -9999 -9999 -9999 -9999 -9999 -9999 -9999 -9999 -9999 -9999 -9999 -9999 -9999 -9999 -9999 -9999 -9999 -9999 -9999 -9999 -9999 -9999 -9999 -9999 -9999 -9999 -9999 -9999 -9999 -9999 -9999 236.34 236.92 237.81 239.42 242.94 247.26 251.59 255.95 260.52 265.38 270.37 275.19 279.49 283.04 285.8 287.93 289.66 291.22 292.45 292.23 291.29 290.17 288.85 287.36 285.75 283.76 280.52 276.82 273.41 270.47 268.07
-9999 -9999 -9999 -9999 -9999 -9999 -9999 -9999 -9999 -9999 -9999 -9999 -9999 -9999 -9999 -9999 -9999 -9999 -9999 -9999 -9999 -9999 -9999 -9999 -9999 -9999 -9999 -9999 -9999 -9999 -9999 -9999 -9999 -9999 -9999 -9999 -9999 -9999 -9999 -9999 240.96 241.29 241.91 243.03 245.22 248.76 252.61 256.45 260.38 264.54 268.97 273.51 277.86 281.7 284.84 287.25 289.09 290.59 291.99 293.15 293.01 292.02 290.8 289.4 287.83 286.1 283.83 280.12 275.78 271.68 268.13 265.29
-9999 -9999 -9999 -9999 -9999 -9999 -9999 -9999 -9999 -9999 -9999 -9999 -9999 -9999 -9999 -9999 -9999 -9999 -9999 -9999 -9999 -9999 -9999 -9999 -9999 -9999 -9999 -9999 -9999 -9999 -9999 -9999 -9999 -9999 -9999 -9999 -9999 -9999 -9999 247.74 247.11 247.38 248.19 250.02 252.61 255.67 258.86 262.1 265.5 269.14 273.04 277.02 280.81 284.12 286.77 288.76 290.25 291.46 292.66 293.81 294.13 293.24 291.96 290.51 288.87 286.92 284.15 279.58 274.15 268.88 264.26 260.63
-9999 -9999 -9999 -9999 -9999 -9999 -9999 -9999 -9999 -9999 -9999 -9999 -9999 -9999 -9999 -9999 -9999 -9999 -9999 -9999 -9999 -9999 -9999 -9999 -9999 -9999 -9999 -9999 -9999 -9999 -9999 -9999 -9999 -9999 -9999 -9999 -9999 -9999 -9999 256.12 255.78 256.11 257.09 258.76 260.91 263.3 265.81 268.44 271.25 274.31 277.58 280.91 284.04 286.72 288.82 290.34 291.45 292.39 293.42 294.68 295.73 295.17 293.93 292.43 290.64 288.31 284.8 279.07 271.93 264.76 258.38 253.48
-9999 -9999 -9999 -9999 -9999 -9999 -9999 -9999 -9999 -9999 -9999 -9999 -9999 -9999 -9999 -9999 -9999 -9999 -9999 -9999 -9999 -9999 -9999 -9999 -9999 -9999 -9999 -9999 -9999 -9999 -9999 -9999 -9999 -9999 -9999 -9999 -9999 -9999 264.69 264.68 264.91 265.51 266.51 267.9 269.55 271.37 273.3 275.35 277.57 279.99 282.57 285.15 287.53 289.51 291 292.02 292.74 293.45 294.42 295.89 297.53 297.7 296.56 294.97 292.9 289.99 285.52 278.56 269.25 259.57 251.04 244.69
-9999 -9999 -9999 -9999 -9999 -9999 -9999 -9999 -9999 -9999 -9999 -9999 -9999 -9999 -9999 -9999 -9999 -9999 -9999 -9999 -9999 -9999 -9999 -9999 -9999 -9999 -9999 -9999 -9999 -9999 -9999 -9999 -9999 -9999 -9999 -9999 -9999 271.5 272.22 272.95 273.75 274.69 275.77 276.99 278.32 279.72 281.18 282.72 284.36 286.11 287.92 289.69 291.25 292.47 293.29 293.78 294.13 294.64 295.66 297.47 299.72 300.34 299.21 297.48 295.06 291.48 285.96 277.7 266.77 255.28 245.78 239.29
-9999 -9999 -9999 -9999 -9999 -9999 -9999 -9999 -9999 -9999 -9999 -9999 -9999 -9999 -9999 -9999 -9999 -9999 -9999 -9999 -9999 -9999 -9999 -9999 -9999 -9999 -9999 -9999 -9999 -9999 -9999 -9999 -9999 -9999 -9999 274.67 276.33 277.93 279.47 280.94 282.33 283.65 284.89 286.05 287.17 288.24 289.3 290.37 291.44 292.52 293.55 294.46 295.15 295.55 295.67 295.6 295.56 295.87 296.94 299.09 301.84 302.42 301.21 299.31 296.49 292.43 286.08 276.85 265.14 253.16 243.48 237.02
-9999 -9999 -9999 -9999 -9999 -9999 -9999 -9999 -9999 -9999 -9999 -9999 -9999 -9999 -9999 -9999 -9999 -9999 -9999 -9999 -9999 -9999 -9999 -9999 -9999 -9999 -9999 -9999 -9999 261.9 -9999 267.34 270.74 273.78 276.53 279.13 281.66 284.15 286.58 288.86 290.91 292.65 294.07 295.19 296.09 296.85 297.52 298.11 298.64 299.05 299.3 299.35 299.15 298.73 298.11 297.44 296.95 296.98 297.95 300.24 303.21 303.61 302.25 299.89 296.73 292.39 285.8 275.98 263.84 251.68 241.95 235.67
-9999 -9999 -9999 -9999 -9999 -9999 -9999 -9999 -9999 -9999 -9999 -9999 -9999 -9999 -9999 -9999 -9999 -9999 -9999 -9999 -9999 -9999 -9999 -9999 -9999 -9999 -9999 -9999 261.45 262.65 264.64 268.46 272.56 276.34 279.87 283.31 286.78 290.28 293.75 297 299.82 302.04 303.62 304.61 305.17 305.49 305.67 305.76 305.72 305.49 305.01 304.23 303.19 301.93 300.56 299.25 298.23 297.84 298.48 300.48 303.3 303.9 302.42 299.84 296.46 291.9 285.06 274.98 262.66 250.46 240.76 234.59
-9999 -9999 -9999 -9999 -9999 -9999 -9999 -9999 -9999 -9999 -9999 -9999 -9999 -9999 -9999 -9999 -9999 -9999 -9999 -9999 -9999 -9999 -9999 -9999 263.79 261.71 260.96 261.12 261.92 263.35 265.59 269.78 274.37 278.73 282.96 287.26 291.76 296.47 301.2 305.64 309.39 312.15 313.8 314.47 314.46 314.1 313.63 313.11 312.49 311.66 310.51 308.99 307.15 305.09 302.98 301.01 299.39 298.42 298.44 299.73 302.03 303.29 301.94 299.4 295.92 291.13 283.96 273.84 261.55 249.47 239.94 233.7
-9999 -9999 -9999 -9999 -9999 -9999 -9999 -9999 -9999 -9999 -9999 -9999 -9999 -9999 -9999 -9999 -9999 -9999 -9999 276.08 275.39 -9999 -9999 266.84 263.68 261.64 260.9 261.18 262.2 263.89 266.56 271.2 276.12 280.93 285.79 290.97 296.62 302.71 308.96 314.77 319.33 322.53 324.31 324.69 323.88 322.58 321.23 319.99 318.76 317.37 315.64 313.48 310.93 308.15 305.33 302.68 300.41 298.76 297.98 298.26 299.55 300.97 300.52 298.26 294.83 289.86 282.62 272.66 260.67 248.88 239.48 233.23
-9999 -9999 -9999 -9999 -9999 -9999 -9999 -9999 -9999 -9999 -9999 -9999 -9999 -9999 -9999 -9999 -9999 274.11 274.85 274.9 274.16 272.26 269.2 265.78 262.89 261.1 260.53 260.98 262.19 264.15 267.63 272.56 277.69 282.85 288.3 294.35 301.2 308.78 316.52 323.07 327.22 330.38 332.85 334.04 332.92 330.58 328.23 326.18 324.35 322.46 320.25 317.57 314.44 311.02 307.55 304.25 301.34 298.98 297.34 296.53 296.5 296.88 296.82 295.61 292.76 287.81 280.6 271.37 260.81 250.07 240.67 234.23
-9999 -9999 -9999 -9999 -9999 -9999 -9999 -9999 -9999 -9999 -9999 -9999 -9999 -9999 -9999 -9999 270.14 272.2 273.04 273.01 271.96 269.79 266.77 263.6 261.06 259.65 259.43 260.17 261.6 263.9 268.29 273.55 278.88 284.36 290.34 297.19 305.15 314.01 322.19 327.4 331.28 334.62 337.46 339.64 340.18 337.52 334.25 331.46 329.09 326.79 324.22 321.15 317.57 313.62 309.57 305.69 302.18 299.17 296.75 294.96 293.72 292.8 291.79 290.11 287.27 282.93 277.06 269.92 261.97 253.89 246.56 241.01
-9999 -9999 -9999 -9999 -9999 -9999 -9999 -9999 -9999 -9999 -9999 -9999 -9999 -9999 258.4 262.32 266.23 269.23 270.36 270.12 268.69 266.28 263.33 260.45 258.26 257.19 257.38 258.6 260.46 263.16 268.3 273.96 279.56 285.35 291.75 299.21 308 317.54 324.99 329.86 333.9 337.45 340.49 343 344.39 342.51 338.85 335.55 332.82 330.26 327.46 324.12 320.19 315.83 311.31 306.93 302.91 299.35 296.3 293.75 291.6 289.69 287.76 285.47 282.54 278.78 274.16 268.84 263.09 257.32 252.04 247.83
-9999 -9999 -9999 -9999 -9999 -9999 -9999 -9999 -9999 -9999 -9999 -9999 248.65 251.89 255.25 258.63 261.87 264.62 266.25 266.32 264.74 262.35 259.71 257.16 255.16 254.32 254.85 256.56 259.06 262.22 267.78 273.83 279.73 285.77 292.43 300.2 309.37 319.21 326.51 331.5 335.73 339.46 342.65 345.29 346.89 345.41 341.71 338.28 335.44 332.8 329.88 326.38 322.23 317.55 312.67 307.88 303.45 299.47 295.97 292.9 290.17 287.64 285.15 282.5 279.54 276.17 272.38 268.24 263.92 259.63 255.69 252.42
-9999 -9999 -9999 -9999 -9999 -9999 -9999 -9999 237.52 -9999 -9999 243.61 246.07 249.19 252.33 255.31 258.04 260.31 261.81 262.1 260.97 259.16 257.09 254.85 253.26 253 253.55 254.94 257.86 261.42 267.09 273.4 279.51 285.67 292.38 300.12 309.15 318.98 327.06 332.43 336.83 340.69 344 346.71 348.12 346.2 342.73 339.6 336.94 334.36 331.43 327.86 323.55 318.66 313.5 308.42 303.69 299.43 295.65 292.29 289.25 286.4 283.64 280.84 277.91 274.8 271.51 268.06 264.56 261.12 257.92 255.15
-9999 -9999 -9999 -9999 -9999 -9999 -9999 -9999 235.36 -9999 239.33 241.41 243.74 246.75 249.75 252.5 254.96 257.01 258.46 259.02 258.56 257.63 256.28 254.44 253.27 253.1 253.53 254.68 257.45 261.05 266.64 272.97 279.08 285.18 291.71 299.11 307.6 317.01 326.07 332.37 337.19 341.2 344.55 346.9 347.3 345.01 342.17 339.64 337.36 334.96 332.09 328.45 323.89 318.77 313.49 308.37 303.5 299.1 295.2 291.73 288.59 285.65 282.83 280.03 277.2 274.3 271.32 268.27 265.21 262.2 259.36 256.8
-9999 -9999 -9999 -9999 -9999 -9999 -9999 231.19 233.07 235.02 237.04 239.16 241.58 244.56 247.47 250.12 252.5 254.59 256.27 257.35 257.71 257.81 257.39 256.1 254.85 254.23 254.3 255.32 257.94 261.25 266.68 272.72 278.57 284.41 290.6 297.48 305.19 313.64 322.27 329.94 335.94 340.24 343.37 344.49 343.91 342.28 340.45 338.66 336.82 334.64 331.77 327.71 322.29 316.75 311.76 307.28 302.74 298.38 294.5 291.07 287.98 285.12 282.39 279.71 277.04 274.34 271.59 268.81 266.01 263.23 260.55 258.05
-9999 -9999 -9999 -9999 -9999 -9999 -9999 228.75 230.61 232.57 234.62 236.88 239.58 242.52 245.34 247.96 250.4 252.68 254.77 256.52 257.8 259.01 259.52 258.89 257.74 256.64 256.24 257.22 259.18 262.06 267.16 272.64 278.01 283.44 289.2 295.5 302.42 309.83 317.38 324.49 330.5 334.98 337.92 339.25 339.39 338.86 337.98 336.87 335.41 333.33 329.95 324.63 318.79 313.43 308.79 304.83 301.17 297.16 293.45 290.2 287.29 284.61 282.07 279.6 277.15 274.67 272.16 269.6 267 264.38 261.79 259.29
-9999 -9999 -9999 -9999 -9999 -9999 -9999 -9999 228.04 230.02 232.18 234.76 237.6 240.45 243.2 245.83 248.37 250.9 253.43 255.81 257.91 259.9 260.64 260.74 260.42 259.65 258.94 259.29 260.63 263.48 267.85 272.55 277.34 282.32 287.62 293.38 299.59 306.13 312.72 318.95 324.41 328.77 331.88 333.83 334.85 335.19 335.02 334.38 333.08 330.43 325.56 319.81 314.34 309.48 305.31 301.8 298.74 295.39 292.03 289.04 286.4 283.99 281.72 279.52 277.33 275.12 272.85 270.53 268.13 265.67 263.16 260.66
-9999 -9999 -9999 -9999 -9999 -9999 -9999 -9999 225.58 227.64 230.01 232.65 235.42 238.18 240.89 243.55 246.21 248.94 251.81 254.69 257.28 259.62 260.73 261.39 261.74 261.39 260.67 260.77 261.95 264.71 268.32 272.29 276.51 281.02 285.9 291.18 296.83 302.7 308.57 314.15 319.14 323.32 326.58 328.93 330.48 331.34 331.57 331.02 329.07 324.7 319.36 314.12 309.33 305.11 301.5 298.52 295.97 293.17 290.22 287.59 285.28 283.19 281.23 279.32 277.43 275.5 273.52 271.44 269.27 266.98 264.59 262.12
-9999 -9999 -9999 -9999 -9999 -9999 -9999 221.05 222.85 225 227.45 230.09 232.83 235.59 238.31 241.03 243.79 246.65 249.71 252.89 255.73 258.39 260.04 261.13 261.79 261.56 261.27 261.65 263.03 265.38 268.34 271.72 275.45 279.55 284.04 288.91 294.09 299.45 304.79 309.89 314.53 318.52 321.78 324.29 326.06 327.09 327.1 325.64 321.84 317.13 312.4 307.94 303.91 300.39 297.43 295.04 293.01 290.6 288.06 285.83 283.89 282.15 280.51 278.93 277.34 275.71 274.01 272.2 270.26 268.17 265.93 263.53
-9999 -9999 -9999 -9999 -9999 -9999 -9999 217.41 219.32 221.61 224.18 226.94 229.76 232.6 235.42 238.23 241.08 244.03 247.11 250.33 253.39 256.02 258.14 259.6 260.38 260.7 261.11 261.88 263.3 265.34 267.89 270.86 274.21 277.94 282.05 286.53 291.29 296.21 301.11 305.81 310.11 313.88 317.02 319.46 321.05 321.46 319.95 316.88 313.01 309 305.11 301.48 298.22 295.44 293.16 291.39 289.85 287.72 285.6 283.79 282.24 280.84 279.55 278.28 277.01 275.67 274.24 272.68 270.98 269.1 267.03 264.75
-9999 -9999 -9999 -9999 -9999 -9999 211.58 213.11 215.07 217.45 220.21 223.18 226.21 229.23 232.2 235.16 238.13 241.14 244.22 247.35 250.43 253.24 255.49 257.2 258.46 259.37 260.22 261.32 262.83 264.76 267.09 269.78 272.82 276.22 279.97 284.03 288.36 292.82 297.28 301.56 305.5 308.96 311.77 313.57 313.98 312.54 310.12 307.16 303.99 300.79 297.71 294.88 292.4 290.34 288.74 287.55 286.4 284.57 282.87 281.48 280.31 279.27 278.31 277.36 276.38 275.32 274.15 272.84 271.36 269.69 267.8 265.67
-9999 -9999 -9999 -9999 -9999 -9999 207.56 209.13 210.91 213 215.74 218.96 222.26 225.51 228.7 231.85 234.97 238.09 241.2 244.28 247.27 250.05 252.47 254.49 256.13 257.53 258.85 260.3 261.96 263.89 266.09 268.58 271.36 274.43 277.79 281.42 285.26 289.22 293.16 296.94 300.38 303.24 305.08 304.94 303.86 302.12 300 297.64 295.18 292.73 290.4 288.32 286.56 285.18 284.22 283.56 282.59 281.16 279.91 278.93 278.12 277.42 276.79 276.14 275.43 274.61 273.7 272.63 271.37 269.89 268.19 266.21
-9999 -9999 -9999 -9999 -9999 -9999 203.55 205.08 206.79 208.72 211.11 214.45 218.01 221.53 224.96 228.32 231.64 234.92 238.14 241.28 244.28 247.1 249.67 251.95 253.96 255.77 257.48 259.19 260.99 262.91 265.01 267.31 269.82 272.55 275.51 278.67 281.97 285.35 288.68 291.83 294.44 295.75 295.63 294.75 293.53 292.07 290.41 288.62 286.78 284.99 283.34 281.93 280.81 280.05 279.67 279.45 278.6 277.56 276.74 276.12 275.66 275.29 274.95 274.53 274.03 273.44 272.76 271.95 270.96 269.69 268.16 266.36
-9999 -9999 -9999 -9999 -9999 -9999 -9999 200.77 202.44 204.34 206.64 209.89 213.62 217.35 221.01 224.6 228.15 231.64 235.05 238.35 241.5 244.49 247.28 249.86 252.23 254.39 256.39 258.28 260.11 261.96 263.89 265.94 268.14 270.51 273.04 275.69 278.42 281.15 283.8 286.12 287.31 286.94 286.07 285.09 284.01 282.83 281.57 280.26 278.96 277.74 276.68 275.84 275.28 275.04 275.12 275.17 274.48 273.81 273.36 273.09 272.94 272.87 272.77 272.56 272.27 271.91 271.44 270.85 270.09 269.06 267.72 266.09
-9999 -9999 -9999 -9999 -9999 -9999 -9999 196.19 197.84 199.73 202.04 205.34 209.17 213.04 216.88 220.69 224.47 228.21 231.86 235.41 238.83 242.12 245.26 248.24 251.02 253.54 255.78 257.74 259.48 261.1 262.72 264.4 266.22 268.17 270.23 272.35 274.48 276.54 278.46 279.88 279.65 278.55 277.45 276.44 275.48 274.54 273.61 272.71 271.86 271.12 270.54 270.17 270.06 270.24 270.62 270.66 270.25 269.93 269.81 269.84 269.97 270.15 270.27 270.28 270.21 270.05 269.79 269.39 268.82 268.01 266.85 265.4
