raw_data/evaporacion/evapapr.txt
ncols         178
nrows         142
xllcorner     111.875
yllcorner     -44.625
cellsize      0.25
NODATA_value  -9999
[rows 32 to 63 of 142, columns 0 to 71 of 178]
-9999 -9999 -9999 -9999 -9999 -9999 -9999 -9999 -9999 -9999 -9999 -9999 -9999 -9999 -9999 -9999 -9999 -9999 -9999 -9999 -9999 -9999 -9999 -9999 -9999 -9999 -9999 -9999 -9999 -9999 -9999 -9999 -9999 -9999 -9999 -9999 -9999 -9999 -9999 -9999 -9999 213.39 212.98 213.09 214.36 216.26 -9999 220.43 222.8 225.56 228.77 232.25 235.68 238.68 241 242.56 243.48 243.96 244.21 244.34 244.35 244.04 243.18 241.78 239.87 237.5 234.82 232.16 229.72 227.59 225.79 224.34
-9999 -9999 -9999 -9999 -9999 -9999 -9999 -9999 -9999 -9999 -9999 -9999 -9999 -9999 -9999 -9999 -9999 -9999 -9999 -9999 -9999 -9999 -9999 -9999 -9999 -9999 -9999 -9999 -9999 -9999 -9999 -9999 -9999 -9999 -9999 -9999 -9999 -9999 -9999 -9999 -9999 215.97 215.47 215.22 215.75 217.83 220.29 222.71 225.23 228.05 231.23 234.64 237.99 240.93 243.21 244.81 245.85 246.57 247.2 247.83 248.27 248.02 246.81 245.28 243.55 241.31 238.3 235.11 232.23 229.82 227.87 226.37
-9999 -9999 -9999 -9999 -9999 -9999 -9999 -9999 -9999 -9999 -9999 -9999 -9999 -9999 -9999 -9999 -9999 -9999 -9999 -9999 -9999 -9999 -9999 -9999 -9999 -9999 -9999 -9999 -9999 -9999 -9999 -9999 -9999 -9999 -9999 -9999 -9999 -9999 -9999 -9999 -9999 219.13 218.61 218.27 218.44 220.21 222.84 225.44 228.04 230.84 233.94 237.24 240.45 243.25 245.45 247.02 248.13 249.05 250.03 251.04 251.34 250.36 248.91 247.36 245.75 243.93 241.33 237.77 234.41 231.64 229.49 227.89
-9999 -9999 -9999 -9999 -9999 -9999 -9999 -9999 -9999 -9999 -9999 -9999 -9999 -9999 -9999 -9999 -9999 -9999 -9999 -9999 -9999 -9999 -9999 -9999 -9999 -9999 -9999 -9999 -9999 -9999 -9999 -9999 -9999 -9999 -9999 -9999 -9999 -9999 -9999 -9999 -9999 -9999 222.2 221.85 221.94 223.57 226.19 228.79 231.33 234.02 236.96 240.06 243.06 245.66 247.69 249.16 250.25 251.28 252.48 253.63 253.31 252.01 250.52 248.94 247.3 245.62 243.47 239.8 236.03 232.91 230.5 228.76
-9999 -9999 -9999 -9999 -9999 -9999 -9999 -9999 -9999 -9999 -9999 -9999 -9999 -9999 -9999 -9999 -9999 -9999 -9999 -9999 -9999 -9999 -9999 -9999 -9999 -9999 -9999 -9999 -9999 -9999 -9999 -9999 -9999 -9999 -9999 -9999 -9999 -9999 -9999 -9999 -9999 226.83 226.32 225.98 226.2 228.01 230.47 232.84 235.16 237.63 240.32 243.14 245.85 248.16 249.94 251.21 252.18 253.15 254.38 255.53 254.89 253.47 251.93 250.31 248.61 246.87 244.73 241.05 236.93 233.42 230.69 228.74
-9999 -9999 -9999 -9999 -9999 -9999 -9999 -9999 -9999 -9999 -9999 -9999 -9999 -9999 -9999 -9999 -9999 -9999 -9999 -9999 -9999 -9999 -9999 -9999 -9999 -9999 -9999 -9999 -9999 -9999 -9999 -9999 -9999 -9999 -9999 -9999 -9999 -9999 -9999 -9999 232.13 231.51 231.05 230.96 231.72 233.59 235.65 237.61 239.59 241.72 244.06 246.5 248.82 250.77 252.21 253.19 253.91 254.68 255.73 256.8 256.29 254.87 253.26 251.58 249.82 247.96 245.59 241.59 237 232.95 229.72 227.4
-9999 -9999 -9999 -9999 -9999 -9999 -9999 -9999 -9999 -9999 -9999 -9999 -9999 -9999 -9999 -9999 -9999 -9999 -9999 -9999 -9999 -9999 -9999 -9999 -9999 -9999 -9999 -9999 -9999 -9999 -9999 -9999 -9999 -9999 -9999 -9999 -9999 -9999 -9999 239.19 237.82 237.17 236.93 237.49 238.64 240.11 241.61 243.07 244.59 246.29 248.18 250.16 252 253.48 254.51 255.12 255.5 255.95 256.7 257.65 257.7 256.38 254.72 252.98 251.14 249.07 246.26 241.6 236.21 231.24 227.13 224.15
-9999 -9999 -9999 -9999 -9999 -9999 -9999 -9999 -9999 -9999 -9999 -9999 -9999 -9999 -9999 -9999 -9999 -9999 -9999 -9999 -9999 -9999 -9999 -9999 -9999 -9999 -9999 -9999 -9999 -9999 -9999 -9999 -9999 -9999 -9999 -9999 -9999 -9999 -9999 246.8 245.73 245.17 245.11 245.57 246.36 247.26 248.18 249.12 250.15 251.35 252.7 254.11 255.38 256.32 256.86 257.04 257.04 257.13 257.57 258.45 259.18 258.15 256.5 254.7 252.7 250.28 246.83 241.32 234.63 228.12 222.52 218.45
-9999 -9999 -9999 -9999 -9999 -9999 -9999 -9999 -9999 -9999 -9999 -9999 -9999 -9999 -9999 -9999 -9999 -9999 -9999 -9999 -9999 -9999 -9999 -9999 -9999 -9999 -9999 -9999 -9999 -9999 -9999 -9999 -9999 -9999 -9999 -9999 -9999 -9999 255.19 254.53 254.02 253.74 253.75 253.99 254.37 254.79 255.22 255.67 256.2 256.84 257.6 258.35 258.97 259.29 259.28 258.99 258.6 258.38 258.59 259.42 260.48 260.11 258.55 256.66 254.43 251.53 247.3 240.89 232.47 223.88 216.45 211.12
-9999 -9999 -9999 -9999 -9999 -9999 -9999 -9999 -9999 -9999 -9999 -9999 -9999 -9999 -9999 -9999 -9999 -9999 -9999 -9999 -9999 -9999 -9999 -9999 -9999 -9999 -9999 -9999 -9999 -9999 -9999 -9999 -9999 -9999 -9999 -9999 -9999 261.8 261.91 261.97 262.02 262.1 262.21 262.35 262.48 262.56 262.6 262.61 262.64 262.71 262.8 262.85 262.73 262.38 261.78 260.99 260.22 259.74 259.85 260.77 262.15 262.12 260.58 258.6 256.11 252.69 247.64 240.22 230.52 220.43 212.23 206.85
-9999 -9999 -9999 -9999 -9999 -9999 -9999 -9999 -9999 -9999 -9999 -9999 -9999 -9999 -9999 -9999 -9999 -9999 -9999 -9999 -9999 -9999 -9999 -9999 -9999 -9999 -9999 -9999 -9999 -9999 -9999 -9999 -9999 -9999 -9999 265.48 266.49 267.47 268.37 269.15 269.79 270.26 270.56 270.69 270.65 270.47 270.18 269.8 269.35 268.84 268.24 267.53 266.65 265.58 264.34 263.05 261.89 261.16 261.21 262.29 263.95 263.83 262.25 260.17 257.39 253.61 247.93 239.76 229.47 219.04 210.75 205.43
-9999 -9999 -9999 -9999 -9999 -9999 -9999 -9999 -9999 -9999 -9999 -9999 -9999 -9999 -9999 -9999 -9999 -9999 -9999 -9999 -9999 -9999 -9999 -9999 -9999 -9999 -9999 -9999 -9999 260.7 -9999 262.64 264.18 265.79 267.48 269.25 271.08 272.93 274.7 276.29 277.58 278.5 279 279.12 278.92 278.48 277.86 277.08 276.16 275.07 273.8 272.33 270.67 268.85 266.96 265.12 263.54 262.53 262.43 263.53 265.3 265.01 263.32 260.9 257.87 253.89 248.02 239.4 228.79 218.24 209.94 204.79
-9999 -9999 -9999 -9999 -9999 -9999 -9999 -9999 -9999 -9999 -9999 -9999 -9999 -9999 -9999 -9999 -9999 -9999 -9999 -9999 -9999 -9999 -9999 -9999 -9999 -9999 -9999 -9999 260.53 260.82 261.63 263.4 265.53 267.79 270.18 272.75 275.49 278.33 281.13 283.68 285.75 287.17 287.85 287.87 287.39 286.55 285.51 284.29 282.88 281.24 279.32 277.13 274.71 272.16 269.59 267.18 265.13 263.72 263.29 264.12 265.73 265.59 263.82 261.21 258.02 253.87 247.81 238.98 228.23 217.67 209.41 204.36
-9999 -9999 -9999 -9999 -9999 -9999 -9999 -9999 -9999 -9999 -9999 -9999 -9999 -9999 -9999 -9999 -9999 -9999 -9999 -9999 -9999 -9999 -9999 -9999 264.66 261.75 260.2 259.65 259.75 260.32 261.49 263.82 266.57 269.48 272.6 276.03 279.8 283.83 287.89 291.63 294.64 296.6 297.39 297.13 296.11 294.67 293.02 291.25 289.34 287.17 284.68 281.83 278.71 275.45 272.23 269.22 266.63 264.71 263.74 263.95 265.1 265.51 263.84 261.28 258 253.67 247.33 238.46 227.75 217.3 209.19 204.07
-9999 -9999 -9999 -9999 -9999 -9999 -9999 -9999 -9999 -9999 -9999 -9999 -9999 -9999 -9999 -9999 -9999 -9999 -9999 282.96 281.08 -9999 -9999 266.97 262.28 259.22 257.73 257.37 257.76 258.71 260.53 263.73 267.23 270.83 274.73 279.1 284.03 289.45 295.03 300.13 303.96 306.38 307.33 306.82 305.05 302.71 300.25 297.83 295.37 292.72 289.72 286.32 282.59 278.68 274.82 271.21 268.05 265.54 263.88 263.24 263.54 264.06 263.14 260.8 257.56 253.07 246.68 237.96 227.51 217.3 209.28 204.15
-9999 -9999 -9999 -9999 -9999 -9999 -9999 -9999 -9999 -9999 -9999 -9999 -9999 -9999 -9999 -9999 -9999 282.18 282.19 281.11 278.77 274.68 268.9 262.73 257.6 254.35 252.95 252.9 253.7 255.3 258.51 262.93 267.38 271.79 276.52 281.88 288.06 294.98 302.04 307.9 311.36 313.78 315.43 315.75 313.71 310.4 306.99 303.82 300.82 297.73 294.32 290.48 286.24 281.78 277.34 273.16 269.43 266.3 263.92 262.35 261.56 261.21 260.6 259.13 256.36 251.88 245.54 237.5 228.31 219 210.92 205.57
-9999 -9999 -9999 -9999 -9999 -9999 -9999 -9999 -9999 -9999 -9999 -9999 -9999 -9999 -9999 -9999 277.71 279.68 279.64 278.12 274.82 269.55 262.78 255.77 250.03 246.48 245.22 245.66 247.09 249.61 255.12 261.28 266.94 272.29 277.87 284.18 291.55 299.76 307.29 311.87 315.08 317.7 319.77 321.09 320.73 317.13 312.86 309.01 305.52 302.09 298.38 294.22 289.58 284.67 279.73 275.03 270.78 267.09 264.04 261.65 259.84 258.42 257.01 255.15 252.4 248.46 243.28 237.06 230.17 223.2 216.95 212.36
-9999 -9999 -9999 -9999 -9999 -9999 -9999 -9999 -9999 -9999 -9999 -9999 -9999 -9999 262.51 267.37 272.25 275.64 275.86 273.64 269.13 262.61 254.8 246.86 240.15 235.93 234.85 236.25 238.77 242.46 250.66 258.9 265.95 272.3 278.67 285.78 294.04 302.98 309.83 314.1 317.5 320.36 322.65 324.33 324.84 322.05 317.44 313.13 309.34 305.69 301.81 297.43 292.53 287.26 281.92 276.79 272.09 267.93 264.34 261.3 258.73 256.48 254.32 251.95 249.13 245.69 241.59 236.94 231.98 227.04 222.61 219.21
-9999 -9999 -9999 -9999 -9999 -9999 -9999 -9999 -9999 -9999 -9999 -9999 251.36 254.85 258.6 262.51 266.3 269.28 270.22 268.18 262.9 255.7 247.36 238.42 230.29 225.22 224.18 226.58 230.86 235.94 246.1 256.26 264.68 271.91 278.89 286.47 295.2 304.48 311.2 315.62 319.24 322.3 324.77 326.62 327.38 325.02 320.4 316.01 312.16 308.47 304.53 300.06 294.98 289.47 283.82 278.35 273.3 268.78 264.8 261.33 258.27 255.5 252.86 250.19 247.35 244.24 240.84 237.22 233.49 229.86 226.6 224.01
-9999 -9999 -9999 -9999 -9999 -9999 -9999 -9999 239.58 -9999 -9999 245.99 248.57 251.82 255.18 258.46 261.5 263.89 264.84 263.28 258.54 251.89 243.68 233.9 225.64 221.58 219.74 220.22 225.57 231.85 242.76 254.16 263.52 271.33 278.6 286.26 294.91 304.21 311.74 316.54 320.36 323.59 326.21 328.16 328.76 326.01 321.67 317.61 313.97 310.41 306.51 302.02 296.85 291.19 285.33 279.62 274.32 269.56 265.36 261.64 258.32 255.28 252.41 249.61 246.79 243.89 240.91 237.87 234.84 231.93 229.3 227.13
-9999 -9999 -9999 -9999 -9999 -9999 -9999 -9999 237.3 -9999 241.53 243.71 246.14 249.25 252.41 255.42 258.26 260.69 262.18 261.73 258.41 253.25 245.98 236.28 228.56 224.07 221.22 220.41 224.84 230.99 241.72 253.33 262.9 270.77 277.95 285.32 293.46 302.36 310.86 316.61 320.87 324.27 326.95 328.58 328.23 325.15 321.47 318.06 314.84 311.51 307.73 303.22 297.89 292.06 286.15 280.43 275.05 270.19 265.89 262.09 258.68 255.56 252.64 249.83 247.08 244.35 241.61 238.89 236.22 233.67 231.32 229.29
-9999 -9999 -9999 -9999 -9999 -9999 -9999 232.86 234.91 237.03 239.2 241.44 243.99 247.09 250.2 253.24 256.32 259.41 262.2 263.73 262.41 259.69 254.76 246.32 237.7 231.03 226.5 224.9 228.53 233.4 243.38 254.09 263 270.4 277.14 283.95 291.31 299.26 307.34 314.45 319.89 323.59 326.09 326.56 325.27 322.89 320.24 317.6 314.88 311.81 308.1 303.29 297.24 291.1 285.49 280.41 275.35 270.56 266.29 262.53 259.18 256.12 253.28 250.56 247.93 245.35 242.79 240.27 237.79 235.39 233.14 231.12
-9999 -9999 -9999 -9999 -9999 -9999 -9999 230.29 232.36 234.52 236.76 239.19 242.06 245.2 248.34 251.58 255.13 259.2 263.71 267.54 268.65 269.22 267.13 260.61 252 243.24 236.71 234.77 235.76 238.68 247.25 256.15 263.72 270.25 276.31 282.43 288.94 295.85 302.87 309.44 314.9 318.81 321.15 321.85 321.32 320.05 318.4 316.47 314.18 311.28 307.18 301.3 294.93 289.02 283.78 279.23 275.01 270.56 266.47 262.87 259.68 256.78 254.1 251.55 249.09 246.68 244.3 241.93 239.59 237.28 235.06 232.97
-9999 -9999 -9999 -9999 -9999 -9999 -9999 -9999 229.62 231.85 234.27 237.11 240.19 243.34 246.55 250.02 254.07 259.07 265.11 270.87 274.46 277.4 275.75 271.63 265.8 258.08 250.19 245.77 244.16 246.28 252.29 258.78 264.73 270.2 275.49 280.92 286.67 292.69 298.75 304.46 309.39 313.21 315.75 317.09 317.46 317.1 316.19 314.78 312.73 309.39 304 297.78 291.81 286.41 281.66 277.57 273.95 270.13 266.36 263.02 260.07 257.4 254.94 252.61 250.36 248.15 245.96 243.76 241.55 239.34 237.13 234.97
-9999 -9999 -9999 -9999 -9999 -9999 -9999 -9999 226.82 229.24 231.98 235 238.14 241.32 244.61 248.25 252.62 258.19 265.2 272.49 277.47 281.34 280.7 278.37 274.81 268.44 260.36 254.82 252.12 253.36 256.91 261.21 265.65 270.1 274.67 279.48 284.6 289.93 295.28 300.34 304.82 308.48 311.19 312.97 313.9 314.11 313.64 312.41 309.83 305 299.24 293.54 288.24 283.46 279.29 275.72 272.62 269.33 265.94 262.92 260.26 257.87 255.66 253.58 251.57 249.59 247.61 245.6 243.54 241.43 239.27 237.07
-9999 -9999 -9999 -9999 -9999 -9999 -9999 221.39 223.56 226.2 229.21 232.41 235.68 238.98 242.37 246.11 250.56 256.18 263.36 271.46 277.24 281.98 283.02 281.98 279.28 273.11 266.43 261.5 258.66 258.51 260.23 262.96 266.24 269.86 273.8 278.08 282.68 287.48 292.29 296.89 301.03 304.53 307.29 309.25 310.45 310.88 310.3 308.3 304.1 299.01 293.85 288.91 284.34 280.25 276.71 273.73 271.13 268.21 265.2 262.53 260.2 258.11 256.18 254.36 252.61 250.86 249.1 247.28 245.39 243.41 241.32 239.12
-9999 -9999 -9999 -9999 -9999 -9999 -9999 216.82 219.21 222.19 225.58 229.15 232.73 236.26 239.81 243.59 247.93 253.2 259.7 267.27 274.06 278.55 280.98 280.96 278.4 273.97 269.38 264.93 262.11 261.32 262.1 263.93 266.44 269.44 272.87 276.68 280.82 285.16 289.54 293.75 297.59 300.9 303.57 305.52 306.62 306.55 304.65 301.24 297.02 292.6 288.22 284.06 280.24 276.86 273.97 271.6 269.48 266.8 264.16 261.86 259.86 258.07 256.43 254.89 253.38 251.87 250.32 248.7 246.98 245.13 243.14 240.99
-9999 -9999 -9999 -9999 -9999 -9999 209.87 211.58 214.09 217.31 221.17 225.28 229.33 233.22 236.99 240.81 244.96 249.7 255.22 261.48 267.9 273.21 275.93 276.49 275.26 272.26 268.39 265.02 262.95 262.31 262.85 264.27 266.33 268.89 271.88 275.25 278.94 282.83 286.78 290.6 294.11 297.17 299.58 301 301.09 299.39 296.69 293.4 289.83 286.17 282.57 279.16 276.07 273.37 271.13 269.32 267.54 265.11 262.84 260.91 259.24 257.75 256.4 255.12 253.86 252.57 251.22 249.78 248.22 246.51 244.64 242.56
-9999 -9999 -9999 -9999 -9999 -9999 206 207.81 209.94 212.55 216.38 221.04 225.65 229.97 234.01 237.93 241.92 246.17 250.81 255.77 260.76 265.16 268.11 269.36 268.99 267.37 265.26 263.48 262.45 262.3 262.94 264.23 266.02 268.24 270.84 273.78 277 280.41 283.87 287.24 290.33 292.87 294.44 294.17 292.94 290.98 288.56 285.83 282.91 279.94 277.04 274.33 271.91 269.86 268.22 266.89 265.25 263.15 261.27 259.68 258.32 257.13 256.06 255.03 253.98 252.89 251.74 250.49 249.09 247.52 245.76 243.78
-9999 -9999 -9999 -9999 -9999 -9999 202.88 204.67 206.67 208.93 211.98 216.86 221.98 226.71 231.04 235.08 239 242.94 246.95 251 254.9 258.35 260.98 262.54 263.05 262.79 262.21 261.71 261.58 261.92 262.73 263.97 265.57 267.49 269.71 272.21 274.93 277.81 280.74 283.56 285.93 287.12 286.98 286.05 284.69 282.98 280.99 278.78 276.44 274.08 271.8 269.71 267.89 266.4 265.29 264.34 262.75 260.98 259.46 258.19 257.12 256.21 255.38 254.53 253.64 252.72 251.76 250.71 249.53 248.12 246.48 244.61
-9999 -9999 -9999 -9999 -9999 -9999 -9999 201.7 203.66 205.86 208.65 213.27 218.62 223.65 228.19 232.37 236.31 240.09 243.77 247.32 250.64 253.59 256.01 257.8 258.96 259.64 260.04 260.38 260.83 261.48 262.38 263.53 264.92 266.55 268.4 270.45 272.66 274.98 277.31 279.43 280.57 280.31 279.5 278.48 277.25 275.81 274.18 272.41 270.56 268.72 266.98 265.4 264.08 263.06 262.35 261.61 260.1 258.62 257.41 256.43 255.64 254.97 254.34 253.64 252.93 252.18 251.39 250.51 249.52 248.3 246.8 245.05
-9999 -9999 -9999 -9999 -9999 -9999 -9999 198.9 200.83 203.01 205.8 210.43 215.84 220.95 225.59 229.86 233.84 237.59 241.15 244.5 247.6 250.4 252.84 254.89 256.54 257.83 258.82 259.62 260.34 261.07 261.88 262.84 263.97 265.28 266.75 268.35 270.06 271.81 273.53 274.89 274.82 273.92 272.92 271.88 270.77 269.55 268.24 266.84 265.41 264 262.67 261.51 260.57 259.91 259.44 258.6 257.28 256.1 255.16 254.42 253.86 253.4 252.95 252.43 251.88 251.31 250.67 249.95 249.11 248.06 246.71 245.1
