raw_data/evaporacion/evapjun.txt
ncols         178
nrows         142
xllcorner     111.875
yllcorner     -44.625
cellsize      0.25
NODATA_value  -9999
[rows 34 to 67 of 142, columns 0 to 75 of 178]
-9999 -9999 -9999 -9999 -9999 -9999 -9999 -9999 -9999 -9999 -9999 -9999 -9999 -9999 -9999 -9999 -9999 -9999 -9999 -9999 -9999 -9999 -9999 -9999 -9999 -9999 -9999 -9999 -9999 -9999 -9999 -9999 -9999 -9999 -9999 -9999 -9999 -9999 -9999 -9999 -9999 179.94 179.95 179.97 180.09 180.69 181.48 182.11 182.59 182.97 183.31 183.62 183.87 184.03 184.09 184.09 184.14 184.34 184.8 185.43 185.69 185.18 184.39 183.55 182.69 181.67 180.13 177.91 175.8 174.04 172.66 171.64 170.96 170.67 170.81 171.4
-9999 -9999 -9999 -9999 -9999 -9999 -9999 -9999 -9999 -9999 -9999 -9999 -9999 -9999 -9999 -9999 -9999 -9999 -9999 -9999 -9999 -9999 -9999 -9999 -9999 -9999 -9999 -9999 -9999 -9999 -9999 -9999 -9999 -9999 -9999 -9999 -9999 -9999 -9999 -9999 -9999 -9999 180.31 180.32 180.42 180.96 181.72 182.34 182.77 183.08 183.33 183.52 183.64 183.66 183.6 183.51 183.5 183.72 184.25 184.9 184.66 183.84 182.92 181.97 180.97 179.94 178.58 176.18 173.68 171.58 169.93 168.73 167.96 167.66 167.89 168.65
-9999 -9999 -9999 -9999 -9999 -9999 -9999 -9999 -9999 -9999 -9999 -9999 -9999 -9999 -9999 -9999 -9999 -9999 -9999 -9999 -9999 -9999 -9999 -9999 -9999 -9999 -9999 -9999 -9999 -9999 -9999 -9999 -9999 -9999 -9999 -9999 -9999 -9999 -9999 -9999 -9999 180.78 180.79 180.81 180.95 181.55 182.25 182.77 183.1 183.31 183.43 183.48 183.45 183.32 183.12 182.9 182.79 182.93 183.43 184.01 183.49 182.51 181.48 180.4 179.27 178.1 176.64 174.12 171.26 168.78 166.81 165.37 164.48 164.19 164.54 165.53
-9999 -9999 -9999 -9999 -9999 -9999 -9999 -9999 -9999 -9999 -9999 -9999 -9999 -9999 -9999 -9999 -9999 -9999 -9999 -9999 -9999 -9999 -9999 -9999 -9999 -9999 -9999 -9999 -9999 -9999 -9999 -9999 -9999 -9999 -9999 -9999 -9999 -9999 -9999 -9999 181.38 181.39 181.43 181.53 181.86 182.48 183.04 183.4 183.6 183.66 183.63 183.52 183.32 183.02 182.64 182.26 181.99 181.97 182.33 182.81 182.33 181.27 180.13 178.94 177.68 176.35 174.63 171.76 168.46 165.48 163.04 161.24 160.18 159.93 160.5 161.85
-9999 -9999 -9999 -9999 -9999 -9999 -9999 -9999 -9999 -9999 -9999 -9999 -9999 -9999 -9999 -9999 -9999 -9999 -9999 -9999 -9999 -9999 -9999 -9999 -9999 -9999 -9999 -9999 -9999 -9999 -9999 -9999 -9999 -9999 -9999 -9999 -9999 -9999 -9999 182.51 182.27 182.27 182.38 182.72 183.19 183.68 184.03 184.22 184.25 184.15 183.95 183.65 183.25 182.74 182.17 181.59 181.13 180.91 181.05 181.45 181.3 180.28 179.04 177.74 176.37 174.81 172.69 169.23 165.22 161.45 158.25 155.88 154.55 154.38 155.35 157.28
-9999 -9999 -9999 -9999 -9999 -9999 -9999 -9999 -9999 -9999 -9999 -9999 -9999 -9999 -9999 -9999 -9999 -9999 -9999 -9999 -9999 -9999 -9999 -9999 -9999 -9999 -9999 -9999 -9999 -9999 -9999 -9999 -9999 -9999 -9999 -9999 -9999 -9999 -9999 183.98 183.85 183.89 184.07 184.39 184.74 185.02 185.18 185.19 185.05 184.77 184.37 183.86 183.24 182.51 181.72 180.94 180.26 179.84 179.79 180.14 180.46 179.61 178.33 176.95 175.41 173.53 170.86 166.65 161.55 156.51 152.1 148.82 147.07 147.06 148.68 151.54
-9999 -9999 -9999 -9999 -9999 -9999 -9999 -9999 -9999 -9999 -9999 -9999 -9999 -9999 -9999 -9999 -9999 -9999 -9999 -9999 -9999 -9999 -9999 -9999 -9999 -9999 -9999 -9999 -9999 -9999 -9999 -9999 -9999 -9999 -9999 -9999 -9999 -9999 185.38 185.4 185.48 185.62 185.84 186.08 186.3 186.43 186.43 186.28 185.96 185.5 184.89 184.15 183.28 182.32 181.3 180.31 179.44 178.85 178.69 179.04 179.61 179.2 177.96 176.48 174.72 172.43 169.11 164.11 157.59 150.87 144.99 140.69 138.47 138.46 140.55 144.56
-9999 -9999 -9999 -9999 -9999 -9999 -9999 -9999 -9999 -9999 -9999 -9999 -9999 -9999 -9999 -9999 -9999 -9999 -9999 -9999 -9999 -9999 -9999 -9999 -9999 -9999 -9999 -9999 -9999 -9999 -9999 -9999 -9999 -9999 -9999 -9999 -9999 186.03 186.31 186.6 186.9 187.18 187.45 187.68 187.82 187.85 187.73 187.44 186.98 186.33 185.5 184.51 183.39 182.17 180.92 179.71 178.68 177.97 177.79 178.25 179.08 178.91 177.67 176.09 174.11 171.39 167.4 161.57 153.97 146.04 139.54 135.18 132.78 131.96 132.85 137.08
-9999 -9999 -9999 -9999 -9999 -9999 -9999 -9999 -9999 -9999 -9999 -9999 -9999 -9999 -9999 -9999 -9999 -9999 -9999 -9999 -9999 -9999 -9999 -9999 -9999 -9999 -9999 -9999 -9999 -9999 -9999 -9999 -9999 -9999 -9999 185.43 185.88 186.44 187.03 187.61 188.14 188.59 188.95 189.19 189.3 189.26 189.05 188.65 188.04 187.21 186.17 184.93 183.54 182.05 180.55 179.14 177.94 177.15 176.98 177.59 178.66 178.43 177.16 175.49 173.26 170.25 165.74 159.3 151.22 143 136.4 132.06 129.66 128.68 128.9 131.15
-9999 -9999 -9999 -9999 -9999 -9999 -9999 -9999 -9999 -9999 -9999 -9999 -9999 -9999 -9999 -9999 -9999 -9999 -9999 -9999 -9999 -9999 -9999 -9999 -9999 -9999 -9999 -9999 -9999 191.23 -9999 187.9 185.88 184.84 184.64 185.02 185.76 186.66 187.6 188.51 189.31 189.95 190.41 190.68 190.76 190.65 190.35 189.85 189.1 188.11 186.86 185.37 183.71 181.95 180.2 178.56 177.19 176.28 176.06 176.74 177.91 177.57 176.22 174.28 171.85 168.67 164.01 157.21 148.86 140.54 133.92 129.69 127.37 126.33 126.33 127.9
-9999 -9999 -9999 -9999 -9999 -9999 -9999 -9999 -9999 -9999 -9999 -9999 -9999 -9999 -9999 -9999 -9999 -9999 -9999 -9999 -9999 -9999 -9999 -9999 -9999 -9999 -9999 -9999 188.51 189.02 188.99 186.77 184.71 183.71 183.68 184.35 185.44 186.75 188.12 189.42 190.54 191.4 191.96 192.23 192.24 192.03 191.61 190.98 190.11 188.96 187.51 185.79 183.87 181.84 179.83 177.95 176.37 175.27 174.88 175.4 176.48 176.27 174.86 172.78 170.23 166.91 162.09 155.13 146.67 138.33 131.74 127.58 125.28 124.2 124.12 125.57
-9999 -9999 -9999 -9999 -9999 -9999 -9999 -9999 -9999 -9999 -9999 -9999 -9999 -9999 -9999 -9999 -9999 -9999 -9999 -9999 -9999 -9999 -9999 -9999 183.94 183.73 183.91 184.44 185.16 185.88 186.18 184.4 182.69 182.03 182.35 183.41 184.96 186.77 188.67 190.46 191.98 193.08 193.73 193.93 193.79 193.39 192.79 192.01 190.99 189.69 188.08 186.15 183.99 181.71 179.43 177.29 175.45 174.07 173.36 173.48 174.26 174.46 173.13 171.1 168.48 165.03 160.01 153.02 144.59 136.34 129.85 125.65 123.32 122.25 122.24 123.9
-9999 -9999 -9999 -9999 -9999 -9999 -9999 -9999 -9999 -9999 -9999 -9999 -9999 -9999 -9999 -9999 -9999 -9999 -9999 184.85 184.79 -9999 -9999 180.21 178.94 178.56 178.84 179.53 180.43 181.38 181.92 180.72 179.8 179.79 180.67 182.25 184.34 186.76 189.29 191.65 193.53 194.86 195.61 195.77 195.39 194.71 193.86 192.87 191.7 190.26 188.5 186.4 184.03 181.5 178.97 176.56 174.44 172.72 171.58 171.13 171.32 171.63 170.85 168.99 166.41 162.86 157.8 150.94 142.72 134.66 128.25 124.03 121.66 120.65 121.11 123.84
-9999 -9999 -9999 -9999 -9999 -9999 -9999 -9999 -9999 -9999 -9999 -9999 -9999 -9999 -9999 -9999 -9999 179.76 180.85 181.14 180.57 178.91 176.31 173.62 171.69 170.96 171.25 172.18 173.43 174.8 175.72 175.82 176.15 177.07 178.66 180.85 183.57 186.65 189.82 192.53 194.35 195.74 196.8 197.31 196.87 195.87 194.71 193.49 192.16 190.6 188.72 186.48 183.93 181.19 178.41 175.75 173.33 171.27 169.67 168.59 168.02 167.72 167.18 165.97 163.76 160.23 155.26 148.95 141.72 134.35 127.88 123.5 121.14 120.45 122.4 126.31
-9999 -9999 -9999 -9999 -9999 -9999 -9999 -9999 -9999 -9999 -9999 -9999 -9999 -9999 -9999 -9999 172.62 175.61 176.6 176.37 174.85 172.01 168.27 164.57 161.9 160.74 160.98 162.18 163.88 165.89 168.15 170.12 171.99 174 176.37 179.2 182.53 186.22 189.66 192.01 193.81 195.35 196.61 197.52 197.73 196.66 195.22 193.78 192.3 190.64 188.68 186.34 183.65 180.72 177.73 174.82 172.13 169.74 167.72 166.1 164.83 163.78 162.69 161.23 159.05 155.96 151.9 147 141.56 136 130.96 127.17 125.06 124.75 126.32 129.2
-9999 -9999 -9999 -9999 -9999 -9999 -9999 -9999 -9999 -9999 -9999 -9999 -9999 -9999 152.95 159.25 165.31 169.68 170.91 169.93 167.17 163.05 158.27 153.8 150.51 148.93 149.15 150.71 152.9 155.62 160.02 164.14 167.6 170.72 173.84 177.25 181.1 185.18 188.49 190.81 192.77 194.45 195.85 196.94 197.5 196.75 195.22 193.63 192.06 190.34 188.32 185.91 183.11 180.04 176.85 173.73 170.81 168.15 165.8 163.76 161.98 160.37 158.75 156.95 154.76 152.08 148.87 145.2 141.26 137.3 133.7 130.85 129.12 128.66 129.41 131.05
-9999 -9999 -9999 -9999 -9999 -9999 -9999 -9999 -9999 -9999 -9999 -9999 135.93 141.55 147.19 152.52 157.3 161 162.61 161.55 157.89 153.11 148.1 143.42 139.73 137.86 138.06 139.94 142.76 146.15 152.36 158.41 163.3 167.37 171.11 174.95 179.13 183.48 186.85 189.32 191.43 193.26 194.77 195.97 196.65 196.08 194.56 192.95 191.37 189.64 187.6 185.15 182.27 179.07 175.72 172.42 169.31 166.45 163.88 161.56 159.46 157.5 155.58 153.59 151.43 149.04 146.4 143.55 140.59 137.68 135.01 132.84 131.36 130.69 130.83 131.62
-9999 -9999 -9999 -9999 -9999 -9999 -9999 -9999 121.43 -9999 -9999 128.23 131.61 136.89 142.1 146.61 150.29 152.81 153.66 152.22 148.68 144.52 140.2 135.74 132.38 131.12 131 131.99 135.14 139.02 146.09 153.44 159.36 164.09 168.24 172.31 176.62 181.09 184.85 187.55 189.81 191.76 193.38 194.65 195.3 194.61 193.2 191.72 190.21 188.51 186.48 183.99 181.04 177.74 174.26 170.82 167.57 164.58 161.87 159.41 157.15 155.03 152.98 150.94 148.84 146.65 144.36 142.01 139.63 137.32 135.19 133.38 132.01 131.18 130.91 131.14
-9999 -9999 -9999 -9999 -9999 -9999 -9999 -9999 119.53 -9999 123.46 125.59 128.39 133.24 137.97 141.83 144.68 146.36 146.48 144.77 141.98 139.19 135.98 132.08 129.28 127.99 127.49 127.92 130.62 134.43 141.71 149.6 155.97 160.98 165.28 169.39 173.63 178.06 182.27 185.4 187.89 189.96 191.65 192.84 193.17 192.37 191.2 189.94 188.57 186.93 184.9 182.36 179.29 175.87 172.33 168.84 165.51 162.45 159.69 157.2 154.91 152.76 150.71 148.7 146.7 144.68 142.63 140.57 138.52 136.53 134.67 133.03 131.69 130.72 130.15 130
-9999 -9999 -9999 -9999 -9999 -9999 -9999 116.16 117.8 119.52 121.32 123.29 126.13 130.64 134.84 138.11 140.38 141.53 141.34 139.83 138.4 137.22 135.39 132.31 129.35 127.28 126.13 126.25 128.62 131.96 139.27 146.98 153.18 158.1 162.31 166.29 170.34 174.51 178.66 182.36 185.34 187.57 189.24 190.03 190.04 189.49 188.68 187.69 186.46 184.88 182.82 180.08 176.63 173.03 169.58 166.3 163.06 160.02 157.29 154.84 152.61 150.54 148.58 146.68 144.81 142.95 141.09 139.23 137.39 135.58 133.86 132.28 130.9 129.79 129 128.54
-9999 -9999 -9999 -9999 -9999 -9999 -9999 114.87 116.28 117.8 119.44 121.55 124.92 128.95 132.49 135.2 137.03 137.9 137.73 136.88 136.96 137.39 136.88 134.74 131.85 128.97 127.07 127.11 128.44 131.3 138.4 145.32 150.87 155.39 159.34 163.11 166.9 170.77 174.6 178.17 181.22 183.58 185.22 186.11 186.39 186.25 185.78 185.01 183.89 182.31 179.99 176.71 173.08 169.55 166.23 163.13 160.17 157.26 154.63 152.3 150.2 148.27 146.46 144.72 143.02 141.34 139.66 137.98 136.3 134.62 132.99 131.42 129.99 128.74 127.73 127
-9999 -9999 -9999 -9999 -9999 -9999 -9999 -9999 115.38 116.71 118.38 121.11 124.47 127.79 130.62 132.8 134.28 135.02 135.05 134.99 136.18 137.59 137.33 136.16 134.37 131.91 129.52 128.56 129.06 132.53 138.54 144.15 148.8 152.76 156.36 159.87 163.42 167.02 170.56 173.87 176.78 179.13 180.87 182.01 182.61 182.78 182.54 181.92 180.82 178.95 175.99 172.51 169.03 165.7 162.56 159.63 156.87 154.19 151.75 149.59 147.67 145.93 144.3 142.76 141.26 139.77 138.29 136.78 135.26 133.71 132.15 130.6 129.11 127.72 126.5 125.5
-9999 -9999 -9999 -9999 -9999 -9999 -9999 -9999 116.14 117.37 119.21 121.63 124.27 126.78 128.95 130.67 131.88 132.55 132.77 133.14 134.76 136.49 136.59 136.08 135.15 133.22 130.74 129.39 130.02 133.99 138.71 142.99 146.74 150.12 153.35 156.6 159.93 163.3 166.62 169.74 172.51 174.84 176.65 177.95 178.74 179.08 178.96 178.33 176.92 174.31 171.14 167.86 164.65 161.57 158.65 155.92 153.35 150.9 148.68 146.74 145.04 143.51 142.1 140.77 139.47 138.2 136.91 135.59 134.24 132.82 131.35 129.84 128.3 126.78 125.36 124.11
-9999 -9999 -9999 -9999 -9999 -9999 -9999 117.04 117.65 118.7 120.17 121.95 123.84 125.67 127.3 128.64 129.65 130.3 130.62 131.02 132.44 134.35 135.02 134.95 134.32 132.44 130.51 129.87 131.67 134.94 138.36 141.55 144.52 147.39 150.28 153.28 156.4 159.58 162.72 165.69 168.36 170.64 172.46 173.81 174.68 175.06 174.82 173.77 171.56 168.81 165.88 162.93 160.02 157.21 154.55 152.04 149.69 147.47 145.5 143.81 142.35 141.04 139.85 138.73 137.65 136.58 135.49 134.36 133.18 131.91 130.55 129.08 127.53 125.93 124.33 122.84
-9999 -9999 -9999 -9999 -9999 -9999 -9999 117.97 118.59 119.43 120.49 121.73 123.06 124.37 125.6 126.66 127.53 128.16 128.57 128.92 129.66 130.96 131.99 132.24 131.64 130.52 129.82 130.57 132.52 134.9 137.33 139.74 142.13 144.58 147.16 149.92 152.82 155.81 158.77 161.59 164.14 166.34 168.12 169.44 170.22 170.32 169.43 167.71 165.47 163 160.42 157.8 155.21 152.7 150.31 148.05 145.93 143.96 142.27 140.84 139.62 138.54 137.57 136.66 135.78 134.9 134 133.06 132.04 130.92 129.68 128.29 126.76 125.11 123.38 121.68
-9999 -9999 -9999 -9999 -9999 -9999 117.66 118.21 118.8 119.46 120.2 121.03 121.95 122.9 123.84 124.72 125.49 126.12 126.6 126.97 127.37 127.91 128.53 128.88 128.87 128.93 129.49 130.67 132.23 133.95 135.76 137.64 139.61 141.72 144.02 146.52 149.18 151.94 154.69 157.33 159.73 161.8 163.44 164.5 164.79 164.14 162.88 161.19 159.24 157.11 154.87 152.59 150.32 148.12 146.01 144 142.13 140.45 139.04 137.86 136.87 136.02 135.25 134.54 133.86 133.17 132.44 131.66 130.79 129.82 128.7 127.42 125.94 124.28 122.48 120.61
-9999 -9999 -9999 -9999 -9999 -9999 117.18 117.73 118.3 118.9 119.46 120.01 120.63 121.33 122.08 122.82 123.53 124.16 124.7 125.16 125.57 125.98 126.43 126.88 127.36 127.98 128.84 129.91 131.12 132.45 133.86 135.39 137.05 138.88 140.91 143.13 145.51 147.99 150.48 152.86 155.03 156.84 158.09 158.39 158.09 157.3 156.14 154.71 153.05 151.24 149.33 147.38 145.44 143.54 141.71 139.97 138.35 136.96 135.83 134.9 134.13 133.48 132.92 132.39 131.88 131.35 130.78 130.16 129.44 128.6 127.61 126.44 125.04 123.41 121.57 119.6
-9999 -9999 -9999 -9999 -9999 -9999 116.25 116.74 117.27 117.83 118.37 118.76 119.18 119.71 120.32 120.98 121.65 122.28 122.87 123.41 123.92 124.42 124.94 125.5 126.14 126.87 127.7 128.61 129.61 130.68 131.84 133.11 134.52 136.09 137.84 139.76 141.82 143.97 146.13 148.19 149.99 151.19 151.69 151.67 151.28 150.58 149.61 148.4 147.02 145.51 143.91 142.28 140.64 139.04 137.49 136.01 134.67 133.55 132.67 131.96 131.4 130.95 130.56 130.18 129.8 129.41 129 128.53 127.97 127.27 126.4 125.33 124.03 122.47 120.64 118.61
-9999 -9999 -9999 -9999 -9999 -9999 -9999 115.54 116 116.51 117.01 117.35 117.66 118.08 118.61 119.21 119.84 120.48 121.11 121.71 122.29 122.88 123.49 124.14 124.83 125.56 126.33 127.13 127.96 128.85 129.8 130.86 132.03 133.35 134.82 136.42 138.13 139.91 141.69 143.34 144.56 145.12 145.28 145.16 144.79 144.19 143.38 142.39 141.25 140.02 138.71 137.37 136.03 134.7 133.41 132.19 131.11 130.25 129.58 129.08 128.7 128.42 128.18 127.93 127.68 127.42 127.13 126.8 126.38 125.81 125.06 124.11 122.91 121.43 119.66 117.62
-9999 -9999 -9999 -9999 -9999 -9999 -9999 114.24 114.65 115.11 115.55 115.83 116.08 116.45 116.93 117.5 118.12 118.75 119.39 120.03 120.67 121.33 122.03 122.75 123.49 124.24 124.97 125.67 126.35 127.05 127.79 128.62 129.56 130.62 131.8 133.08 134.44 135.83 137.2 138.4 139.04 139.25 139.25 139.07 138.72 138.21 137.54 136.75 135.84 134.86 133.82 132.75 131.67 130.59 129.55 128.56 127.72 127.07 126.59 126.26 126.04 125.9 125.79 125.66 125.54 125.4 125.23 125 124.69 124.25 123.61 122.77 121.68 120.3 118.6 116.58
-9999 -9999 -9999 -9999 -9999 -9999 -9999 -9999 113.29 113.69 114.06 114.26 114.49 114.84 115.31 115.85 116.45 117.07 117.71 118.37 119.06 119.79 120.58 121.4 122.24 123.03 123.73 124.33 124.84 125.31 125.81 126.37 127.05 127.83 128.72 129.68 130.69 131.71 132.68 133.49 133.81 133.81 133.68 133.46 133.14 132.71 132.18 131.56 130.86 130.11 129.3 128.47 127.63 126.79 125.95 125.17 124.53 124.05 123.73 123.53 123.44 123.42 123.43 123.42 123.4 123.36 123.29 123.16 122.95 122.6 122.06 121.33 120.35 119.07 117.45 115.49
-9999 -9999 -9999 -9999 110.74 -9999 -9999 -9999 111.94 112.26 112.48 112.66 112.92 113.28 113.73 114.26 114.82 115.41 116.03 116.69 117.42 118.24 119.15 120.12 121.1 121.97 122.67 123.16 123.45 123.63 123.8 124.05 124.41 124.91 125.51 126.18 126.87 127.54 128.16 128.65 128.88 128.79 128.6 128.36 128.08 127.74 127.34 126.88 126.37 125.82 125.23 124.61 123.96 123.31 122.64 122.04 121.57 121.23 121.02 120.93 120.93 121.01 121.12 121.21 121.28 121.33 121.34 121.29 121.16 120.87 120.43 119.79 118.92 117.74 116.21 114.31
-9999 -9999 -9999 -9999 109.31 -9999 110 -9999 -9999 110.72 110.91 111.13 111.41 111.78 112.2 112.68 113.18 113.71 114.29 114.93 115.69 116.6 117.66 118.83 119.93 120.83 121.49 121.87 122 121.91 121.71 121.58 121.61 121.8 122.13 122.52 122.94 123.32 123.65 123.88 124 124 123.89 123.68 123.46 123.22 122.95 122.66 122.32 121.96 121.56 121.12 120.64 120.13 119.64 119.21 118.87 118.64 118.51 118.49 118.56 118.69 118.86 119.05 119.2 119.32 119.39 119.4 119.31 119.09 118.72 118.18 117.39 116.31 114.87 113.09
-9999 -9999 -9999 -9999 -9999 -9999 -9999 -9999 -9999 109.25 109.46 109.71 110 110.33 110.69 111.08 111.48 111.92 112.41 113 113.78 114.77 115.99 117.27 118.19 118.71 119.13 119.51 119.82 119.85 119.41 118.91 118.59 118.5 118.57 118.73 118.92 119.09 119.19 119.24 119.22 119.15 119.05 118.93 118.81 118.7 118.59 118.48 118.36 118.21 118.02 117.8 117.53 117.24 116.94 116.66 116.44 116.3 116.23 116.26 116.36 116.52 116.72 116.94 117.14 117.31 117.43 117.48 117.44 117.28 116.98 116.5 115.79 114.79 113.5 112.07
