raw_data/evaporacion/evapdec.txt
ncols         178
nrows         142
xllcorner     111.875
yllcorner     -44.625
cellsize      0.25
NODATA_value  -9999
[rows 32 to 63 of 142, columns 0 to 71 of 178]
-9999 -9999 -9999 -9999 -9999 -9999 -9999 -9999 -9999 -9999 -9999 -9999 -9999 -9999 -9999 -9999 -9999 -9999 -9999 -9999 -9999 -9999 -9999 -9999 -9999 -9999 -9999 -9999 -9999 -9999 -9999 -9999 -9999 -9999 -9999 -9999 -9999 -9999 -9999 -9999 -9999 260.07 258.9 258.53 259.95 262.39 -9999 267.91 271.2 275.2 280 285.36 290.77 295.63 299.47 302.13 303.69 304.4 304.5 304.22 303.66 302.85 301.75 300.39 298.81 296.98 294.95 292.8 290.64 288.52 286.51 284.67
-9999 -9999 -9999 -9999 -9999 -9999 -9999 -9999 -9999 -9999 -9999 -9999 -9999 -9999 -9999 -9999 -9999 -9999 -9999 -9999 -9999 -9999 -9999 -9999 -9999 -9999 -9999 -9999 -9999 -9999 -9999 -9999 -9999 -9999 -9999 -9999 -9999 -9999 -9999 -9999 -9999 265.42 264.09 263.14 263.38 266.05 269.32 272.58 276.04 280.04 284.71 289.87 295.06 299.7 303.38 305.96 307.53 308.33 308.62 308.59 308.27 307.51 306.24 304.82 303.3 301.57 299.44 297.18 295.01 293.03 291.25 289.7
-9999 -9999 -9999 -9999 -9999 -9999 -9999 -9999 -9999 -9999 -9999 -9999 -9999 -9999 -9999 -9999 -9999 -9999 -9999 -9999 -9999 -9999 -9999 -9999 -9999 -9999 -9999 -9999 -9999 -9999 -9999 -9999 -9999 -9999 -9999 -9999 -9999 -9999 -9999 -9999 -9999 271.8 270.44 269.32 268.96 271.12 274.61 278.09 281.61 285.51 289.97 294.84 299.71 304.05 307.48 309.89 311.39 312.22 312.65 312.81 312.44 311.37 310.02 308.62 307.2 305.7 303.85 301.54 299.31 297.37 295.72 294.35
-9999 -9999 -9999 -9999 -9999 -9999 -9999 -9999 -9999 -9999 -9999 -9999 -9999 -9999 -9999 -9999 -9999 -9999 -9999 -9999 -9999 -9999 -9999 -9999 -9999 -9999 -9999 -9999 -9999 -9999 -9999 -9999 -9999 -9999 -9999 -9999 -9999 -9999 -9999 -9999 -9999 -9999 277.64 276.47 275.98 277.87 281.3 284.71 288.07 291.72 295.84 300.32 304.76 308.69 311.77 313.92 315.25 316.03 316.52 316.71 316.06 314.87 313.55 312.18 310.8 309.43 307.87 305.61 303.31 301.34 299.74 298.5
-9999 -9999 -9999 -9999 -9999 -9999 -9999 -9999 -9999 -9999 -9999 -9999 -9999 -9999 -9999 -9999 -9999 -9999 -9999 -9999 -9999 -9999 -9999 -9999 -9999 -9999 -9999 -9999 -9999 -9999 -9999 -9999 -9999 -9999 -9999 -9999 -9999 -9999 -9999 -9999 -9999 287.17 285.81 284.66 284.33 286.47 289.6 292.6 295.55 298.76 302.41 306.35 310.24 313.65 316.27 318.05 319.12 319.74 320.14 320.3 319.48 318.24 316.93 315.59 314.24 312.9 311.41 309.22 306.85 304.79 303.16 301.96
-9999 -9999 -9999 -9999 -9999 -9999 -9999 -9999 -9999 -9999 -9999 -9999 -9999 -9999 -9999 -9999 -9999 -9999 -9999 -9999 -9999 -9999 -9999 -9999 -9999 -9999 -9999 -9999 -9999 -9999 -9999 -9999 -9999 -9999 -9999 -9999 -9999 -9999 -9999 -9999 297.84 296.41 295.15 294.36 294.85 297.03 299.5 301.8 304.12 306.73 309.73 312.99 316.19 318.93 320.98 322.29 322.99 323.33 323.55 323.6 322.83 321.58 320.26 318.92 317.59 316.25 314.7 312.38 309.81 307.54 305.72 304.45
-9999 -9999 -9999 -9999 -9999 -9999 -9999 -9999 -9999 -9999 -9999 -9999 -9999 -9999 -9999 -9999 -9999 -9999 -9999 -9999 -9999 -9999 -9999 -9999 -9999 -9999 -9999 -9999 -9999 -9999 -9999 -9999 -9999 -9999 -9999 -9999 -9999 -9999 -9999 311.34 308.88 307.41 306.47 306.69 307.77 309.3 310.82 312.27 313.81 315.64 317.84 320.26 322.62 324.57 325.93 326.66 326.91 326.89 326.82 326.75 326.21 325 323.66 322.32 320.99 319.59 317.84 315.18 312.18 309.42 307.17 305.61
-9999 -9999 -9999 -9999 -9999 -9999 -9999 -9999 -9999 -9999 -9999 -9999 -9999 -9999 -9999 -9999 -9999 -9999 -9999 -9999 -9999 -9999 -9999 -9999 -9999 -9999 -9999 -9999 -9999 -9999 -9999 -9999 -9999 -9999 -9999 -9999 -9999 -9999 -9999 325.59 323.61 322.29 321.62 321.68 322.15 322.75 323.32 323.87 324.56 325.51 326.76 328.19 329.55 330.58 331.13 331.2 330.91 330.48 330.12 329.94 329.7 328.63 327.28 325.93 324.53 322.97 320.89 317.72 313.96 310.31 307.24 305.11
-9999 -9999 -9999 -9999 -9999 -9999 -9999 -9999 -9999 -9999 -9999 -9999 -9999 -9999 -9999 -9999 -9999 -9999 -9999 -9999 -9999 -9999 -9999 -9999 -9999 -9999 -9999 -9999 -9999 -9999 -9999 -9999 -9999 -9999 -9999 -9999 -9999 -9999 341.46 340.29 339.18 338.3 337.72 337.41 337.22 337.02 336.76 336.48 336.29 336.27 336.46 336.75 336.97 336.95 336.59 335.92 335.06 334.21 333.57 333.28 333.19 332.42 331.11 329.7 328.18 326.35 323.82 320.09 315.28 310.41 306.28 303.47
-9999 -9999 -9999 -9999 -9999 -9999 -9999 -9999 -9999 -9999 -9999 -9999 -9999 -9999 -9999 -9999 -9999 -9999 -9999 -9999 -9999 -9999 -9999 -9999 -9999 -9999 -9999 -9999 -9999 -9999 -9999 -9999 -9999 -9999 -9999 -9999 -9999 354.64 354.85 354.79 354.55 354.2 353.78 353.28 352.65 351.88 350.94 349.91 348.85 347.82 346.86 345.9 344.87 343.69 342.33 340.85 339.38 338.09 337.2 336.86 336.89 336.27 334.92 333.45 331.77 329.63 326.62 322.29 316.68 310.93 306.39 303.62
-9999 -9999 -9999 -9999 -9999 -9999 -9999 -9999 -9999 -9999 -9999 -9999 -9999 -9999 -9999 -9999 -9999 -9999 -9999 -9999 -9999 -9999 -9999 -9999 -9999 -9999 -9999 -9999 -9999 -9999 -9999 -9999 -9999 -9999 -9999 362.66 364.88 366.67 368.09 369.14 369.79 370.03 369.86 369.3 368.38 367.15 365.65 363.92 362.02 359.97 357.81 355.55 353.2 350.78 348.35 345.99 343.86 342.12 340.98 340.58 340.68 339.94 338.52 336.95 335.08 332.73 329.33 324.55 318.6 312.67 308.12 305.44
-9999 -9999 -9999 -9999 -9999 -9999 -9999 -9999 -9999 -9999 -9999 -9999 -9999 -9999 -9999 -9999 -9999 -9999 -9999 -9999 -9999 -9999 -9999 -9999 -9999 -9999 -9999 -9999 -9999 333.63 -9999 347.17 355.79 362.59 367.83 372.01 375.55 378.66 381.39 383.63 385.26 386.15 386.26 385.65 384.43 382.73 380.64 378.23 375.51 372.47 369.13 365.57 361.87 358.17 354.61 351.34 348.49 346.24 344.76 344.21 344.25 343.33 341.79 339.96 337.91 335.42 331.91 326.86 320.73 314.75 310.22 307.68
-9999 -9999 -9999 -9999 -9999 -9999 -9999 -9999 -9999 -9999 -9999 -9999 -9999 -9999 -9999 -9999 -9999 -9999 -9999 -9999 -9999 -9999 -9999 -9999 -9999 -9999 -9999 -9999 337.25 338.34 341.61 351.19 361.2 369.35 375.85 381.3 386.21 390.8 395.05 398.72 401.49 403.09 403.43 402.61 400.88 398.51 395.71 392.55 389 385.02 380.59 375.78 370.78 365.81 361.12 356.89 353.27 350.42 348.48 347.57 347.38 346.43 344.76 342.77 340.58 337.97 334.33 329.15 322.95 316.96 312.48 310.03
-9999 -9999 -9999 -9999 -9999 -9999 -9999 -9999 -9999 -9999 -9999 -9999 -9999 -9999 -9999 -9999 -9999 -9999 -9999 -9999 -9999 -9999 -9999 -9999 348.97 345.05 343.04 342.32 342.55 343.85 347.21 357.06 367.65 376.54 383.97 390.6 396.97 403.29 409.4 414.83 418.98 421.36 421.78 420.45 417.83 414.44 410.65 406.59 402.19 397.34 391.92 386.01 379.81 373.65 367.84 362.63 358.2 354.66 352.12 350.64 350.02 349.27 347.56 345.53 343.25 340.49 336.66 331.45 325.26 319.34 314.95 312.49
-9999 -9999 -9999 -9999 -9999 -9999 -9999 -9999 -9999 -9999 -9999 -9999 -9999 -9999 -9999 -9999 -9999 -9999 -9999 374.59 372.73 -9999 -9999 359.61 354.6 350.82 348.75 348.1 348.56 350.16 354.28 364.58 375.09 384.13 392.17 399.89 407.83 416.14 424.47 431.92 437.24 440.25 440.82 439.04 435.16 430.32 425.21 420.07 414.8 409.15 402.91 396.07 388.85 381.6 374.74 368.57 363.3 359.02 355.78 353.58 352.32 351.49 350.11 348.13 345.81 342.91 339.02 333.88 327.82 322.04 317.7 315.22
-9999 -9999 -9999 -9999 -9999 -9999 -9999 -9999 -9999 -9999 -9999 -9999 -9999 -9999 -9999 -9999 -9999 379.05 378.67 377.79 376.23 373.53 369.55 364.99 360.73 357.53 355.7 355.17 355.7 357.61 363.44 373.3 383.04 391.85 400.25 408.97 418.52 428.95 439.44 447.92 452.51 455.39 457 456.44 452.1 445.67 439.03 432.7 426.56 420.23 413.35 405.8 397.74 389.58 381.77 374.71 368.63 363.6 359.64 356.68 354.6 353.14 351.83 350.26 348.14 345.2 341.31 336.55 331.22 325.94 321.53 318.91
-9999 -9999 -9999 -9999 -9999 -9999 -9999 -9999 -9999 -9999 -9999 -9999 -9999 -9999 -9999 -9999 381.85 381.62 381.46 380.92 379.62 377.35 374.13 370.44 366.96 364.38 363.06 362.91 363.63 365.87 372.96 382.05 390.85 399.27 407.9 417.46 428.47 440.68 451.69 457.96 462.02 465.1 467.26 468.21 466.46 459.55 451.54 444.12 437.24 430.38 423.06 415.03 406.37 397.48 388.88 381.03 374.19 368.47 363.83 360.17 357.34 355.12 353.24 351.36 349.18 346.49 343.24 339.51 335.52 331.61 328.27 326.07
-9999 -9999 -9999 -9999 -9999 -9999 -9999 -9999 -9999 -9999 -9999 -9999 -9999 -9999 386.35 385.4 384.84 384.64 384.63 384.39 383.5 381.76 379.1 375.77 372.4 369.96 369.2 369.98 371.54 374.31 381.63 389.94 397.99 406.05 414.77 424.9 436.93 449.98 459.71 465.3 469.5 472.84 475.26 476.72 476.29 470.64 462.08 453.95 446.62 439.48 431.94 423.64 414.6 405.21 395.99 387.49 380.01 373.69 368.47 364.23 360.79 357.96 355.53 353.26 350.96 348.49 345.81 342.96 340.06 337.32 335.02 333.49
-9999 -9999 -9999 -9999 -9999 -9999 -9999 -9999 -9999 -9999 -9999 -9999 392.07 390.33 388.93 388.2 388.1 388.46 389.05 389.42 389.06 387.64 384.94 380.96 376.66 373.81 373.38 375.2 378.35 382.05 389.02 396.73 404.26 412.01 420.65 430.92 443.29 456.63 465.94 471.59 475.99 479.53 482.14 483.78 483.71 478.72 470.15 461.93 454.55 447.42 439.88 431.53 422.33 412.63 403 394.01 386.05 379.25 373.59 368.91 365.04 361.79 358.97 356.43 354.02 351.66 349.31 346.98 344.74 342.71 341.05 339.95
-9999 -9999 -9999 -9999 -9999 -9999 -9999 -9999 388.59 -9999 -9999 393.23 393.77 392.31 391.1 390.82 391.45 392.85 394.75 396.53 396.98 395.59 392.31 387.12 382.37 380.17 379.32 380.06 384.28 388.94 395.46 402.67 409.8 417.2 425.54 435.48 447.42 460.55 470.92 477.03 481.59 485.27 488.03 489.77 489.42 483.8 475.68 468.02 461.06 454.21 446.87 438.62 429.43 419.62 409.78 400.5 392.22 385.12 379.16 374.2 370.06 366.54 363.49 360.77 358.28 355.94 353.74 351.65 349.73 348.03 346.65 345.71
-9999 -9999 -9999 -9999 -9999 -9999 -9999 -9999 386.77 -9999 390.84 392.82 394.16 393.27 392.61 393.08 394.78 397.66 401.51 405.4 406.83 405.6 402.11 396.37 391.64 389 387.49 387.44 391.19 395.84 401.73 408.29 414.9 421.83 429.63 438.83 449.73 462.03 473.78 481.22 486.35 490.19 492.97 494.15 492.26 486.12 479.08 472.49 466.27 459.91 452.89 444.81 435.54 425.69 415.92 406.75 398.42 391.2 385.11 380.03 375.75 372.1 368.93 366.12 363.57 361.22 359.04 357.03 355.2 353.58 352.25 351.27
-9999 -9999 -9999 -9999 -9999 -9999 -9999 382.01 384.39 386.84 389.34 391.76 393.31 393.07 393.31 394.86 397.92 402.63 408.92 415.35 417.57 417.38 415.11 409.95 404.35 400.06 397.33 396.76 400 403.66 408.44 414 419.86 426.16 433.24 441.46 450.99 461.65 472.59 482.05 488.92 493.15 495.56 494.85 491.46 486.43 481.05 475.76 470.41 464.61 457.88 449.54 439.45 429.37 420.26 412.17 404.42 397.34 391.29 386.23 381.96 378.3 375.1 372.26 369.68 367.32 365.13 363.11 361.25 359.58 358.15 357.02
-9999 -9999 -9999 -9999 -9999 -9999 -9999 378.42 381.24 384.14 387.1 389.69 391.01 391.72 393.19 396.02 400.59 407.25 416.01 424.74 428.12 430.1 429.81 425.94 420.33 414.52 410.29 409.42 410.7 412.45 415.62 419.87 424.82 430.38 436.67 443.86 452.01 460.93 470.06 478.55 485.35 489.82 491.91 491.54 489.33 486.08 482.33 478.24 473.69 468.31 461.17 451.42 441.08 431.57 423.26 416.18 409.84 403.32 397.51 392.61 388.45 384.87 381.74 378.93 376.37 374.02 371.81 369.75 367.83 366.06 364.48 363.13
-9999 -9999 -9999 -9999 -9999 -9999 -9999 -9999 376.55 379.98 383.27 385.63 387.44 389.46 392.31 396.47 402.45 410.79 421.52 431.86 437.09 440.95 441.02 439.02 435.62 430.66 425.38 422.71 421.77 421.48 422.81 425.73 429.75 434.57 440.1 446.37 453.34 460.78 468.31 475.33 481.21 485.44 487.81 488.42 487.64 485.85 483.33 480.16 476.11 470.2 461.27 451.21 441.67 433.16 425.8 419.64 414.38 408.89 403.54 398.9 394.96 391.54 388.52 385.81 383.32 381 378.81 376.73 374.76 372.88 371.14 369.56
-9999 -9999 -9999 -9999 -9999 -9999 -9999 -9999 368.75 372.74 376.46 379.79 383.04 386.57 390.79 396.14 403.2 412.62 424.61 436.59 443.24 448.05 449.08 448.64 447.12 443.27 437.94 434.4 431.77 429.5 429.43 431.35 434.6 438.77 443.64 449.15 455.16 461.5 467.83 473.76 478.85 482.77 485.36 486.64 486.76 485.9 484.15 481.35 476.62 468.56 459.2 450.09 441.74 434.37 428.08 422.92 418.61 414 409.15 404.86 401.2 397.99 395.15 392.57 390.19 387.94 385.8 383.73 381.72 379.78 377.9 376.12
-9999 -9999 -9999 -9999 -9999 -9999 -9999 354.02 358.53 363.38 368.33 373.25 378.16 383.22 388.7 395.03 402.77 412.56 424.84 438.11 446.39 452.3 454.92 455.71 455.04 451.46 447.3 443.52 438.9 435.79 435.21 436.61 439.35 443 447.32 452.19 457.46 462.96 468.43 473.56 478.06 481.69 484.31 485.88 486.43 485.96 484.09 480.19 473.04 464.68 456.37 448.56 441.48 435.32 430.16 426.05 422.65 418.57 414.19 410.29 406.94 403.99 401.35 398.94 396.69 394.55 392.48 390.44 388.43 386.44 384.47 382.53
-9999 -9999 -9999 -9999 -9999 -9999 -9999 341.98 346.96 352.95 359.52 366.24 372.89 379.45 386.12 393.25 401.35 410.96 422.44 435.31 446.28 453.02 457.17 459.04 458.65 456.41 453.27 448.04 443.23 440.64 440.26 441.56 444.03 447.29 451.15 455.47 460.12 464.93 469.71 474.21 478.2 481.49 483.95 485.48 485.88 484.66 480.76 474.71 467.6 460.36 453.36 446.86 441.05 436.09 432.06 429 426.4 422.55 418.57 415.08 412.05 409.37 406.96 404.74 402.65 400.63 398.65 396.66 394.67 392.66 390.63 388.58
-9999 -9999 -9999 -9999 -9999 -9999 326.1 329.68 335.01 341.89 350.09 358.76 367.25 375.34 383.16 391.01 399.33 408.53 418.86 430.16 441.44 450.73 456.15 458.85 459.52 457.53 453.5 449.16 446.05 444.68 444.91 446.37 448.72 451.7 455.14 458.94 463 467.17 471.3 475.19 478.65 481.5 483.54 484.2 482.97 479.17 474.06 468.25 462.21 456.2 450.46 445.19 440.57 436.75 433.8 431.66 429.52 425.86 422.28 419.18 416.48 414.08 411.91 409.91 407.99 406.1 404.21 402.28 400.3 398.28 396.21 394.1
-9999 -9999 -9999 -9999 -9999 -9999 318.07 321.92 326.47 332.13 340.64 351.1 361.42 371.03 379.98 388.56 397.13 406 415.35 425.05 434.63 443.16 449.42 453.12 454.4 453.59 451.63 449.74 448.62 448.55 449.47 451.18 453.48 456.2 459.25 462.53 465.99 469.51 472.95 476.16 478.94 480.96 481.59 479.45 476.1 471.91 467.27 462.38 457.39 452.49 447.87 443.71 440.17 437.37 435.38 433.96 431.8 428.47 425.32 422.6 420.21 418.1 416.19 414.38 412.61 410.83 409.04 407.2 405.27 403.25 401.16 399.01
-9999 -9999 -9999 -9999 -9999 -9999 312.51 316.42 320.8 325.81 332.68 343.99 355.88 366.83 376.83 386.14 395.07 403.87 412.64 421.31 429.57 436.96 442.94 447.16 449.62 450.7 451.03 451.21 451.69 452.65 454.12 456.02 458.24 460.71 463.35 466.11 468.94 471.75 474.43 476.83 478.47 478.19 475.93 472.73 469.21 465.47 461.52 457.44 453.36 449.41 445.75 442.54 439.91 437.97 436.78 435.88 433.49 430.47 427.72 425.34 423.26 421.42 419.73 418.04 416.34 414.66 412.98 411.29 409.52 407.55 405.46 403.29
-9999 -9999 -9999 -9999 -9999 -9999 -9999 311.68 316.13 321.15 327.59 338.5 351.21 363.15 373.97 383.93 393.31 402.3 410.94 419.2 426.9 433.81 439.7 444.41 447.95 450.53 452.44 454.02 455.52 457.1 458.85 460.77 462.82 464.98 467.2 469.42 471.6 473.66 475.51 476.85 476.4 473.62 470.28 466.98 463.71 460.39 457.02 453.63 450.29 447.12 444.25 441.79 439.88 438.6 437.96 437.19 434.62 431.89 429.49 427.42 425.62 424.02 422.5 420.91 419.33 417.77 416.2 414.61 412.96 411.13 409.08 406.92
-9999 -9999 -9999 -9999 -9999 -9999 -9999 307.4 311.94 317.09 323.7 334.84 347.92 360.3 371.61 382.07 391.9 401.23 410.07 418.38 426.08 433.07 439.27 444.62 449.11 452.77 455.72 458.1 460.08 461.83 463.51 465.2 466.93 468.7 470.44 472.11 473.63 474.91 475.9 476.07 473.52 469.7 466.09 462.82 459.75 456.78 453.88 451.04 448.29 445.73 443.43 441.53 440.12 439.29 438.86 437.6 435.14 432.74 430.65 428.84 427.28 425.89 424.52 423.08 421.64 420.21 418.76 417.27 415.72 414.01 412.02 409.91
