raw_data/evaporacion/evapoct.txt
ncols         178
nrows         142
xllcorner     111.875
yllcorner     -44.625
cellsize      0.25
NODATA_value  -9999
[rows 32 to 63 of 142, columns 72 to 143 of 178]
311.93 309.86 308.13 306.82 305.95 305.45 305.11 304.54 303.22 300.59 296.53 292.67 292.3 292.96 293.72 294.39 295.07 296.25 299.42 303.89 306.81 307.8 307.39 306.19 304.7 303.19 301.72 300.23 298.56 296.55 293.95 290.32 285.07 277.57 267.53 256.74 250.86 -9999 -9999 -9999 -9999 -9999 -9999 -9999 303.41 303.2 298.22 290.7 283.06 276.25 270.65 266.62 263.84 261.06 256.18 247.77 235.63 221.81 209.47 200.29 193.42 188.74 185.77 183.95 -9999 -9999 -9999 -9999 -9999 -9999 -9999 -9999
314 312.1 310.58 309.52 308.94 308.76 308.74 308.42 307.23 304.57 300.5 297.36 297.57 298.51 299.47 300.32 301.13 302.25 304.26 308.32 310.85 311.24 310.18 308.48 306.78 305.4 304.31 303.3 302.07 300.34 297.75 293.8 287.79 278.96 267.32 256.36 251.63 250.18 251.87 -9999 -9999 -9999 -9999 301.71 305.58 305.12 300.6 291.83 282.72 275.21 269.36 264.81 260.9 256.74 251.02 242.31 230.11 216.02 202.33 189.6 179.72 174.25 171.2 169.78 169.6 -9999 -9999 -9999 -9999 -9999 -9999 -9999
315.55 313.76 312.44 311.64 311.4 311.6 311.98 312.09 311.33 309.15 305.55 302.63 303.06 304.28 305.57 306.85 308.2 309.8 311.62 314.32 315.35 314.32 312.13 309.69 307.65 306.31 305.55 305.24 304.73 303.54 301.26 297.36 291.13 281.81 269.67 259.16 254.3 252.91 254.49 258.62 266.53 279.71 293.87 303.45 306.89 305.9 300.74 291.45 281.72 274.07 268.43 264.31 260.79 256.69 250.85 242.09 229.69 214.59 198.59 181.28 165.1 158.33 156.14 156.42 158.6 -9999 -9999 -9999 -9999 -9999 -9999 -9999
316.42 314.74 313.63 313.13 313.26 313.89 314.77 315.45 315.41 314.2 311.69 309.06 309.5 311.23 313.24 315.5 317.98 320.41 322.23 322.9 321.37 318.25 315.02 312.14 309.76 307.84 306.45 306.4 306.75 306.33 304.62 301.15 295.31 286.46 274.77 264.01 258.87 256.65 257.61 261.47 269.26 281.54 294.52 304.29 307.67 305.99 299.7 290.16 281.39 274.54 269.08 265.09 262.32 258.6 252.81 244.51 232.56 216.71 198.95 178.87 156.74 145.89 144.13 146.42 151.48 -9999 -9999 -9999 -9999 -9999 -9999 -9999
316.37 314.8 313.94 313.83 314.41 315.56 316.99 318.36 319.25 319.37 318.7 317.87 318.53 321.46 325.06 328.96 332.88 336.04 337.1 334.91 329.9 324.07 318.99 315.17 312.41 310.22 308.63 307.79 308.59 308.96 307.96 305.19 300.24 292.64 282.31 271.32 265.54 262.6 262.44 266.01 273.51 283.85 294.52 302.76 306.14 304.21 297.85 289.32 281.88 275.85 270.79 267.12 264.64 260.99 255.36 247.63 236.63 220.99 202.74 183.3 162.21 144.48 140.7 144.35 152.99 -9999 -9999 -9999 -9999 -9999 -9999 -9999
314.92 313.47 312.99 313.43 314.64 316.43 318.53 320.66 322.57 324.2 325.77 327.89 331.49 337.01 343.06 348.82 353.77 356.57 355.4 349.38 340.18 330.9 323.5 318.75 315.47 312.95 311.22 310.34 310.87 311.73 311.39 309.42 305.58 299.61 291.5 282.16 274.75 270.9 269.96 272.39 278.26 286.55 295.18 301.65 304.09 302.18 296.89 289.84 283.2 277.71 273.14 269.84 267.36 263.75 258.37 251.11 240.88 226.18 208.54 190.72 174.7 162.03 157.19 161.32 173.38 189.86 -9999 -9999 -9999 -9999 -9999 -9999
311.38 310.1 310.22 311.51 313.66 316.34 319.25 322.2 325.15 328.3 332.2 337.71 345.73 356.09 365.54 372.36 377.09 378.27 374.15 364.51 351.57 338.88 328.92 322.58 318.48 315.64 313.93 313.26 313.72 314.84 314.99 313.73 310.96 306.58 300.67 293.7 286.89 281.79 279.31 280.15 284.14 290.21 296.68 301.58 303.19 301.44 297.14 291.49 285.71 280.65 276.59 273.32 270.23 266.5 261.44 254.46 244.81 231.67 215.5 199.25 186.79 180.46 180.69 187.83 201.36 218.83 -9999 -9999 -9999 -9999 -9999 -9999
305.11 304.08 305.1 307.68 311.2 315.11 319.04 322.9 326.84 331.39 337.47 346.29 358.92 374.4 385.95 393.13 397.57 397.35 391.08 378.82 363.32 347.98 335.48 326.92 321.62 318.39 316.85 316.43 317.13 318.32 318.71 317.93 315.99 312.92 308.81 303.91 298.92 294.67 292.02 291.49 292.92 295.6 298.53 300.7 301.34 300.18 296.97 292.68 288.21 284.06 280.39 276.95 273.3 269.08 263.87 257.22 248.59 237.29 223.65 210.12 200.03 197.65 202.37 212.51 227.47 245.15 -9999 -9999 -9999 -9999 -9999 -9999
297.05 296.05 297.73 301.89 307.23 312.75 317.93 322.75 327.58 333.27 341.08 352.56 369.03 388.17 399.08 406.81 411.07 410.07 403.82 390.51 373.79 357.18 342.88 332.32 325.54 321.7 320.01 319.85 320.84 321.92 322.25 321.55 320.02 317.86 315.16 312.01 308.6 305.29 302.6 301.08 300.51 300.52 300.6 300.27 299.27 297.54 295.13 292.31 289.27 286.38 283.57 280.54 276.91 272.41 266.89 260.23 252.17 242.35 232.02 222.85 216.8 216.46 222.79 233.34 246.83 261.58 264.94 260.26 -9999 -9999 -9999 -9999
292.56 290.5 290.63 295.11 302.25 309.57 316.11 321.86 327.39 333.77 342.53 355.45 373.65 392.98 402.65 410.22 411.77 410.36 406.14 395.59 379.87 364.08 349.65 337.81 329.7 325.16 323.52 323.63 324.47 325.22 325.18 324.31 322.9 321.16 319.19 317.01 314.68 312.32 310.06 308.04 306.24 304.54 302.72 300.61 298.18 295.58 293.14 291.05 289.31 287.86 286.39 284.33 281.14 276.51 270.47 263.26 255.12 246.23 238.03 231.78 228.71 230.35 237.61 247.59 256.79 266.05 266.67 258.37 245.93 232.79 221.6 -9999
291.21 288.95 288.22 290.12 297.42 306.23 313.98 320.46 326.36 332.85 341.53 354.19 371.38 387.56 395.85 402.79 403.88 402.57 399.36 390.87 378.03 365.46 353.1 341.39 333.19 328.83 327.18 327.03 327.49 327.83 327.43 326.42 325.07 323.53 321.85 320.07 318.24 316.36 314.42 312.38 310.19 307.71 304.76 301.38 297.83 294.47 291.86 290.19 289.44 289.38 289.4 288.64 286.17 281.43 274.57 266.33 257.58 249.05 241.72 236.76 235.02 237.24 244.13 253.86 259.23 262.58 262.02 252.51 238.89 226.27 216.55 -9999
290.82 288.46 287.44 288.45 294.24 303.59 312.06 318.85 324.67 330.62 338.15 348.76 362.54 373.91 379.8 385.43 387.8 386.82 383.6 375.83 367.08 359.01 350.12 340.62 334.24 330.94 329.61 329.39 329.66 329.77 329.18 328.14 326.86 325.42 323.88 322.27 320.64 318.95 317.14 315.12 312.82 310.07 306.66 302.57 298.23 294.27 291.23 289.68 289.71 291.16 293.09 294.27 293.1 288.3 279.98 269.75 259.52 250.62 243.63 239.05 237.68 239.57 244.75 252.36 257.29 256.75 252.69 243.87 231.43 220.15 212.14 206.49
290.56 288.14 286.99 287.84 293.05 302.35 310.77 317.32 322.57 327.4 332.88 340.06 348.8 354.98 358.05 360.72 362.05 360.92 357.78 353.56 349.71 346 341.25 336.12 332.83 331.23 330.66 330.69 331.04 331.21 330.61 329.61 328.41 327.05 325.58 324.03 322.43 320.73 318.93 316.98 314.75 311.96 308.43 304.04 299.11 294.32 290.77 289.42 289.97 293.06 297.66 301.56 301.95 296.95 286.57 273.18 260.42 250.58 243.92 240.09 238.61 239.92 243.27 248.14 252.49 251.62 245.99 237.53 226.68 215.72 208.93 204.39
290.4 287.95 286.89 287.99 294.04 302.73 310.29 316.03 320.3 323.61 326.54 329.61 332.95 335.28 336.29 336.17 334.88 332.88 331.11 330.48 330.8 330.74 329.98 329.76 329.94 330.29 330.71 331.21 331.85 332.33 331.87 330.97 329.87 328.57 327.08 325.46 323.78 322.04 320.24 318.32 316.17 313.51 310.03 305.53 300.19 294.91 292.04 291.12 291.85 295.47 302.28 307.54 306.92 301.27 290.58 275.68 261.44 250.89 243.66 240.6 239.57 240.18 242.05 244.38 246.48 246.32 241.44 233.8 224.49 214.24 207.52 203.73
290.61 288.21 287.73 290.2 296.99 304.36 310.47 315 318.04 319.69 320.03 319.21 318.39 319.03 318.92 317.23 315.13 313.78 312.83 312.68 314.88 317.38 319.41 323.41 326.68 328.82 330.22 331.28 332.3 333.2 333.03 332.31 331.34 330.11 328.56 326.76 324.93 323.13 321.32 319.41 317.3 314.78 311.47 307.09 301.78 296.53 293.92 293.21 294.15 298.12 305.48 310.55 309.43 303.5 292.61 277.6 263.72 253.54 246.16 242.23 241.4 241.42 242.18 242.71 242.63 241.39 237.86 231.68 224.2 215.66 208.82 205.4
292.35 290.34 291.77 295.74 301.2 306.54 310.96 314.15 315.93 316.06 314.19 310.5 307.93 307.94 307.44 305.96 304.5 303.32 302.4 302.17 304.4 308.03 311.66 318.51 323.94 327.37 329.55 331.13 332.57 333.89 334.11 333.66 332.92 331.78 330.19 328.18 326.06 324.1 322.22 320.3 318.24 315.88 312.78 308.69 303.91 299.26 296.24 295.48 296.56 300.44 306.59 311.48 310.52 304.66 293.73 279.13 266.08 256.56 249.62 245.85 244.65 244.06 243.88 243.16 241.72 239.51 236.29 231.87 226.7 220.89 215.3 211.84
300 298.44 299.32 301.89 305.24 308.59 311.42 313.37 314.08 313.05 309.64 304.23 301.25 301.1 300.82 300.17 299.15 297.89 296.73 296.49 299.02 302.71 307.5 315.72 322.14 326.23 328.88 330.86 332.69 334.42 335.02 334.9 334.42 333.32 331.77 329.72 327.32 325.04 323 321.03 319.06 316.81 313.86 310.13 306.06 302.38 299.83 298.96 299.84 302.26 305.52 308.22 307.96 303.12 293.3 280.53 268.88 260.28 254.42 251.37 249.21 247.96 246.8 245.09 242.87 240.3 237.58 234.8 231.78 229 226.96 225.97
307.94 306.14 305.87 306.78 308.35 310.12 311.67 312.65 312.59 310.88 306.75 300.6 297.14 296.89 296.92 296.75 296.18 295.17 294.12 294.36 296.9 300.11 306.45 314.89 321.26 325.42 328.25 330.47 332.58 334.62 335.62 335.78 335.34 334.3 332.87 330.98 328.54 326.05 323.79 321.71 319.63 317.3 314.48 311.17 307.79 304.94 303.03 302.25 302.42 303.03 303.52 303.33 301.71 297.74 291.14 282.78 274.36 267.32 261.99 258 254.88 252.69 250.4 247.77 244.95 242.27 240.16 238.81 237.42 237.3 239.21 241.39
313.7 311.55 310.42 310.14 310.45 311.08 311.71 312.01 311.51 309.59 305.51 299.36 294.73 294.2 294.33 294.39 294.21 293.75 293.44 294.34 296.07 299.35 307.46 315.33 320.97 324.82 327.6 329.91 332.14 334.37 335.8 336.16 335.84 334.9 333.51 331.64 329.13 326.52 324.05 321.73 319.43 317.04 314.45 311.82 309.38 307.12 305.27 304.16 303.52 302.69 301.2 299.02 296.43 293.3 289.52 284.89 279.65 274.42 269.57 265.13 261.37 257.88 254.29 250.65 247.15 244.2 242.31 241.56 240.95 242.75 247.42 249.39
317.63 315.19 313.44 312.36 311.82 311.66 311.65 311.51 310.82 309.05 305.58 300.06 294.18 292.88 292.95 293.05 293.11 293.22 293.54 294.34 296.43 302.1 309.83 316.25 320.89 324.26 326.87 329.15 331.37 333.63 335.49 336.06 335.9 335.05 333.59 331.45 328.8 326.03 323.35 320.82 318.44 316.14 313.91 312.07 310.52 308.88 307.11 305.37 303.78 301.83 298.98 295.78 293.16 290.74 288.85 287.05 284.53 281.38 277.79 273.45 268.55 263.45 258.36 253.48 249.05 245.43 243.01 241.55 240.54 242.21 246.72 247.82
320.6 317.88 315.67 314.01 312.86 312.12 311.65 311.21 310.47 309.02 306.41 302.3 297.2 293.94 293.39 293.48 293.64 293.87 294.28 295.62 299.79 306.15 312.21 317.03 320.72 323.62 326.05 328.25 330.37 332.45 334.33 335.39 335.32 334.42 332.77 330.43 327.65 324.76 322 319.49 317.24 315.21 313.36 311.94 311.1 310.04 308.48 306.43 304.04 301.37 297.94 295.15 293.12 291.34 290.16 290.46 290.33 289.3 287.3 283.17 276.73 269.64 262.7 256.28 250.6 245.88 242.25 239.19 236.13 234.78 236.8 238.68
323.32 320.31 317.7 315.56 313.91 312.7 311.83 311.14 310.38 309.26 307.48 304.83 301.36 298.02 296.62 296.52 296.65 296.84 297.53 300.29 304.8 309.6 313.83 317.36 320.31 322.86 325.15 327.28 329.28 331.14 332.75 333.88 334.17 333.29 331.44 328.92 326.07 323.24 320.65 318.39 316.44 314.71 313.13 311.83 311.41 310.84 309.58 307.55 304.87 302 298.67 296.27 294.89 294.02 294.08 295.88 297.35 297.69 296.77 293.61 286 276.56 267.36 259.08 251.91 245.84 240.72 235.84 229.83 224.8 224.85 226.43
326.22 322.91 319.92 317.32 315.19 313.53 312.27 311.31 310.48 309.59 308.46 306.95 305.05 303.07 301.93 301.82 301.94 302.19 303.11 305.57 308.65 311.72 314.59 317.22 319.68 322.02 324.25 326.35 328.27 329.94 331.27 332.13 332.3 331.55 329.79 327.24 324.52 321.99 319.76 317.89 316.22 314.68 313.28 312.12 311.82 311.58 310.64 308.87 306.41 303.75 301.08 298.85 298.12 298.45 300.19 302.93 305.04 305.63 304.49 301.42 294.83 283.7 272.05 261.77 253.06 245.7 239.32 233.24 225.48 219.36 218.28 218.9
329.43 325.84 322.46 319.42 316.81 314.68 313.01 311.73 310.75 309.95 309.22 308.46 307.65 306.9 306.6 306.65 306.82 307.09 307.67 309.05 310.78 312.67 314.66 316.75 318.93 321.17 323.4 325.51 327.4 328.98 330.14 330.79 330.81 330.04 328.38 325.92 323.37 321.22 319.37 317.79 316.33 314.93 313.64 312.61 312.52 312.48 311.77 310.31 308.3 306.18 304.56 303.55 303.63 305.02 307.57 310.46 312.37 312.36 310.36 306.41 300.2 289.5 275.97 263.8 253.76 245.49 238.58 232.54 225.04 218.86 217.95 219.08
332.87 329.04 325.32 321.84 318.75 316.14 314.03 312.4 311.2 310.34 309.77 309.43 309.24 309.11 309.1 309.2 309.39 309.68 310.11 310.79 311.68 312.84 314.32 316.1 318.15 320.37 322.64 324.81 326.73 328.28 329.39 329.97 329.95 329.23 327.74 325.49 322.89 320.93 319.35 317.93 316.6 315.32 314.16 313.36 313.55 313.56 312.94 311.72 310.15 308.7 308.02 308.42 309.68 311.71 314.33 316.81 317.47 316.2 313.46 309.09 302.26 292.49 277.86 264.3 253.36 244.71 238 233.15 227.72 222.7 222.45 224.51
336.35 332.37 328.36 324.5 320.95 317.86 315.3 313.29 311.79 310.78 310.2 310 310.04 309.95 309.91 309.96 310.12 310.4 310.8 311.33 311.81 312.58 313.78 315.42 317.42 319.67 322.01 324.26 326.24 327.84 328.96 329.56 329.59 329 327.77 325.88 323.52 321.26 319.67 318.3 317.06 315.93 315.03 314.81 314.94 314.74 314.04 312.9 311.58 310.54 310.46 311.94 314.45 316.91 319.16 320.88 320.44 318.18 314.62 309.46 301.57 291.15 276.45 262.32 250.97 242.4 236.48 233.29 230.62 228.53 229.01 231.09
339.67 335.61 331.41 327.24 323.3 319.76 316.76 314.34 312.52 311.26 310.54 310.29 310.3 310.09 309.95 309.91 310.01 310.26 310.65 311.13 311.49 312.1 313.19 314.78 316.79 319.1 321.53 323.87 325.95 327.62 328.8 329.45 329.56 329.12 328.13 326.63 324.7 322.6 320.68 319.07 317.9 317.14 316.75 316.6 316.38 315.85 314.94 313.71 312.4 311.4 311.34 312.91 316.2 319.44 321.36 322.23 321.42 318.58 314.13 307.53 298.23 286.31 271.51 257.34 246.07 238.05 233.38 231.6 230.99 231.13 232.69 235.05
342.64 338.6 334.31 329.93 325.67 321.74 318.32 315.51 313.33 311.77 310.81 310.38 310.28 309.98 309.74 309.63 309.67 309.86 310.2 310.63 310.91 311.49 312.59 314.22 316.3 318.7 321.23 323.67 325.84 327.59 328.82 329.53 329.7 329.36 328.55 327.32 325.77 324.07 322.42 321.01 319.95 319.22 318.71 318.24 317.62 316.72 315.51 314.06 312.53 311.28 310.79 311.66 314.28 317.96 320.23 320.77 319.66 316.57 311.19 303.18 292.27 278.69 263.77 250.2 239.83 232.97 229.28 228.11 228.5 229.77 231.65 233.7
345.14 341.2 336.92 332.43 327.94 323.7 319.91 316.71 314.17 312.28 311.01 310.3 310 309.72 309.44 309.26 309.24 309.36 309.61 309.89 310.17 310.83 312.03 313.76 315.95 318.46 321.11 323.66 325.92 327.73 329 329.72 329.88 329.53 328.73 327.59 326.22 324.8 323.48 322.36 321.49 320.79 320.15 319.43 318.49 317.26 315.71 313.91 312.01 310.28 309.13 308.99 310.17 312.59 315.12 316.08 315.05 311.72 305.65 296.42 284.03 269.6 255.51 243.64 234.66 228.59 225.05 223.81 224.33 225.98 228.09 229.9
347.12 343.33 339.13 334.63 330.02 325.54 321.43 317.88 314.98 312.74 311.13 310.08 309.5 309.19 308.94 308.72 308.63 308.68 308.77 308.91 309.31 310.15 311.51 313.39 315.73 318.39 321.17 323.84 326.17 328.02 329.28 329.93 329.96 329.43 328.43 327.11 325.68 324.33 323.23 322.42 321.85 321.38 320.84 320.06 318.94 317.43 315.53 313.3 310.92 308.68 306.83 305.67 305.39 306 307.05 307.47 306.35 302.86 296.41 286.85 274.59 261.11 248.88 238.7 230.84 225.41 221.62 219.98 220.15 221.47 223.6 225.8
348.54 344.94 340.89 336.45 331.79 327.15 322.8 318.94 315.7 313.11 311.16 309.77 308.85 308.29 307.94 307.71 307.56 307.49 307.54 307.79 308.39 309.44 311.01 313.09 315.63 318.47 321.39 324.17 326.56 328.41 329.6 330.08 329.84 328.92 327.45 325.67 323.89 322.42 321.46 321.02 320.93 320.93 320.73 320.12 318.98 317.28 315.04 312.38 309.59 307.07 304.79 302.73 301.08 300.03 299.52 298.65 296.62 292.75 286.54 277.8 266.86 255.23 245.02 236.23 229.86 224.94 220.85 218.07 217.58 218.04 219.5 221.84
349.38 346 342.13 337.82 333.19 328.46 323.92 319.79 316.24 313.32 311.04 309.33 308.09 307.24 306.67 306.31 306.1 306.04 306.19 306.62 307.43 308.71 310.51 312.84 315.6 318.64 321.73 324.59 327.02 328.82 329.88 330.1 329.43 327.92 325.74 323.29 321.23 319.67 318.78 318.57 318.89 319.56 319.95 319.71 318.7 316.89 314.37 311.39 308.57 305.92 303.27 300.62 298.08 295.82 293.91 292.01 289.34 285.33 279.61 271.98 262.63 253 244.54 236.84 231.06 226.34 222.15 218.92 217.64 216.96 217.3 219.18
