raw_data/evaporacion/evapdec.txt
ncols         178
nrows         142
xllcorner     111.875
yllcorner     -44.625
cellsize      0.25
NODATA_value  -9999
[rows 32 to 63 of 142, columns 72 to 143 of 178]
283.04 281.68 280.64 279.95 279.64 279.63 279.72 279.49 278.37 275.8 271.63 267.8 268.14 269.71 271.43 273.07 274.71 276.95 281.58 287.81 292.29 294.51 295.02 294.45 293.31 291.9 290.26 288.32 285.97 283.05 279.33 274.43 267.81 258.91 247.51 235.4 228.12 -9999 -9999 -9999 -9999 -9999 -9999 -9999 254.74 253.99 250.03 244.46 239.06 234.59 231.33 229.34 228.21 226.93 224.04 218.59 210.59 201.44 192.77 185.43 181.57 180.45 181 182.72 -9999 -9999 -9999 -9999 -9999 -9999 -9999 -9999
288.38 287.35 286.64 286.3 286.35 286.68 287.05 287.02 285.94 283.2 278.89 275.78 276.65 278.42 280.21 281.89 283.55 285.56 288.74 294.52 298.64 300.3 300.17 299.1 297.73 296.38 295.05 293.55 291.61 288.97 285.32 280.18 272.92 262.84 250.01 237.95 232.08 229.09 228.48 -9999 -9999 -9999 -9999 257.41 259.29 258.23 254.44 247.8 241.17 236.06 232.56 230.33 228.72 226.82 223.53 217.77 209.33 199.45 189.34 178.94 171.96 169.93 170.38 172.52 175.89 -9999 -9999 -9999 -9999 -9999 -9999 -9999
293.28 292.53 292.15 292.17 292.6 293.33 294.09 294.43 293.74 291.41 287.48 284.43 285.39 287.29 289.28 291.26 293.33 295.69 298.57 302.9 305.55 305.83 304.63 302.83 301.11 299.76 298.71 297.83 296.57 294.46 291.13 286.09 278.7 268.24 255.05 243.6 237.78 234.84 234.12 235.33 239.4 247.42 256.27 261.98 263.43 261.86 257.44 250.18 242.88 237.53 234.16 232.37 231.29 229.7 226.47 220.63 211.72 200.66 188.62 174.72 161.96 158.57 159.63 163.1 168.39 -9999 -9999 -9999 -9999 -9999 -9999 -9999
297.62 297.13 297.07 297.47 298.31 299.49 300.73 301.62 301.63 300.25 297.36 294.34 294.99 297.22 299.76 302.54 305.55 308.64 311.48 313.72 313.87 312.18 309.98 307.72 305.64 303.74 302.1 301.45 300.94 299.54 296.75 292.16 285.21 275.3 262.66 251.05 245.03 241.48 240.28 241.26 245.18 252.47 260.38 266.12 267.41 265.22 259.79 252.17 245.48 240.62 237.24 235.5 235.13 233.89 230.65 225.14 216.5 204.56 191.05 175.22 157.36 150.08 151.21 156.16 163.67 -9999 -9999 -9999 -9999 -9999 -9999 -9999
301.22 300.98 301.26 302.08 303.39 305.05 306.84 308.4 309.32 309.28 308.23 306.84 307.11 310.11 313.98 318.14 322.39 326.09 328.19 327.62 324.47 320.24 316.28 313.12 310.65 308.48 306.63 305.21 305.06 304.33 302.15 298.21 292.14 283.54 272.34 260.59 253.98 249.89 247.87 248.6 252.27 258.08 264.24 268.78 269.97 267.46 261.84 254.8 248.98 244.61 241.41 239.8 239.58 238.27 235.03 229.91 222 210.06 196.14 181.2 164.54 150.89 149.86 155.6 165.73 -9999 -9999 -9999 -9999 -9999 -9999 -9999
303.78 303.79 304.47 305.8 307.66 309.9 312.29 314.56 316.48 317.93 319.09 320.52 323.21 327.95 333.77 339.53 344.63 347.91 347.83 343.59 336.48 329.04 322.96 318.91 315.95 313.48 311.48 309.94 309.39 308.93 307.22 303.91 298.89 291.97 283.15 273.23 265.17 260.32 257.71 257.6 260.04 264.29 268.86 271.98 272.38 269.8 264.87 258.8 253.39 249.28 246.31 244.87 244.47 243.02 239.85 234.95 227.49 216.2 202.79 189.43 177.46 168.2 165.79 171.31 183.62 199.29 -9999 -9999 -9999 -9999 -9999 -9999
304.91 305.18 306.38 308.38 310.97 313.9 316.96 319.97 322.86 325.77 329.15 333.74 340.38 349.15 357.65 364.25 369.07 370.73 367.72 359.9 349.21 338.65 330.28 324.83 321.15 318.38 316.34 314.85 313.95 313.42 311.83 308.92 304.82 299.59 293.24 286.07 279.04 273.36 269.66 268.47 269.62 272.23 274.98 276.61 276.11 273.38 269.07 264 259.12 255.18 252.47 250.81 249.58 247.84 244.82 239.92 232.65 222.59 210.4 198.48 189.8 186.16 187.98 195.67 208.83 225.24 -9999 -9999 -9999 -9999 -9999 -9999
304.25 304.81 306.69 309.6 313.15 316.96 320.79 324.54 328.31 332.51 337.88 345.42 356.12 369.29 379.59 386.55 391.1 391.31 385.97 375.33 362.03 349.01 338.41 331.08 326.38 323.24 321.25 319.74 318.69 317.77 315.96 313.21 309.83 306.13 301.99 297.39 292.78 288.58 285.37 283.55 282.98 283.1 283.15 282.45 280.52 277.36 273.38 269.17 265.24 261.94 259.38 257.31 255.26 252.75 249.29 244.45 237.88 229.29 219.16 209.49 202.91 202.81 208.54 218.68 232.91 249.46 -9999 -9999 -9999 -9999 -9999 -9999
302.36 303.07 305.47 309.45 314.2 319.1 323.8 328.27 332.79 337.98 344.87 354.73 368.68 384.95 394.88 402.48 406.8 406.05 400.42 388.28 373.42 359.09 346.98 338.02 332.11 328.44 326.19 324.66 323.52 322.07 320.14 317.71 315.06 312.55 310.19 307.72 304.98 302.05 299.26 297.05 295.12 293.22 291.05 288.35 285.02 281.17 277.19 273.58 270.67 268.33 266.39 264.49 262.16 259.04 254.93 249.74 243.38 235.91 228.37 222.09 218.71 220.4 227.77 238.27 251.12 265.03 268.38 264.32 -9999 -9999 -9999 -9999
302.48 302.66 304.26 308.53 314.46 320.53 326.14 331.28 336.33 342.11 349.81 360.85 376.16 392.5 401.39 408.78 410.18 408.74 404.74 394.83 380.4 366.58 354.43 344.63 337.8 333.61 331.37 329.94 328.43 326.65 324.55 322.02 319.68 317.87 316.65 315.75 314.54 312.78 310.58 308.09 305.25 301.96 298.14 293.83 289.2 284.58 280.52 277.47 275.62 274.52 273.7 272.53 270.35 266.75 261.73 255.57 248.63 241.47 235.34 231.26 230.2 233.45 241.7 251.95 260.98 269.91 270.8 263.44 252.24 240.33 230.12 -9999
304.38 304.53 305.7 308.53 314.65 321.69 328.09 333.73 339.06 344.95 352.59 363.36 377.62 391.01 398.38 404.8 405.35 403.58 400.07 391.67 379.51 368.35 358.17 349.09 342.77 339.08 336.94 335.24 333.28 331.26 329.02 326.68 325.04 323.69 322.69 322.43 321.99 320.74 318.8 316.34 313.32 309.48 304.57 298.89 293 287.6 283.64 281.28 280.4 280.62 281.21 281.18 279.49 275.45 269.21 261.56 253.48 245.88 239.93 236.67 236.69 240.38 248.26 258.48 264.15 267.67 267.49 258.98 246.59 234.98 225.89 -9999
306.75 306.92 308.01 310.39 315.68 323.11 330 335.87 341.17 346.7 353.47 362.55 373.79 382.63 387.1 391.4 392.3 389.95 385.72 377.76 369.46 362.38 355.62 349.52 345.54 343.24 341.68 340.11 338.16 336.14 334.07 332.07 330.84 329.86 329.09 328.92 328.51 327.17 325.13 322.65 319.64 315.77 310.54 304.05 297.26 291.28 286.92 284.69 284.6 286.38 288.94 290.85 290.34 285.97 277.87 267.76 257.75 249.27 243.04 239.59 239.85 243.33 249.7 258 263.42 263.36 259.86 251.85 240.35 229.66 221.82 216.08
309.16 309.36 310.44 312.78 317.8 325.27 332.18 337.95 342.93 347.76 353.12 359.62 366.7 370.61 371.35 370.97 368.4 363.63 358.66 354.87 352.44 350.13 347.73 346.54 346.13 345.91 345.47 344.6 343.25 341.73 340.18 338.43 337.33 336.55 335.97 335.69 334.88 333.28 331.07 328.38 325.22 321.4 316.16 309.38 301.9 294.96 289.96 287.91 288.32 291.86 297.25 302.02 303.02 298.25 287.66 273.85 260.8 251.05 244.9 241.92 241.66 244.66 249.47 255.27 260.13 259.73 254.62 246.71 236.33 225.51 218.59 213.92
311.62 311.86 313.03 315.59 321.17 328.32 334.78 340.12 344.6 348.59 352.44 356.25 359.33 359.55 357.13 351.38 342.44 333.59 328.49 328.97 332.97 335.98 337.96 342.1 345.56 347.67 348.68 348.92 348.69 348.24 347.51 346.42 345.38 344.56 343.82 342.84 341.36 339.34 336.89 334.06 330.79 326.84 321.59 314.66 306.66 299.11 294.87 293.26 293.81 297.83 305.58 311.74 311.53 305.88 294.74 279.05 264.15 253.42 246.43 244.14 244.15 246.31 249.8 253.27 255.97 256.05 251.45 244.1 234.88 224.42 217.52 213.75
314.33 314.62 316.19 319.62 325.68 332.1 337.75 342.46 346.35 349.61 352.25 354.06 354.62 353.69 350.04 340.98 329.14 320.02 313.74 311.32 317.24 324.67 329.9 338.4 345.09 349.24 351.67 353.17 354.39 355.51 355.66 355.2 354.48 353.5 352.09 350.14 347.77 345.24 342.54 339.59 336.26 332.22 326.94 320.04 312.02 304.47 300.49 299.1 299.87 304.26 312.57 318.45 317.57 311.46 299.92 283.89 269.2 258.69 251.34 247.91 248.02 249.41 251.83 253.57 254.15 253.1 249.48 243.33 235.79 226.93 219.82 216.49
318.01 318.56 321.3 325.66 330.97 336.21 340.91 344.92 348.27 351.01 353.01 354.02 354.34 354.88 353.14 344.56 332.55 321.54 312.75 307.5 310.99 319.62 326.33 337.17 345.73 351.18 354.69 357.35 360.03 362.84 363.95 364.06 363.77 362.67 360.59 357.67 354.26 351.09 348.07 344.98 341.57 337.49 332.24 325.58 318.12 311.2 306.74 305.32 306.32 310.67 317.66 323.28 322.47 316.27 304.48 288.69 274.7 264.69 257.63 254.2 253.77 254.46 255.83 256.25 255.46 253.43 250.05 245.38 240.07 233.98 228.02 224.42
325.33 326.16 328.59 332.14 336.2 340.28 344.06 347.41 350.33 352.78 354.65 355.88 357.46 360.91 362.22 355.01 343.84 331.53 320.11 312.59 314.8 321.49 328.16 339.12 347.89 353.72 357.8 361.3 365.19 369.45 371.53 372.33 372.47 371.02 368.55 365.11 360.91 356.96 353.5 350.19 346.64 342.53 337.43 331.17 324.47 318.65 314.74 313.29 314.21 317.1 320.97 324.18 324.03 318.77 307.97 293.91 281.16 271.91 265.83 262.99 261.36 261.31 261.45 260.69 259.03 256.68 253.88 250.82 247.56 244.42 241.84 240.38
333 333.68 335.42 337.97 340.98 344.1 347.1 349.89 352.44 354.74 356.73 358.54 361.32 366.75 369.78 364.9 356.29 345.23 333.16 324.63 324.72 327.72 334.1 343.65 351.34 356.75 360.88 364.8 369.43 374.67 377.7 379 378.9 377.31 374.89 371.57 366.97 362.42 358.51 354.93 351.3 347.3 342.51 336.79 330.85 325.93 322.81 321.64 321.99 323.06 324.02 324.12 322.44 317.95 310.42 300.88 291.34 283.46 277.64 273.5 270.73 269.47 268.09 266.14 263.78 261.4 259.45 258.05 256.25 255.41 256.26 257.36
339.58 340.01 341.21 343.03 345.25 347.64 350.03 352.34 354.56 356.7 358.78 360.92 363.92 369.33 374.34 372.32 366.56 357.79 346.98 338.44 335.14 335.5 341.94 349.46 355.45 359.99 363.8 367.72 372.51 378.15 382.23 383.83 383.86 382.43 380.12 376.79 371.88 367.04 362.88 359.14 355.53 351.77 347.49 342.57 337.66 333.45 330.48 329.15 328.83 328.48 327.41 325.44 322.66 318.94 314.18 308.37 301.96 295.7 290.04 285.1 281.46 278.39 275.25 272 268.9 266.42 265.07 264.6 263.39 264.06 267.09 267.65
345.3 345.5 346.28 347.56 349.19 351.02 352.92 354.81 356.69 358.59 360.56 362.68 365.24 368.69 373.07 374.92 371.77 363.79 354.43 347.3 343.86 345.19 350.14 355.28 359.59 363.16 366.46 370.07 374.52 379.98 385.1 387.08 387.53 386.44 384.09 380.24 375.38 370.68 366.49 362.75 359.29 355.9 352.28 348.26 344.27 340.75 338 336.22 335.1 333.57 331.09 328.03 325.14 322.11 319.2 316.14 312.38 308.11 303.54 298.41 293.07 287.8 282.7 277.97 273.93 271.05 269.63 268.67 267.15 267.82 270.56 269.83
350.72 350.65 351.05 351.89 353.05 354.41 355.87 357.36 358.87 360.46 362.15 363.98 365.94 367.78 369.42 370.03 367.99 363.29 357.84 353.63 352.31 354.03 357.11 360.35 363.35 366.13 368.92 372.07 375.88 380.5 385.43 388.74 389.45 388.42 385.93 382.16 377.74 373.37 369.39 365.88 362.75 359.83 356.89 353.69 350.36 347.3 344.73 342.75 341.06 338.72 335.5 332.6 330.15 327.77 325.75 324.76 323.38 321.26 318.27 313.09 305.67 297.86 290.49 283.99 278.71 275.03 272.89 270.46 267.57 266.22 266.64 266
356.24 355.85 355.88 356.29 357.01 357.93 358.97 360.06 361.2 362.43 363.79 365.28 366.81 368.09 368.55 368.14 366.77 364.48 361.9 360.05 359.72 360.72 362.44 364.5 366.66 368.9 371.3 374 377.14 380.73 384.57 388 390.01 389.51 387.18 383.63 379.58 375.64 372.09 369.02 366.33 363.85 361.44 358.87 355.99 353.2 350.75 348.7 346.83 344.31 341.03 338.35 336.42 334.89 334.07 334.59 334.83 334.13 332.29 328.18 319.28 308.65 298.6 290 283.18 278.37 275.13 271.05 266.25 262.31 260.64 259.45
362.06 361.33 360.95 360.91 361.16 361.64 362.25 362.94 363.72 364.61 365.66 366.88 368.18 369.3 369.7 369.34 368.61 367.62 366.47 365.45 365.1 365.49 366.48 367.91 369.64 371.61 373.78 376.15 378.74 381.48 384.22 386.67 388.37 388.77 387.76 385.04 381.55 378.19 375.23 372.7 370.4 368.2 366.08 363.88 361.32 358.7 356.31 354.24 352.43 350.38 347.67 345.13 343.76 343.26 343.9 345.34 346.25 345.82 343.79 339.85 332.16 319.55 306.66 295.72 287.19 281.08 276.71 271.51 265.5 260.4 257.54 255.36
368.2 367.09 366.27 365.76 365.53 365.53 365.7 366.01 366.45 367.06 367.87 368.92 370.11 371.11 371.35 371.19 370.93 370.64 370.25 369.54 369.05 369.12 369.77 370.93 372.5 374.39 376.48 378.69 380.93 383.11 385.12 386.77 387.86 388.23 387.8 386.44 384.07 381.43 379.02 376.9 374.88 372.87 370.93 368.9 366.48 363.95 361.6 359.54 357.85 356.47 354.96 353.5 352.82 353.22 354.57 356.21 356.95 355.92 353 348.18 340.98 328.83 313.71 300.49 290.28 282.94 277.71 272.39 266.38 260.99 257.91 255.63
374.47 373 371.75 370.76 370.04 369.56 369.29 369.22 369.35 369.71 370.36 371.33 372.44 373.07 373.13 373.06 373.03 373.05 373.08 372.83 372.33 372.24 372.75 373.83 375.41 377.33 379.47 381.66 383.78 385.7 387.32 388.54 389.29 389.53 389.26 388.54 387.28 385.39 383.41 381.54 379.7 377.84 376.01 374 371.56 369.08 366.75 364.67 362.99 361.97 361.74 361.86 362.29 363.22 364.63 365.88 365.4 363.1 359.35 353.96 346.06 334.87 318.31 303.25 291.64 283.34 277.71 273.19 268.34 263.53 260.68 258.75
380.65 378.87 377.24 375.8 374.6 373.65 372.95 372.51 372.33 372.48 372.99 373.9 374.91 375.12 375.07 375.05 375.11 375.26 375.52 375.71 375.3 375.16 375.66 376.79 378.45 380.51 382.79 385.09 387.24 389.11 390.61 391.67 392.29 392.48 392.29 391.78 390.99 389.82 388.27 386.61 384.89 383.11 381.22 379.03 376.6 374.17 371.83 369.68 367.89 366.81 366.93 368.48 370.46 371.86 372.9 373.37 371.79 368.43 363.74 357.36 348.13 335.97 319.03 302.93 290.33 281.42 275.84 272.68 269.75 266.66 264.34 262.55
386.53 384.5 382.55 380.73 379.1 377.71 376.6 375.8 375.32 375.24 375.59 376.38 377.24 377.28 377.19 377.19 377.29 377.5 377.87 378.26 378.05 378 378.59 379.86 381.7 383.96 386.44 388.93 391.24 393.2 394.73 395.79 396.39 396.58 396.41 395.95 395.27 394.35 393.18 391.79 390.17 388.34 386.3 384.04 381.67 379.26 376.87 374.58 372.58 371.18 370.9 372.35 375.39 377.87 378.63 378.25 376.21 372.15 366.4 358.35 347.27 333.07 315.59 298.96 285.88 276.89 271.96 270.09 269 267.75 266.51 265.17
391.94 389.74 387.55 385.42 383.43 381.66 380.17 379.02 378.25 377.9 378.03 378.64 379.43 379.48 379.38 379.4 379.54 379.82 380.27 380.71 380.6 380.75 381.56 383.07 385.16 387.69 390.44 393.18 395.7 397.83 399.47 400.6 401.22 401.4 401.2 400.7 399.96 399.03 397.92 396.6 395.07 393.3 391.31 389.12 386.78 384.35 381.85 379.37 377.06 375.17 374.16 374.55 376.72 379.81 381.04 380.33 377.91 373.42 366.51 356.66 343.41 326.95 308.9 292.48 279.95 271.73 267.39 265.94 265.94 266.17 266.03 265.29
396.79 394.48 392.13 389.77 387.5 385.42 383.6 382.13 381.05 380.41 380.26 380.6 381.24 381.56 381.58 381.62 381.81 382.16 382.62 382.9 382.95 383.44 384.59 386.43 388.86 391.71 394.78 397.81 400.57 402.9 404.67 405.87 406.49 406.61 406.29 405.64 404.75 403.71 402.56 401.28 399.86 398.22 396.35 394.24 391.91 389.4 386.75 384.02 381.33 378.89 377 376.06 376.39 377.9 379.39 379.06 376.58 371.66 363.71 352.16 336.88 319.17 301.8 287.01 275.67 267.93 263.39 261.66 261.79 262.75 263.66 263.8
401.04 398.68 396.24 393.74 391.27 388.93 386.83 385.07 383.7 382.77 382.31 382.3 382.68 383.19 383.52 383.68 383.93 384.3 384.59 384.77 385.17 386.11 387.71 389.96 392.79 396.03 399.45 402.8 405.82 408.32 410.2 411.42 411.97 411.91 411.34 410.4 409.24 408.02 406.82 405.64 404.4 402.99 401.3 399.3 396.97 394.36 391.51 388.5 385.4 382.37 379.61 377.35 375.83 375.06 374.66 373.5 370.68 365.31 356.66 344.45 329.04 312.19 296.77 283.64 273.31 266.13 261.02 258.69 258.46 259.22 260.5 261.65
404.68 402.32 399.84 397.26 394.66 392.13 389.81 387.79 386.16 384.95 384.19 383.85 383.89 384.19 384.59 384.96 385.29 385.61 385.96 386.48 387.39 388.85 390.94 393.67 396.96 400.62 404.43 408.09 411.34 413.99 415.92 417.07 417.43 417.04 416.04 414.62 413.05 411.57 410.34 409.33 408.42 407.37 405.99 404.16 401.86 399.14 396.08 392.75 389.25 385.64 382.02 378.53 375.38 372.76 370.56 367.67 363.52 357.46 348.88 337.43 323.37 308.52 295.3 283.6 275.06 268.4 262.75 258.79 257.84 257.71 258.35 259.88
407.71 405.39 402.91 400.31 397.63 394.97 392.48 390.26 388.4 386.94 385.92 385.3 385.04 385.08 385.31 385.67 386.09 386.6 387.28 388.26 389.69 391.67 394.29 397.54 401.33 405.45 409.63 413.58 417.03 419.78 421.68 422.67 422.71 421.84 420.21 418.18 416.29 414.64 413.36 412.44 411.79 411.22 410.28 408.72 406.5 403.69 400.4 396.76 392.87 388.78 384.56 380.28 376.04 371.99 368.15 364.02 358.89 352.46 344.32 334.13 321.98 309.54 298.37 287.9 279.99 273.49 267.64 263.08 261.18 259.74 259.08 259.94
