raw_data/evaporacion/evapapr.txt
ncols         178
nrows         142
xllcorner     111.875
yllcorner     -44.625
cellsize      0.25
NODATA_value  -9999
[rows 32 to 63 of 142, columns 72 to 143 of 178]
223.24 222.56 222.35 222.65 223.45 224.66 226.03 227.21 227.71 227.09 225.22 223.25 223.57 224.43 225.2 225.72 226.07 226.56 228.19 230.46 231.36 230.7 229.02 226.93 224.96 223.35 222.11 221.08 220.01 218.69 216.85 214.19 210.24 204.55 196.89 188.56 183.77 -9999 -9999 -9999 -9999 -9999 -9999 -9999 218.43 217.17 212.26 205.35 198.08 190.83 183.58 176.57 169.96 163.7 157.43 150.78 143.67 136.67 130.4 125.09 121.89 120.6 120.67 121.83 -9999 -9999 -9999 -9999 -9999 -9999 -9999 -9999
225.3 224.72 224.66 225.18 226.26 227.77 229.45 230.86 231.5 230.88 229.02 227.59 228.32 229.39 230.31 230.94 231.35 231.72 232.28 233.87 233.97 232.29 229.59 226.77 224.53 223.18 222.61 222.42 222.15 221.41 219.86 217.13 212.72 206.11 197.3 188.88 184.93 183.38 184.19 -9999 -9999 -9999 -9999 219.31 221.36 220.04 215.67 208.11 200.08 192.62 185.47 178.44 171.57 164.86 158.15 151.03 143.28 135.33 127.41 118.96 112.86 110.76 110.81 112.44 115.3 -9999 -9999 -9999 -9999 -9999 -9999 -9999
226.82 226.31 226.41 227.17 228.54 230.39 232.41 234.19 235.19 234.97 233.5 232.28 233.21 234.52 235.7 236.69 237.52 238.16 238.3 238.35 236.62 233.13 229.02 225.29 222.67 221.45 221.42 222.35 223.26 223.45 222.49 220.02 215.58 208.67 199.56 191.52 187.52 186.1 186.9 189.62 195.22 204.87 215.14 221.78 223.62 222.04 217.45 209.95 201.81 194.38 187.35 180.43 173.54 166.71 159.88 152.65 144.58 135.74 126.13 114.43 103.2 99.97 100.68 103.62 108.27 -9999 -9999 -9999 -9999 -9999 -9999 -9999
227.66 227.23 227.5 228.52 230.22 232.44 234.88 237.13 238.73 239.28 238.69 237.82 238.91 240.7 242.53 244.37 246.12 247.32 247.16 245.05 240.59 234.99 230.17 226.34 223.45 221.34 220.19 221.45 223.65 225 224.85 222.93 218.91 212.45 203.75 195.62 191.54 189.56 189.97 192.56 198.16 207.2 216.66 223.54 225.46 223.54 218.36 210.87 203.32 196.37 189.58 182.73 175.88 169.11 162.4 155.29 147.19 137.88 127.25 113.95 98.23 91.65 92.52 96.85 103.53 -9999 -9999 -9999 -9999 -9999 -9999 -9999
227.57 227.22 227.73 229.08 231.18 233.85 236.78 239.6 241.94 243.57 244.48 245.17 246.83 249.84 253.12 256.41 259.38 261.09 260.04 255.2 247.59 239.76 233.41 228.82 225.59 223.15 221.54 221.27 223.98 226.36 227.06 225.83 222.57 217.12 209.54 201.39 197.04 194.68 194.33 196.8 202.28 209.9 217.69 223.51 225.54 223.56 218.48 211.83 205.13 198.66 192.12 185.42 178.67 172.04 165.5 158.62 150.73 141.42 130.61 118.28 103.78 91.6 90.61 95.68 104.69 -9999 -9999 -9999 -9999 -9999 -9999 -9999
226.09 225.86 226.72 228.57 231.25 234.49 238 241.47 244.67 247.53 250.31 253.54 257.96 263.72 269.34 274.32 278.21 279.56 276.51 268.31 257.03 246.12 237.61 232.14 228.41 225.63 223.82 223.24 225.16 227.94 229.22 228.6 226.18 222.01 216.21 209.51 204.2 201.43 200.7 202.43 206.74 212.85 219.19 223.79 225.19 223.26 218.88 213.25 207.26 201.19 194.92 188.44 181.84 175.32 168.94 162.35 154.9 145.95 135.41 124.56 114.43 106.31 104.12 108.96 119.84 133.65 -9999 -9999 -9999 -9999 -9999 -9999
222.57 222.52 223.93 226.59 230.14 234.21 238.46 242.66 246.74 250.91 255.7 261.9 270.33 280.69 289.66 295.7 299.48 299.5 293.98 282.71 268.12 254.01 242.97 235.9 231.32 228.19 226.39 225.92 227.29 229.97 231.37 231.06 229.33 226.4 222.45 217.82 213.31 209.94 208.34 209.04 211.98 216.44 221.21 224.75 225.66 223.89 220.07 215.12 209.68 203.99 198.06 191.88 185.49 179.08 172.79 166.49 159.55 151.14 141.21 131.54 124.46 121.51 123.18 129.96 141.46 155.69 -9999 -9999 -9999 -9999 -9999 -9999
216.4 216.6 218.89 222.77 227.63 232.86 238.07 243.09 248.07 253.47 260.2 269.38 282.05 297.2 308.22 314.77 318.5 317.47 310.23 296.82 280 263.34 249.72 240.35 234.5 230.94 229.3 229.01 230.32 232.47 233.51 233.2 231.91 230.07 227.75 225.03 222.32 220 218.56 218.37 219.37 221.18 223.17 224.67 225.1 224.12 221.17 216.96 212.15 207.01 201.54 195.75 189.69 183.53 177.4 171.22 164.57 156.88 148.39 140.51 135.22 135.49 140.74 149.7 162.02 176.18 -9999 -9999 -9999 -9999 -9999 -9999
208.5 208.75 211.68 217.08 223.69 230.45 236.85 242.78 248.58 255.02 263.32 274.97 291.21 309.8 320.26 327.52 331.26 329.69 322.77 308.63 290.86 273.03 257.57 246.07 238.63 234.4 232.62 232.58 233.94 235.31 235.9 235.51 234.53 233.44 232.39 231.28 230.04 228.73 227.57 226.8 226.34 226.03 225.75 225.32 224.55 223.28 221.28 218.35 214.45 210.13 205.43 200.28 194.7 188.79 182.67 176.39 169.83 163.05 156.64 151.4 148.65 150.36 157.06 166.37 177.44 189.2 192.33 189.44 -9999 -9999 -9999 -9999
204.05 203.3 204.75 210.46 218.79 227.3 235 241.83 248.29 255.38 264.58 277.58 295.45 314.21 323.53 330.72 331.91 330.06 325.28 314.07 297.51 280.63 265.01 252.17 243.36 238.44 236.86 237.09 237.81 238.39 238.32 237.48 236.5 235.8 235.54 235.6 235.54 235.16 234.47 233.54 232.36 230.79 229.09 227.34 225.62 223.89 221.95 219.62 216.64 213.38 209.77 205.58 200.62 194.89 188.53 181.79 174.89 168.31 162.84 159.19 158.21 161.1 168.54 177.73 185.51 193.02 194 188.33 179.57 170.14 161.78 -9999
202.64 201.72 202.35 205.58 214.08 224.02 232.89 240.44 247.27 254.5 263.66 276.45 293.4 309.13 317.11 323.67 324.4 322.66 318.94 309.9 296.38 282.87 269.44 257.02 248.47 243.93 242.14 241.6 241.29 241.04 240.37 239.34 238.67 238.24 238.17 238.76 239.4 239.54 239.08 238.05 236.59 234.8 232.68 230.23 227.95 225.81 223.47 221.09 218.8 216.6 214.2 211.15 206.96 201.32 194.39 186.76 179.11 172.1 166.62 163.46 163.17 166.24 173.26 182.54 187.55 190.52 190.55 183.91 174.03 164.48 156.56 -9999
202.13 201.15 201.52 203.92 210.96 221.44 231.02 238.89 245.69 252.49 260.65 271.63 285.44 296.55 302.07 307.18 308.95 307.38 303.58 295.4 286.18 277.39 267.75 257.96 251.39 247.84 246.07 245.03 244.09 243.26 242.32 241.31 240.84 240.64 240.81 241.66 242.61 242.94 242.49 241.3 239.55 237.46 235.18 232.69 230.06 227.34 224.66 222.38 220.68 219.54 218.57 217.08 214.02 208.39 200.29 190.96 181.93 174.29 168.58 165.23 165 167.67 173.17 180.72 185.77 185.8 182.93 176.53 167.19 157.91 150.4 144.24
201.74 200.72 201.01 203.26 209.77 220.22 229.78 237.46 243.8 249.65 256.06 264.04 273.3 279.38 281.9 283.65 283.76 281.43 277.58 273.2 269.31 265.27 260.1 254.84 251.38 249.43 248.25 247.3 246.26 245.27 244.4 243.47 243.06 243.04 243.46 244.47 245.31 245.3 244.62 243.46 241.81 239.5 237.03 234.43 231.56 228.45 225.58 223.51 222.22 222.22 223.14 223.74 221.91 216.14 206.31 194.29 183.03 174.48 168.9 165.97 165.34 167.45 171.36 176.54 181.18 181.07 176.68 169.91 160.96 151.16 144.09 138.77
201.42 200.41 200.8 203.33 210.67 220.56 229.33 236.29 241.79 246.4 250.71 255.22 259.72 261.97 262.15 260.46 256.95 252.89 250 249.42 250.42 250.69 249.78 249.45 249.41 249.35 249.13 248.65 247.94 247.17 246.64 246.07 245.71 245.74 246.17 246.83 247.09 246.68 245.81 244.62 243.09 240.99 238.52 235.88 232.86 229.59 227.12 225.32 224.23 224.79 227.36 228.92 226.27 219.98 209.85 196.48 183.92 174.7 168.52 166.2 165.83 167.21 169.83 172.75 175.31 175.69 171.67 165.04 156.6 146.75 139.76 135.5
201.42 200.49 201.47 205.36 213.45 222.09 229.5 235.38 239.84 243.12 245.4 246.8 247.7 248.35 247.42 243.72 238.84 235.17 232.54 231.5 234.42 237.89 240.03 243.83 246.78 248.46 249.23 249.4 249.23 248.96 248.74 248.5 248.3 248.24 248.33 248.42 248.17 247.51 246.54 245.31 243.82 241.93 239.64 237.12 234.2 231.02 228.72 227.05 226.1 226.92 229.95 231.36 228.34 221.86 211.59 198.11 185.83 176.9 170.54 167.38 167.14 167.91 169.54 170.82 171.33 170.51 167.31 161.6 154.5 146.01 138.96 135.3
202.86 202.34 205.2 210.57 217.4 224.12 229.94 234.59 237.99 240.11 240.77 240.06 239.56 240.19 239.59 236.19 231.71 227.63 224.31 222.44 224.73 229.38 233.13 239.56 244.5 247.41 248.96 249.73 250.14 250.42 250.48 250.37 250.21 250.02 249.76 249.38 248.77 247.95 246.9 245.63 244.16 242.4 240.37 238.11 235.53 232.7 230.24 228.54 227.59 228.17 230.31 231.77 228.99 222.65 212.38 199.28 187.72 179.34 173.35 170.31 169.71 169.95 170.72 170.84 170.06 168.22 165.02 160.48 155.46 149.65 143.83 140.08
209.95 209.89 212.26 216.3 221.12 225.95 230.27 233.78 236.27 237.51 237.13 235.35 234.83 236.2 236.67 234.26 230.35 225.87 221.65 219.13 221.28 225.43 229.92 237.34 243.05 246.53 248.55 249.77 250.65 251.4 251.69 251.64 251.45 251.12 250.64 249.96 249.06 248.02 246.85 245.53 244.06 242.41 240.57 238.58 236.45 234.18 231.95 230.1 228.84 228.3 228.39 228.36 226.36 220.99 211.77 200.26 189.9 182.33 177.3 174.9 173.46 173.19 173.06 172.27 170.76 168.55 165.67 162.33 159.28 156.43 153.97 152.41
217.26 216.99 218.28 220.75 223.88 227.18 230.27 232.86 234.67 235.36 234.5 232.37 231.86 233.76 234.97 233.6 230.78 226.88 222.58 220.11 221.69 224.41 229.69 236.94 242.41 245.88 248.05 249.53 250.74 251.83 252.33 252.34 252.1 251.66 251.05 250.21 249.11 247.82 246.43 244.95 243.35 241.62 239.82 238.06 236.37 234.62 232.76 230.82 228.93 227.09 225.24 223.19 220.36 215.96 209.62 201.96 194.41 188.19 183.63 180.4 178.25 177.21 176.06 174.44 172.42 170.16 167.89 165.85 164.29 163.76 164.63 165.72
222.36 221.79 222.27 223.62 225.54 227.74 229.92 231.82 233.16 233.58 232.68 230.55 229.4 231.14 233.03 232.7 231.03 228.2 224.81 222.83 222.9 224.82 231.13 237.55 242.2 245.31 247.43 249.02 250.41 251.71 252.48 252.56 252.29 251.77 251.01 249.97 248.61 247.02 245.27 243.42 241.49 239.55 237.72 236.19 234.88 233.54 231.96 229.91 227.43 224.63 221.49 218.15 214.82 211.37 207.6 203.26 198.51 193.89 189.74 186.2 183.73 181.58 179.29 176.81 174.28 171.92 170.06 168.85 168.1 169.13 172.16 173.31
225.57 224.74 224.66 225.25 226.35 227.78 229.3 230.7 231.72 232.05 231.34 229.44 227.37 228.08 229.77 230.65 229.96 227.8 225.31 223.74 223.96 227.56 233.3 238.31 242 244.65 246.63 248.24 249.71 251.1 252.17 252.38 252.11 251.48 250.49 249.09 247.31 245.25 243.03 240.78 238.58 236.51 234.74 233.6 232.84 231.82 230.24 227.95 225.05 221.69 217.82 213.95 210.89 208.21 206.18 204.35 201.98 199.15 196.12 192.9 189.57 186.1 182.57 179.13 175.94 173.23 171.25 169.92 169.08 170.21 173.25 173.83
227.69 226.62 226.11 226.16 226.67 227.52 228.54 229.55 230.32 230.61 230.16 228.77 226.76 225.73 226.24 226.8 226.55 225.52 224.32 224.03 226.22 230.51 234.94 238.62 241.5 243.77 245.63 247.24 248.72 250.09 251.23 251.77 251.53 250.73 249.4 247.54 245.26 242.74 240.19 237.79 235.61 233.67 232.03 231.07 230.88 230.28 228.79 226.3 223 219.45 215.45 212.23 209.87 207.84 206.43 206.43 206.11 205.08 203.38 200.39 195.88 190.87 185.93 181.34 177.29 173.92 171.31 169.13 167.12 166.43 167.79 168.88
229.4 228.07 227.19 226.78 226.81 227.18 227.76 228.41 228.94 229.16 228.86 227.91 226.33 224.7 224.18 224.33 224.31 224.04 224.01 225.59 228.67 232.19 235.44 238.23 240.59 242.63 244.45 246.09 247.57 248.88 249.91 250.51 250.43 249.48 247.75 245.45 242.82 240.14 237.62 235.39 233.46 231.76 230.25 229.17 229.31 229.17 227.96 225.53 222.11 218.64 214.97 212.26 210.55 209.35 209.01 210.27 211.3 211.43 210.6 208.22 202.78 196.01 189.39 183.46 178.38 174.14 170.64 167.38 163.63 160.62 160.56 161.42
231.09 229.49 228.25 227.41 226.97 226.88 227.04 227.32 227.57 227.62 227.3 226.51 225.25 223.83 223.1 223.22 223.41 223.6 224.37 226.61 229.44 232.25 234.84 237.18 239.3 241.28 243.13 244.84 246.36 247.63 248.55 249.02 248.84 247.79 245.79 243.16 240.47 237.99 235.78 233.93 232.26 230.71 229.3 228.23 228.38 228.58 227.72 225.62 222.5 219.2 216.19 213.71 212.59 212.43 213.55 215.58 217.13 217.49 216.52 214.11 209.23 201.16 192.76 185.38 179.21 174.1 169.8 165.82 161.01 157.21 156.32 156.47
232.92 231.05 229.45 228.18 227.27 226.71 226.43 226.32 226.24 226.01 225.49 224.58 223.31 222.14 221.92 222.2 222.54 222.92 223.67 225.82 228.46 231.04 233.43 235.65 237.75 239.79 241.75 243.56 245.16 246.44 247.32 247.7 247.44 246.35 244.29 241.4 238.62 236.46 234.61 233.03 231.55 230.12 228.79 227.8 228.13 228.54 227.95 226.24 223.64 220.75 218.53 217.08 216.67 217.42 219.21 221.35 222.74 222.64 221 217.88 213.13 205.25 195.44 186.68 179.54 173.77 169.07 165.14 160.46 156.55 155.64 155.91
234.87 232.76 230.81 229.11 227.73 226.69 225.96 225.44 224.98 224.42 223.58 222.35 220.93 220.21 220.36 220.72 221.13 221.59 222.26 223.83 226.45 229.12 231.58 233.87 236.08 238.24 240.34 242.29 244 245.34 246.26 246.65 246.41 245.42 243.53 240.73 237.59 235.48 233.86 232.42 231.06 229.73 228.53 227.81 228.52 228.95 228.45 227.05 225 222.78 221.16 220.73 221.26 222.55 224.4 226.2 226.59 225.5 223.29 219.86 214.56 207.21 196.52 186.69 178.84 172.72 168.09 164.95 161.53 158.24 157.59 158.29
236.84 234.52 232.27 230.17 228.34 226.83 225.65 224.71 223.87 222.95 221.76 220.19 218.61 218.36 218.61 218.96 219.37 219.85 220.45 221.56 224.15 226.99 229.61 232.05 234.4 236.71 238.97 241.07 242.91 244.36 245.35 245.81 245.68 244.87 243.3 240.94 238 235.28 233.54 232.1 230.81 229.66 228.8 228.9 229.49 229.63 229.02 227.75 226.05 224.37 223.34 223.58 224.91 226.5 228.05 229.24 228.77 226.9 224.07 220.03 213.89 205.94 195.05 184.68 176.4 170.25 166.12 164.14 162.5 160.97 160.65 161.35
238.67 236.23 233.73 231.3 229.06 227.11 225.48 224.14 222.95 221.71 220.24 218.43 216.79 216.62 216.85 217.15 217.53 218.01 218.6 219.62 222.1 225.03 227.77 230.33 232.81 235.27 237.69 239.95 241.92 243.48 244.57 245.14 245.14 244.55 243.32 241.46 239.09 236.52 234.22 232.37 231.14 230.48 230.33 230.53 230.64 230.32 229.47 228.14 226.56 225.08 224.25 224.64 226.43 228.44 229.66 230.17 229.4 227.09 223.56 218.4 211.17 201.99 190.82 180.22 171.86 166.03 162.84 161.92 161.75 161.77 162.27 163.13
240.27 237.76 235.11 232.42 229.83 227.48 225.46 223.74 222.23 220.75 219.11 217.19 215.37 215.01 215.14 215.39 215.75 216.21 216.81 217.93 220.5 223.42 226.17 228.8 231.38 233.99 236.55 238.96 241.07 242.75 243.93 244.58 244.69 244.26 243.29 241.84 240.01 238 236.05 234.44 233.31 232.65 232.31 232.05 231.61 230.83 229.64 228.11 226.42 224.86 223.84 223.84 225.18 227.41 228.77 228.95 227.93 225.41 221.16 214.89 206.41 195.91 184.44 174.11 166.33 161.37 158.94 158.47 159.09 160.11 161.25 162.3
241.55 239.05 236.31 233.45 230.59 227.91 225.52 223.47 221.69 220.04 218.34 216.48 214.63 213.67 213.54 213.72 214.03 214.49 215.25 216.82 219.44 222.2 224.86 227.49 230.17 232.9 235.61 238.17 240.4 242.18 243.43 244.12 244.25 243.86 242.99 241.73 240.22 238.62 237.13 235.88 234.95 234.27 233.71 233.08 232.22 231.03 229.49 227.66 225.69 223.82 222.38 221.73 222.1 223.45 224.96 225.38 224.36 221.64 216.83 209.6 199.94 188.74 177.85 168.74 161.94 157.51 155.14 154.61 155.37 156.86 158.57 160.07
242.47 240.03 237.29 234.32 231.28 228.33 225.64 223.29 221.27 219.49 217.8 216.1 214.4 212.99 212.31 212.29 212.57 213.13 214.33 216.34 218.76 221.26 223.79 226.41 229.17 232.04 234.91 237.61 239.95 241.8 243.07 243.72 243.76 243.23 242.21 240.86 239.37 237.95 236.76 235.88 235.27 234.78 234.25 233.5 232.41 230.93 229.05 226.84 224.48 222.23 220.33 218.99 218.38 218.48 218.96 219.02 217.93 215.07 209.94 202.39 192.71 182.13 172.63 164.75 158.75 154.78 152.16 151.32 151.88 153.24 155.2 157.43
243.03 240.68 237.99 235 231.84 228.69 225.75 223.13 220.9 218.99 217.32 215.78 214.35 213.11 212.25 211.93 212.16 212.95 214.31 216.12 218.2 220.45 222.88 225.53 228.4 231.43 234.46 237.3 239.73 241.61 242.83 243.34 243.13 242.25 240.82 239.07 237.31 235.83 234.84 234.36 234.23 234.2 233.99 233.38 232.25 230.58 228.39 225.81 223.13 220.74 218.6 216.68 215.09 213.99 213.35 212.52 210.85 207.74 202.78 195.79 186.99 177.72 169.72 162.86 158.04 154.46 151.57 149.76 149.85 150.62 152.18 154.76
243.21 240.99 238.38 235.42 232.21 228.93 225.77 222.92 220.47 218.43 216.72 215.29 214.08 213.1 212.43 212.16 212.37 213.07 214.21 215.72 217.54 219.65 222.06 224.81 227.85 231.07 234.27 237.23 239.72 241.58 242.69 242.96 242.37 240.93 238.84 236.47 234.46 232.93 232.05 231.82 232.11 232.73 233.09 232.85 231.86 230.12 227.69 224.84 222.19 219.78 217.4 215.05 212.84 210.87 209.22 207.66 205.58 202.43 197.88 191.73 184.12 176.38 169.7 163.66 159.28 155.84 152.84 150.66 150.12 149.99 150.63 152.75
