raw_data/evaporacion/evapmar.txt
ncols         178
nrows         142
xllcorner     111.875
yllcorner     -44.625
cellsize      0.25
NODATA_value  -9999
[rows 32 to 63 of 142, columns 72 to 143 of 178]
225.19 225.08 225.34 225.99 227.01 228.29 229.58 230.46 230.42 228.92 225.84 222.8 223.02 224.09 225.09 225.86 226.45 227.28 229.77 233.3 235.08 234.81 233.15 230.92 228.76 226.98 225.57 224.31 222.9 221.05 218.48 214.85 209.67 202.43 192.96 182.81 176.88 -9999 -9999 -9999 -9999 -9999 -9999 -9999 204.6 203.79 199.82 194.24 188.72 183.88 179.86 176.64 173.95 171.23 167.87 163.5 158.28 152.95 147.95 143.4 141.5 141.73 143.29 145.86 -9999 -9999 -9999 -9999 -9999 -9999 -9999 -9999
229.94 230 230.47 231.38 232.7 234.28 235.85 236.94 236.97 235.37 232.22 229.83 230.54 231.8 232.91 233.74 234.32 234.86 235.81 238.44 239.22 237.68 234.75 231.57 229.05 227.58 227.01 226.82 226.44 225.38 223.24 219.61 213.97 205.75 195.03 184.94 180.27 178.13 178.16 -9999 -9999 -9999 -9999 207.23 209.06 208.03 204.33 197.82 191.28 186.07 182.22 179.39 177.03 174.53 171.23 166.53 160.46 153.8 146.92 139.31 134.39 133.69 135.13 138.09 142.18 -9999 -9999 -9999 -9999 -9999 -9999 -9999
234.32 234.55 235.24 236.43 238.06 239.99 241.91 243.35 243.75 242.55 239.78 237.51 238.36 239.8 241.13 242.26 243.19 243.9 244.2 244.85 243.4 239.67 235.06 230.79 227.81 226.47 226.56 227.78 228.9 229.04 227.69 224.44 218.83 210.34 199.35 189.82 185.22 183.18 183.15 184.88 189.21 197.2 205.93 211.57 213.06 211.61 207.38 200.41 193.34 188.04 184.47 182.25 180.64 178.72 175.69 170.95 164.27 156.28 147.51 136.83 126.87 124.94 126.85 130.9 136.54 -9999 -9999 -9999 -9999 -9999 -9999 -9999
238.19 238.58 239.51 240.99 242.97 245.29 247.64 249.58 250.61 250.29 248.48 246.39 247.12 248.95 250.87 252.78 254.57 255.77 255.6 253.62 249.02 242.97 237.76 233.53 230.24 227.73 226.31 227.88 230.6 232.19 231.86 229.32 224.26 216.34 205.88 196.27 191.57 189.03 188.62 190.18 194.43 201.79 209.68 215.43 216.84 214.85 209.74 202.5 196.06 191.28 187.79 185.69 184.76 183.24 180.3 175.82 169.21 160.33 150.26 137.99 123.73 118.43 120.3 125.47 132.83 -9999 -9999 -9999 -9999 -9999 -9999 -9999
241.31 241.87 243.07 244.91 247.3 250.05 252.9 255.45 257.32 258.21 258.11 257.61 258.36 261.16 264.43 267.73 270.67 272.3 271.11 266.09 258.2 250.01 243.28 238.28 234.61 231.67 229.55 229.04 232.31 235.14 235.81 234.08 229.92 223.22 214.11 204.46 199.38 196.46 195.38 196.78 200.86 206.88 213.15 217.8 219.17 216.94 211.71 205.1 199.54 195.26 191.97 190.01 189.23 187.69 184.77 180.55 174.39 165.39 154.94 143.49 130.31 119.52 119.4 125.02 134.26 -9999 -9999 -9999 -9999 -9999 -9999 -9999
243.34 244.07 245.62 247.93 250.84 254.14 257.55 260.78 263.57 265.85 267.8 270.02 273.34 278.31 283.7 288.6 292.37 293.57 290.31 281.82 270.19 258.88 249.94 244 239.77 236.46 234.09 233.03 235.12 238.28 239.52 238.41 235.18 230.01 223.09 215.21 209 205.61 204.14 204.87 207.89 212.5 217.33 220.7 221.37 219.12 214.6 208.95 203.83 199.82 196.76 194.94 194.02 192.35 189.46 185.38 179.49 170.88 160.76 150.67 141.49 134.32 132.78 137.81 148.35 161.38 -9999 -9999 -9999 -9999 -9999 -9999
243.79 244.73 246.77 249.75 253.39 257.39 261.47 265.41 269.14 272.82 276.92 282.21 289.54 298.79 307.13 312.93 316.5 316.29 310.51 298.92 283.94 269.36 257.81 250.21 245.08 241.38 238.98 237.92 239.06 241.83 242.92 241.94 239.39 235.71 231.11 225.88 220.83 216.92 214.68 214.57 216.49 219.66 222.91 225.02 225 222.73 218.82 214.1 209.44 205.55 202.68 200.67 199.04 197.08 194.25 190.14 184.37 176.61 167.35 158.39 151.96 149.43 151.2 157.69 168.5 181.77 -9999 -9999 -9999 -9999 -9999 -9999
242.23 243.41 246.15 250.09 254.76 259.7 264.58 269.28 273.89 278.84 284.93 293.22 304.71 318.55 328.76 334.9 338.25 336.91 329.42 315.74 298.53 281.37 267.16 257.18 250.71 246.52 244.22 243.26 244.04 245.77 246.06 244.79 242.64 240.32 237.83 235.11 232.5 230.2 228.6 228.06 228.46 229.4 230.28 230.47 229.5 227.25 223.83 219.87 215.91 212.4 209.48 206.98 204.59 201.96 198.76 194.67 189.41 182.72 174.98 167.7 162.9 163.18 168.04 176.31 187.76 200.98 -9999 -9999 -9999 -9999 -9999 -9999
239.31 240.58 243.85 248.94 254.94 261.06 266.9 272.37 277.76 283.73 291.39 302.11 317.05 334.18 343.85 350.52 353.76 351.83 344.61 330.29 312.2 293.84 277.71 265.5 257.36 252.44 249.95 249.17 249.76 250.16 249.78 248.52 246.9 245.58 244.7 243.99 243.17 242.16 241.14 240.39 239.67 238.87 237.88 236.54 234.7 232.3 229.39 226.13 222.79 219.67 216.84 214.11 211.24 208.01 204.27 199.92 194.85 189.05 183.25 178.46 175.98 177.56 183.65 192.12 202.37 213.43 216.26 213.36 -9999 -9999 -9999 -9999
238.74 239.34 241.6 246.99 254.29 261.72 268.57 274.77 280.74 287.36 295.91 307.96 324.49 341.81 350.36 356.88 357.63 355.39 350.22 338.73 321.89 304.45 288.07 274.43 264.86 259.21 257.02 256.46 256.01 255.32 254.2 252.39 250.82 250.07 250.29 251.19 251.91 252.06 251.63 250.74 249.41 247.56 245.4 243.07 240.68 238.21 235.6 232.87 230.06 227.41 224.85 222.16 219.01 215.21 210.73 205.7 200.28 194.75 189.96 186.69 185.8 188.39 195.03 203.23 210.38 217.46 218.34 212.86 204.42 195.35 187.36 -9999
240.25 240.76 242.49 246.16 253.64 262.16 269.89 276.66 282.95 289.7 298.27 310.18 325.9 340.41 347.65 353.48 353.74 351.57 347.38 338.02 324.19 310.05 295.81 282.72 273.61 268.44 265.85 264.12 262.16 260.42 258.6 256.7 255.77 255.44 255.82 257.42 259.04 259.75 259.53 258.57 257.06 255.07 252.63 249.79 247.07 244.5 241.83 239.23 236.88 234.77 232.72 230.34 227.16 222.86 217.48 211.45 205.31 199.56 194.92 192.16 191.85 194.48 200.59 208.66 213.04 215.77 215.77 209.36 199.83 190.61 182.98 -9999
242.35 242.84 244.43 247.54 254.03 262.98 271.25 278.28 284.54 290.92 298.61 308.92 321.79 331.99 336.85 341.21 342.34 340.23 335.95 327.47 317.84 308.37 297.96 287.66 280.5 276.18 273.37 270.86 268.01 265.52 263.49 261.75 261.2 261.24 261.92 263.72 265.53 266.24 265.89 264.75 263.03 260.9 258.43 255.66 252.73 249.79 246.94 244.47 242.51 241.08 239.89 238.38 235.71 231.08 224.5 216.94 209.6 203.33 198.59 195.73 195.4 197.53 202.12 208.43 212.48 212.21 209.37 203.15 194.01 184.89 177.53 171.52
244.52 245.01 246.55 249.6 255.74 264.7 272.98 279.86 285.75 291.33 297.5 305.15 313.9 319.39 321.32 322.35 321.66 318.63 314.24 309.44 305.04 300.3 294.34 288.42 284.2 281.33 279.01 276.56 273.68 271.03 269.28 267.68 267.2 267.49 268.49 270.36 271.79 272.02 271.32 270.02 268.23 265.93 263.36 260.53 257.45 254.22 251.24 248.91 247.24 246.6 246.74 246.69 244.8 239.87 231.79 222 212.81 205.77 201.07 198.52 197.81 199.3 202.31 206.34 209.74 208.94 204.49 197.83 188.9 178.94 171.91 166.86
246.77 247.27 248.91 252.17 258.92 267.49 275.21 281.57 286.8 291.35 295.73 300.35 304.84 306.71 306.31 303.85 299.4 294.42 290.78 289.64 290.11 289.7 287.93 286.67 285.67 284.6 283.25 281.48 279.27 277.13 276.02 275.09 274.63 274.9 275.83 276.98 277.51 277.12 276.09 274.64 272.82 270.53 267.88 264.99 261.78 258.42 255.71 253.57 252.01 251.77 253.1 253.71 251.08 245.65 237.24 226.31 216.03 208.38 203.15 200.98 200.38 201.15 202.87 204.8 206.24 205.54 201.11 194.53 186.02 175.84 168.88 165.11
249.31 249.87 251.93 256.17 263.45 271.14 277.89 283.44 287.88 291.38 294.07 296.04 297.34 297.71 296.22 291.7 285.75 281.03 277.44 275.54 277.85 280.66 281.89 284.49 286.29 286.9 286.66 285.84 284.73 283.68 283.16 282.78 282.58 282.63 282.86 283.01 282.63 281.73 280.45 278.89 277.03 274.76 272.12 269.24 266.06 262.72 260.12 258.05 256.56 256.48 258.12 258.55 255.57 249.93 241.34 230.26 220.14 212.65 207.19 204.28 203.68 203.83 204.59 205.03 204.69 202.95 198.97 193.21 186.13 177.4 170.32 167.21
252.98 253.82 257.21 262.5 268.89 275.19 280.78 285.44 289.08 291.67 293.09 293.34 293.42 293.94 292.99 288.76 283.09 277.77 273.28 270.33 271.8 275.75 278.5 283.51 287.13 288.96 289.64 289.76 289.81 290.01 290.04 289.94 289.85 289.61 289.14 288.41 287.31 286 284.52 282.85 280.93 278.63 276.07 273.31 270.32 267.19 264.42 262.28 260.75 260.43 261.36 261.78 258.96 253.38 244.75 233.9 224.28 217.16 211.92 209.02 208.04 207.65 207.62 207.06 205.7 203.33 199.67 195.03 190.18 184.44 178.68 175.39
260.83 261.98 265 269.33 274.25 279.18 283.67 287.48 290.43 292.35 292.99 292.48 292.64 294.13 294.45 291.19 286.08 280.26 274.68 270.89 272.07 275.35 278.63 284.44 288.73 291.13 292.39 293.24 294.24 295.51 296.05 296.17 296.11 295.51 294.57 293.3 291.68 290 288.31 286.51 284.46 282.18 279.74 277.14 274.37 271.54 268.85 266.53 264.72 263.5 262.8 262.05 259.79 254.94 247.08 237.44 228.71 222.16 217.62 215.14 213.4 212.48 211.66 210.36 208.53 206.2 203.43 200.45 197.8 195.35 193.42 192.59
269.03 270 272.22 275.38 279.07 282.86 286.43 289.52 291.94 293.44 293.74 293.03 293.36 295.55 296.68 294.56 290.67 285.47 279.73 275.84 276.26 277.86 281.58 287.08 291.09 293.48 294.96 296.24 297.86 299.84 300.88 301.15 300.88 300.07 298.98 297.54 295.59 293.55 291.63 289.69 287.63 285.44 283.11 280.58 277.91 275.25 272.66 270.17 267.79 265.53 263.29 260.94 258.01 253.89 248.27 241.63 235.06 229.54 225.3 222.09 219.64 217.98 216.28 214.32 212.22 210.21 208.63 207.62 206.65 206.82 208.77 210.96
275.94 276.63 278.21 280.52 283.27 286.21 289.06 291.59 293.6 294.86 295.1 294.43 294.38 296.44 298.38 297.47 294.87 290.85 285.99 282.47 281.21 281.71 286.08 290.68 293.87 295.9 297.34 298.75 300.61 302.94 304.55 304.94 304.68 303.86 302.71 301.15 298.95 296.71 294.63 292.61 290.54 288.4 286.11 283.44 280.54 277.86 275.31 272.6 269.68 266.6 263.31 259.9 256.56 253.18 249.6 245.58 241.23 236.95 233 229.43 226.51 223.84 221.14 218.46 216.04 214.25 213.53 213.75 213.63 215.59 220.08 221.96
281.83 282.24 283.33 285 287.08 289.36 291.64 293.73 295.42 296.53 296.87 296.34 295.65 296.69 298.38 298.96 297.49 294.09 290.13 287.12 285.85 287.53 291.22 294.45 296.71 298.26 299.5 300.85 302.65 304.99 307.2 307.83 307.73 307.01 305.8 303.98 301.73 299.48 297.33 295.26 293.2 291.11 288.87 286.1 283.06 280.13 277.26 274.24 270.92 267.33 263.38 259.51 256.38 253.61 251.44 249.48 247.07 244.27 241.2 237.7 233.88 229.95 226.1 222.55 219.6 217.66 217.06 217.01 216.73 218.83 223.17 223.91
287.31 287.42 288.08 289.22 290.75 292.5 294.3 295.98 297.4 298.4 298.86 298.66 297.99 297.75 298.19 298.32 297.35 295.27 292.87 291.14 291.39 293.48 295.9 297.88 299.36 300.48 301.51 302.69 304.24 306.24 308.43 309.83 309.94 309.27 307.99 306.17 304.05 301.88 299.77 297.73 295.75 293.76 291.67 289.11 285.99 282.8 279.57 276.15 272.47 268.64 264.52 261.17 258.6 256.36 254.7 254.28 253.6 252.32 250.37 246.95 241.92 236.45 231.2 226.53 222.77 220.25 219.02 217.67 216.04 216.04 218.01 218.99
292.87 292.63 292.85 293.5 294.52 295.76 297.1 298.4 299.54 300.43 300.98 301.13 300.87 300.41 300.14 299.83 299.1 297.95 296.74 296.39 297.13 298.39 299.68 300.79 301.73 302.57 303.44 304.46 305.73 307.26 308.96 310.51 311.39 311.07 309.91 308.2 306.2 304.16 302.17 300.27 298.42 296.56 294.62 292.34 289.24 285.88 282.44 278.81 274.94 271.12 267.23 264.27 262.22 260.68 259.92 260.58 261.05 260.72 259.49 256.68 250.69 243.42 236.45 230.39 225.54 222.1 219.82 216.93 213.33 210.59 210.36 210.77
298.76 298.12 297.87 298.01 298.49 299.22 300.09 300.99 301.84 302.6 303.2 303.63 303.84 303.83 303.65 303.36 302.9 302.27 301.68 301.51 301.71 302.13 302.66 303.26 303.9 304.6 305.4 306.32 307.36 308.52 309.71 310.79 311.56 311.78 311.41 310.18 308.43 306.59 304.8 303.09 301.36 299.57 297.7 295.55 292.57 289.17 285.7 282.11 278.36 274.73 271.39 268.57 267.01 266.34 266.82 268.12 269.01 268.8 267.33 264.46 259.08 250.46 241.6 233.97 227.89 223.38 220.01 216.08 211.19 207.19 205.64 204.88
304.96 303.91 303.17 302.77 302.69 302.88 303.26 303.75 304.3 304.89 305.49 306.11 306.69 307.09 307.11 306.95 306.69 306.36 305.98 305.52 305.16 305.02 305.13 305.46 305.98 306.66 307.47 308.37 309.3 310.22 311.07 311.77 312.24 312.46 312.41 311.99 310.87 309.32 307.71 306.13 304.49 302.75 300.92 298.8 295.84 292.49 289.12 285.72 282.3 279.06 276.47 274.54 273.56 273.64 274.68 276.04 276.72 275.99 273.79 270.16 264.88 256.4 245.99 236.79 229.5 224.02 219.88 215.82 210.86 206.42 204.47 203.39
311.32 309.87 308.65 307.71 307.06 306.7 306.57 306.64 306.88 307.27 307.83 308.56 309.34 309.74 309.75 309.63 309.47 309.29 309.06 308.61 307.93 307.46 307.33 307.55 308.07 308.81 309.71 310.66 311.59 312.42 313.11 313.61 313.9 314.01 314 313.89 313.49 312.33 310.88 309.37 307.77 306.06 304.23 302.01 298.96 295.72 292.52 289.37 286.32 283.6 281.65 280.7 280.55 281.07 282.11 283.1 282.76 281.01 278.17 274.12 268.19 260.1 248.61 238.09 229.79 223.59 219.13 215.76 211.86 207.76 205.74 204.8
317.58 315.79 314.14 312.69 311.5 310.6 309.98 309.62 309.52 309.68 310.14 310.89 311.7 311.85 311.77 311.64 311.51 311.39 311.27 311.05 310.28 309.65 309.44 309.66 310.25 311.11 312.13 313.2 314.21 315.07 315.73 316.15 316.36 316.39 316.32 316.18 315.96 315.37 314.19 312.77 311.2 309.45 307.46 304.89 301.89 298.82 295.8 292.84 290.05 287.66 286.14 285.9 286.59 287.38 288.1 288.45 287.22 284.64 281.09 276.29 269.34 260.41 248.42 237.05 227.99 221.36 217.05 214.82 212.64 210.07 208.1 207.05
323.48 321.44 319.44 317.56 315.89 314.49 313.39 312.61 312.16 312.07 312.35 313 313.7 313.68 313.52 313.37 313.24 313.15 313.11 312.99 312.31 311.69 311.52 311.83 312.55 313.57 314.77 316.01 317.15 318.1 318.8 319.23 319.4 319.36 319.16 318.88 318.51 317.98 317.16 316 314.46 312.53 310.23 307.58 304.74 301.83 298.91 296.03 293.29 290.94 289.42 289.21 290.38 291.67 292.09 291.77 290.2 287.09 282.72 276.65 268.34 257.83 245.18 233.2 223.69 217.06 213.46 212.31 211.69 210.77 209.69 208.65
328.86 326.65 324.4 322.18 320.11 318.27 316.73 315.55 314.75 314.36 314.4 314.86 315.46 315.41 315.21 315.03 314.9 314.84 314.83 314.73 314.09 313.6 313.58 314.07 314.98 316.22 317.62 319.06 320.37 321.45 322.24 322.69 322.83 322.69 322.33 321.82 321.19 320.45 319.53 318.36 316.86 315 312.8 310.31 307.62 304.78 301.84 298.85 295.94 293.36 291.47 290.71 291.36 292.91 293.55 292.95 291.09 287.68 282.45 275.04 265.14 252.92 239.6 227.55 218.38 212.44 209.43 208.63 208.88 209.24 209.21 208.71
333.59 331.3 328.89 326.44 324.06 321.86 319.94 318.39 317.24 316.52 316.26 316.42 316.84 316.98 316.83 316.65 316.53 316.48 316.44 316.18 315.65 315.41 315.66 316.4 317.57 319.05 320.7 322.36 323.86 325.08 325.95 326.41 326.48 326.18 325.59 324.78 323.83 322.82 321.73 320.53 319.13 317.46 315.47 313.16 310.55 307.67 304.55 301.28 298 294.95 292.47 290.91 290.51 291.15 291.98 291.67 289.82 286.12 280.15 271.49 260.06 246.86 233.97 223.02 214.67 209.06 205.88 204.84 205.21 206.2 207.15 207.61
337.65 335.33 332.85 330.26 327.66 325.18 322.95 321.06 319.58 318.54 317.94 317.75 317.89 318.14 318.2 318.08 317.97 317.9 317.7 317.32 317.07 317.18 317.77 318.83 320.3 322.08 324 325.9 327.59 328.94 329.86 330.28 330.19 329.62 328.66 327.42 326.07 324.76 323.55 322.42 321.25 319.88 318.18 316.06 313.49 310.48 307.06 303.34 299.53 295.94 292.85 290.49 289.02 288.38 288.16 287.51 285.59 281.68 275.24 266.01 254.28 241.53 229.98 220.17 212.5 207.25 203.59 202.07 202.17 203.04 204.41 205.94
341.01 338.72 336.24 333.58 330.85 328.17 325.69 323.52 321.74 320.39 319.46 318.93 318.73 318.75 318.82 318.83 318.76 318.61 318.43 318.31 318.44 318.96 319.93 321.35 323.18 325.28 327.5 329.64 331.51 332.96 333.88 334.17 333.81 332.81 331.27 329.42 327.53 325.87 324.6 323.68 322.92 322.04 320.76 318.91 316.39 313.2 309.41 305.17 300.89 297.12 293.76 290.74 288.17 286.2 284.78 283.25 280.75 276.57 270.21 261.41 250.4 238.83 228.74 219.89 213.5 208.59 204.48 201.67 201.22 201.44 202.45 204.54
343.68 341.46 339.02 336.37 333.58 330.77 328.1 325.7 323.66 322.04 320.83 320 319.49 319.23 319.12 319.07 319.03 319.01 319.07 319.32 319.85 320.78 322.15 323.97 326.18 328.63 331.16 333.53 335.56 337.07 337.92 338 337.23 335.63 333.33 330.72 328.42 326.55 325.23 324.44 324.03 323.78 323.1 321.63 319.23 315.9 311.74 307.08 302.83 299 295.32 291.78 288.49 285.57 283.1 280.82 277.95 273.74 267.76 259.76 249.92 239.87 231.08 223 216.99 212.14 207.82 204.52 203.33 202.57 202.65 204.36
