raw_data/evaporacion/evapjun.txt
ncols         178
nrows         142
xllcorner     111.875
yllcorner     -44.625
cellsize      0.25
NODATA_value  -9999
[rows 34 to 67 of 142, columns 76 to 151 of 178]
172.43 173.79 175.3 176.68 177.66 177.99 177.65 177.28 177.68 178.17 178.55 178.81 178.97 179 178.61 177.82 176.06 173.49 170.79 168.49 167.02 166.51 166.87 167.97 169.27 170.42 171.24 171.64 171.53 170.78 169.32 167.6 166.22 166.32 168.23 171.69 177.73 187.76 198.65 204.86 204.67 199.87 190.49 176.33 161.79 149.84 140.32 132.49 125.51 119 113.19 108.19 103.67 99.09 93.32 84.51 75.24 72.9 73.82 76.49 80.5 -9999 -9999 -9999 -9999 -9999 -9999 -9999 -9999 -9999 -9999 -9999 -9999 -9999 -9999 -9999
169.91 171.56 173.38 175.12 176.52 177.35 177.59 177.62 178.34 179.24 180.11 180.99 181.8 182.24 181.71 179.72 176.35 172.47 169.23 166.8 165.12 164.07 163.77 164.98 166.91 168.58 169.73 170.29 170.26 169.58 168.24 166.65 165.48 165.28 167 170.48 176.56 185.83 195.59 202.16 201.89 196.25 185.54 171.23 158.06 147.38 138.34 130.61 124.06 117.84 112.04 106.72 101.82 97.07 91.12 81.78 69.16 64.03 65.12 68.97 74.7 -9999 -9999 -9999 -9999 -9999 -9999 -9999 -9999 -9999 -9999 -9999 -9999 -9999 -9999 -9999
167.08 169.06 171.24 173.38 175.26 176.76 177.91 178.98 180.45 182.36 184.26 186.15 187.82 188.63 187.57 183.95 178.57 173.19 168.93 165.97 164.04 162.76 162.14 162.42 164.52 166.62 168.03 168.75 168.85 168.38 167.36 166.07 165.41 165.31 166.62 170.18 176.19 183.87 191.34 196.21 195.96 190.04 179.35 166.49 155.19 145.77 137.45 130.15 123.86 117.88 112.17 106.77 101.58 96.68 90.87 83.03 72.16 62.4 61.96 66.53 74.39 -9999 -9999 -9999 -9999 -9999 -9999 -9999 -9999 -9999 -9999 -9999 -9999 -9999 -9999 -9999
163.81 166.21 168.82 171.41 173.84 176.11 178.4 181.07 184.51 188.62 192.23 195.3 197.63 198.26 195.93 190.17 182.42 175.03 169.35 165.8 163.51 161.94 161.11 161.11 162.6 164.71 166.2 166.94 167.13 166.91 166.37 165.65 165.31 165.72 167.23 170.46 175.55 181.75 187.43 190.48 189.2 183.4 174.18 163.37 153.36 144.85 137.28 130.59 124.49 118.56 112.9 107.62 102.57 97.64 92 85.82 79.32 73.56 72.33 76.89 86.6 98.87 -9999 -9999 -9999 -9999 -9999 -9999 -9999 -9999 -9999 -9999 -9999 -9999 -9999 -9999
159.9 162.91 166.06 169.16 172.18 175.28 178.84 183.43 189.55 196.9 202.99 206.88 209.22 209.04 205.14 197.4 187.51 178.01 170.65 166.02 163.13 161.27 160.33 160.23 161.19 162.98 164.22 164.78 164.94 164.93 164.85 164.76 164.86 165.44 166.89 169.59 173.6 178.44 182.98 185.34 183.8 178.69 171 162.13 153.37 145.53 138.71 132.48 126.31 120.12 114.37 109.33 104.66 99.71 94.28 89.26 85.78 84.94 87.37 93.82 104.18 116.81 -9999 -9999 -9999 -9999 -9999 -9999 -9999 -9999 -9999 -9999 -9999 -9999 -9999 -9999
155.14 159.04 162.9 166.6 170.23 174.15 178.99 185.54 194.52 205.18 212.76 217.12 219.56 218.76 213.76 204.61 193.24 182.06 172.98 166.79 163.01 160.78 159.8 159.6 160.26 161.45 162.18 162.41 162.46 162.64 162.93 163.31 163.88 164.69 165.91 167.76 170.25 173.13 175.86 177.53 177.28 174.62 169.09 162.14 154.9 147.97 141.49 135.24 129.04 122.99 117.4 112.38 107.69 103.04 98.68 95.08 93.09 95.22 100.97 109.47 120.62 133.18 -9999 -9999 -9999 -9999 -9999 -9999 -9999 -9999 -9999 -9999 -9999 -9999 -9999 -9999
149.51 154.59 159.35 163.73 167.94 172.57 178.46 186.69 198.12 211.16 218.38 223.34 225.89 224.79 220.05 210.4 198.36 186.39 176.09 168.47 163.59 160.81 159.54 159.23 159.66 160.16 160.52 160.68 160.8 161.07 161.53 162.14 162.83 163.59 164.53 165.79 167.3 168.99 170.62 171.8 172.08 171.01 168.19 163.63 157.79 151.64 145.45 139.25 133.1 127.17 121.62 116.49 111.83 108.27 105.61 103.77 103.52 106.57 113.5 122.39 132.5 143.02 146.1 143.97 -9999 -9999 -9999 -9999 -9999 -9999 -9999 -9999 -9999 -9999 -9999 -9999
143.35 149.77 155.53 160.59 165.29 170.38 176.89 186.04 198.59 211.74 218.21 223.2 224.02 222.76 219.53 211.89 200.65 189.32 178.93 170.4 164.53 161.16 159.79 159.44 159.32 159.29 159.33 159.27 159.31 159.59 160.17 160.97 161.81 162.58 163.3 164.07 165.08 166.4 167.95 169.46 170.63 170.96 169.81 166.86 162.12 156.64 150.81 144.77 138.68 132.7 126.92 121.44 116.46 112.79 110.44 109.48 110.42 114.3 121.82 130.62 137.97 144.88 146.14 141.68 134.54 126.75 119.81 -9999 -9999 -9999 -9999 -9999 -9999 -9999 -9999 -9999
137.53 145.05 151.72 157.33 162.31 167.5 173.99 182.99 194.89 205.92 211.5 216.09 216.62 215.46 212.95 206.8 197.62 188.56 179.64 171.31 165.48 162.23 160.67 159.77 158.92 158.4 158.16 157.98 158.08 158.38 158.93 159.83 160.82 161.64 162.25 162.72 163.37 164.65 166.83 169.39 171.91 173.52 172.79 170.11 166.08 161.19 155.76 150.04 144.11 138.01 131.8 125.7 120.03 115.32 112.31 111.42 112.84 116.88 124.09 133.06 138.14 141.26 141.74 136.5 128.45 120.6 114.07 -9999 -9999 -9999 -9999 -9999 -9999 -9999 -9999 -9999
133.12 141.05 148.26 154.13 159.11 163.99 169.77 177.5 187.2 195 198.88 202.48 203.77 202.73 200.17 194.59 188.34 182.49 176.08 169.45 164.94 162.36 160.84 159.62 158.33 157.41 157.02 156.82 156.95 157.29 157.88 158.83 159.9 160.76 161.31 161.62 162.02 163.1 165.51 169.09 172.57 174.5 174.26 172.12 168.56 164 158.98 153.81 148.32 142.14 135.24 128.12 121.54 116.15 112.42 110.82 112.17 115.96 121.99 129.6 134.88 135.62 133.71 128.73 121.19 113.61 107.48 102.47 98.82 -9999 -9999 -9999 -9999 -9999 -9999 -9999
130.36 138.26 145.45 151.17 155.81 160.03 164.58 170.19 176.69 180.97 182.77 184.04 184.17 182.61 180.01 177.08 174.51 171.9 168.51 164.98 162.62 161.17 160.09 158.95 157.55 156.37 155.97 155.78 155.91 156.28 156.93 157.91 158.88 159.52 159.92 160.24 160.69 161.65 164.03 167.91 171.93 174.49 174.85 173.09 169.89 165.57 161 156.58 151.64 145.38 137.53 128.86 120.95 114.99 111.22 109.58 110.15 113.47 118.28 123.98 129.06 129.84 126.74 121.48 114.32 106.38 100.67 96.44 93.22 92 94.28 -9999 -9999 -9999 -9999 -9999
129.34 136.79 143.37 148.54 152.56 155.87 158.93 162.1 165.25 166.86 167.03 165.9 163.5 160.74 158.81 158.53 159.38 159.73 159.26 159.16 159.19 159.07 158.66 157.85 156.6 155.32 155 154.95 155.07 155.43 156.04 156.81 157.47 157.88 158.16 158.46 158.97 160.05 162.47 166.48 170.89 173.94 174.27 172.59 169.7 166.04 162.05 157.89 152.57 146.12 138.09 128.61 119.94 113.57 109.36 108.05 108.5 111 114.78 118.64 122.02 123.35 120.66 115.57 108.86 100.94 95.38 92.12 89.94 89.27 91.91 -9999 -9999 -9999 -9999 -9999
129.87 136.34 141.85 146.18 149.42 151.78 153.39 154.36 154.99 155.48 154.89 152.36 149.01 146.53 144.79 144.18 146.36 148.92 150.56 153.35 155.46 156.56 156.83 156.42 155.45 154.28 153.98 154.04 154.21 154.51 154.93 155.39 155.78 156.05 156.26 156.51 157.03 158.21 160.73 164.83 169.4 172.64 173.06 171.45 168.63 165.15 161.47 157.34 152 145.6 137.58 128.1 119.67 113.5 109.15 107.21 107.62 109.45 112.41 114.93 116.55 116.85 114.91 110.61 105.04 98.29 92.74 90.09 88.92 89.37 92.3 -9999 -9999 -9999 -9999 -9999
131.35 136.31 140.58 143.96 146.42 147.92 148.38 147.85 147.5 148 147.65 145.34 142.29 139.52 137.3 136.1 137.83 141.22 143.97 148.59 152.09 154.03 154.82 154.77 154.08 153.11 152.81 152.9 153.06 153.28 153.52 153.74 153.93 154.09 154.23 154.44 154.93 156.16 158.72 162.8 167.29 170.45 171.18 169.63 166.67 162.8 158.98 155.31 150.39 144.28 136.43 127.28 119.35 113.56 109.48 107.61 107.74 109.17 111.42 112.95 113.44 112.75 110.65 107.21 103.37 98.87 94.35 91.66 91.22 92.6 95 96.71 97.11 -9999 -9999 -9999
132.67 136.15 139.25 141.76 143.52 144.38 144.09 142.8 142.45 143.47 143.89 142.29 139.64 136.6 133.75 132.1 133.74 136.76 140.02 145.35 149.37 151.69 152.76 152.96 152.49 151.7 151.44 151.52 151.65 151.8 151.94 152.01 152.01 152.01 152.05 152.18 152.65 153.84 156.28 160.19 164.5 167.39 167.96 166.29 162.97 158.75 154.58 150.83 146.75 141.49 134.48 126.4 119.23 114 110.62 109.23 108.83 110.06 111.55 112.25 112.02 110.88 108.77 105.99 103.73 101.61 99.7 98.6 98.47 98.75 98.8 98.31 97.53 -9999 -9999 -9999
133.21 135.51 137.66 139.46 140.7 141.15 140.52 138.97 138.63 140.04 140.98 140.13 138.26 135.63 132.73 131.12 132.35 134.38 138.21 143.4 147.25 149.55 150.71 151.05 150.76 150.12 149.88 149.95 150.06 150.15 150.2 150.18 150.07 149.92 149.78 149.76 150.03 150.9 152.95 156.45 160.43 163.11 163.47 161.49 157.82 153.39 148.94 144.86 140.96 136.73 131.77 126.22 120.89 116.57 113.51 111.61 110.99 111.73 112.31 112.22 111.47 110.11 108.24 106.19 105.02 104.6 104.95 105.59 105.7 104.72 102.56 99.89 97.72 96.13 -9999 -9999
132.85 134.3 135.76 137.03 137.92 138.17 137.49 135.95 135.14 136.44 137.87 137.75 136.7 134.85 132.59 131.33 131.51 132.99 137.57 142.19 145.46 147.51 148.64 149.08 148.97 148.48 148.17 148.23 148.31 148.33 148.27 148.1 147.84 147.48 147.08 146.73 146.58 146.94 148.32 151.01 154.04 156.34 157.04 155.22 151.45 146.99 142.54 138.44 134.91 131.77 128.77 125.59 122.24 119.07 116.35 114.4 113.88 113.71 113.25 112.38 111.12 109.54 107.8 106.28 105.74 106.3 107.94 108.83 108.53 107.37 104.94 100.96 97.23 94.63 -9999 -9999
131.75 132.62 133.59 134.49 135.14 135.32 134.76 133.35 131.84 132.4 133.7 134.46 134.11 132.73 131.13 130.17 130.49 133.21 137.43 141.06 143.67 145.42 146.51 147.06 147.15 146.84 146.42 146.39 146.42 146.33 146.1 145.69 145.12 144.4 143.63 142.91 142.38 142.25 142.92 144.87 147.25 148.93 149.26 147.76 144.45 140.39 136.21 132.45 129.66 127.43 125.89 124.66 123.13 121.34 119.56 118.12 116.96 115.66 114.15 112.47 110.63 108.69 106.8 105.4 104.85 105.39 107.08 107.87 107.88 107.22 105.17 100.65 95.9 92.87 91.41 -9999
130.19 130.65 131.25 131.87 132.34 132.47 132.05 130.95 129.4 128.62 129.07 129.61 129.6 129.03 128.37 128.38 130.2 133.51 136.85 139.58 141.66 143.19 144.27 144.96 145.28 145.23 144.89 144.57 144.4 144.13 143.64 142.9 141.93 140.85 139.79 138.87 138.18 137.8 137.93 139.14 141.29 142.77 142.84 141.28 138.27 134.82 131.22 128.48 126.58 125.07 124.15 124.4 124.5 124.14 123.42 122.17 120.08 117.58 114.98 112.42 109.93 107.47 105.16 103.46 102.15 101.5 102.42 103.68 104.61 104.85 103.43 99.14 94.46 91.93 91.02 -9999
128.4 128.53 128.83 129.2 129.48 129.52 129.14 128.24 126.84 125.44 125.03 125.27 125.44 125.44 125.67 127.21 129.88 132.78 135.39 137.56 139.32 140.75 141.89 142.76 143.32 143.56 143.45 143.06 142.46 141.79 140.88 139.74 138.48 137.23 136.12 135.23 134.59 134.16 133.98 134.45 136.44 138.04 138.21 136.74 133.92 130.99 128.08 126.04 124.85 124.12 124.12 125.42 126.62 127.2 127.15 126.17 123.32 119.55 115.78 112.28 109.08 106.04 103.19 101.01 98.53 96.46 96.87 98.15 99.59 100.7 100.28 97.48 93.9 91.88 91.56 92.48
126.56 126.38 126.4 126.5 126.56 126.42 125.91 124.94 123.54 122.03 121.31 121.5 121.82 122.16 123.08 125.39 128.15 130.76 133.05 134.99 136.66 138.11 139.37 140.42 141.22 141.72 141.88 141.67 141.03 139.91 138.25 136.52 135.08 133.89 132.92 132.21 131.66 131.21 130.92 131.06 132.76 134.52 134.95 133.82 131.4 128.72 126.51 124.8 124.19 124.36 125.55 127.51 129.16 129.97 129.85 128.76 126.11 121.42 116.45 112.01 108.13 104.59 101.34 98.83 95.71 93.38 93.51 94.56 96.06 97.65 98.36 97.06 94.72 92.99 93.27 95.56
124.76 124.28 124 123.83 123.61 123.19 122.39 121.1 119.4 117.87 117.56 117.89 118.3 118.75 119.61 122.06 124.99 127.71 130.04 132.03 133.76 135.32 136.73 137.96 138.97 139.69 140.07 140.06 139.55 138.41 136.47 133.97 132.02 130.92 130.12 129.54 129.05 128.61 128.27 128.35 130.1 131.97 132.62 131.89 130.01 127.65 126 125.15 125.15 126.08 127.85 129.93 131.5 132.01 131.43 129.83 127.18 122.55 116.67 111.38 106.96 103.15 99.86 97.49 94.61 92.41 92.78 94.22 96.1 98 99.07 98.13 96.48 95.66 96.76 100.32
123.07 122.28 121.69 121.22 120.71 119.96 118.75 116.99 114.95 113.88 113.99 114.39 114.84 115.33 116.05 117.89 121.03 124.09 126.67 128.84 130.72 132.43 134 135.41 136.59 137.49 138.05 138.2 137.86 136.87 135.08 132.45 129.66 128.3 127.58 127.04 126.57 126.15 125.85 126.18 128.31 130.12 130.82 130.39 129.08 127.35 126.01 125.81 126.54 127.93 129.78 131.65 132.51 132.32 131.36 129.59 126.57 122.29 115.89 110 105.25 101.44 98.45 96.72 94.89 93.34 94.13 96.09 98.13 99.75 100.52 99.6 98.02 97.72 99.42 103.55
121.51 120.41 119.52 118.75 117.94 116.86 115.28 113.07 110.79 110.38 110.67 111.06 111.49 111.99 112.58 113.79 116.99 120.37 123.23 125.6 127.65 129.51 131.23 132.79 134.13 135.17 135.87 136.17 136 135.24 133.78 131.55 128.79 126.45 125.39 124.72 124.25 123.95 124.03 125.32 127.26 128.68 129.21 128.9 127.99 126.85 126.05 126.19 127.35 128.93 130.58 132.01 132.26 131.54 130.19 128.05 124.53 119.95 113.51 107.41 102.57 98.96 96.55 95.67 95.19 95.09 96.32 98.33 99.89 100.88 101.22 100.17 98.53 98.26 99.77 103.31
120.09 118.69 117.51 116.46 115.39 114.06 112.21 109.77 107.46 107.22 107.51 107.87 108.28 108.76 109.32 110.39 113.45 116.95 119.96 122.47 124.64 126.63 128.48 130.17 131.64 132.8 133.61 134.03 134.02 133.5 132.42 130.74 128.58 126.28 124.4 123.12 122.62 122.85 123.76 125.14 126.46 127.31 127.53 127.18 126.44 125.62 125.14 125.47 126.83 128.57 129.92 130.84 130.91 129.9 128.11 125.27 121.14 115.9 109.45 103.36 98.65 95.45 93.84 93.7 94.21 95.17 96.93 99.12 100.34 100.89 100.77 99.26 97.79 97.4 98.15 100.19
118.79 117.13 115.67 114.38 113.1 111.62 109.7 107.21 104.74 104.3 104.5 104.82 105.19 105.65 106.22 107.41 110.57 114.03 117 119.52 121.76 123.84 125.81 127.61 129.18 130.44 131.34 131.84 131.95 131.63 130.86 129.66 128.12 126.43 124.89 123.79 123.31 123.46 124.07 124.84 125.48 125.78 125.65 125.13 124.37 123.6 123.14 123.33 124.44 126.22 127.56 128.18 128.05 126.95 124.73 121.25 116.47 110.52 104.05 98.29 94.09 91.57 90.57 90.78 91.78 93.26 95.13 97.14 98.6 99.04 98.43 97.2 96.21 95.8 95.87 96.32
117.6 115.71 114.01 112.5 111.07 109.55 107.72 105.45 103.03 101.78 101.64 101.88 102.22 102.66 103.45 105.27 108.44 111.6 114.37 116.8 119.05 121.2 123.26 125.16 126.82 128.15 129.09 129.64 129.8 129.57 128.97 128.07 126.94 125.76 124.71 123.95 123.57 123.56 123.77 124.02 124.13 123.97 123.5 122.75 121.84 120.94 120.3 120.15 120.69 121.89 123.26 123.98 123.82 122.6 120.1 116.14 110.74 104.47 98.45 93.55 90.08 88.01 87.15 87.37 88.45 90.1 92.03 93.87 95.21 95.76 95.54 94.95 94.46 94.29 94.19 93.57
116.49 114.41 112.5 110.79 109.25 107.74 106.09 104.18 102.08 100.25 99.36 99.33 99.62 100.21 101.6 104.02 106.84 109.53 111.99 114.28 116.51 118.72 120.87 122.86 124.59 125.96 126.92 127.45 127.56 127.29 126.68 125.84 124.88 123.96 123.22 122.75 122.55 122.54 122.6 122.58 122.37 121.89 121.13 120.12 118.98 117.89 117 116.47 116.4 116.82 117.5 117.97 117.76 116.48 113.84 109.78 104.5 98.73 93.64 89.61 86.72 84.99 84.04 84.1 85.01 86.48 88.35 90.31 91.87 92.78 93.04 92.92 92.87 93.14 92.9 91.4
115.41 113.19 111.09 109.21 107.56 106.05 104.58 103.05 101.45 99.94 98.84 98.39 98.61 99.52 101.09 103.15 105.37 107.58 109.76 111.93 114.16 116.44 118.67 120.75 122.52 123.9 124.82 125.26 125.23 124.77 123.95 122.93 121.9 121.03 120.48 120.28 120.35 120.55 120.69 120.64 120.3 119.63 118.63 117.38 116.06 114.92 113.93 113.05 112.37 112.01 111.95 111.83 111.23 109.81 107.33 103.71 99.08 94.23 90.17 86.84 84.66 83.19 82.12 81.65 82.21 83.18 84.61 86.51 88.32 89.79 90.59 90.9 91.24 91.8 91.18 89.47
114.34 112.01 109.75 107.7 105.92 104.39 103.03 101.77 100.58 99.53 98.75 98.39 98.57 99.31 100.51 102.04 103.76 105.61 107.59 109.71 111.99 114.35 116.68 118.82 120.61 121.96 122.8 123.09 122.82 122.04 120.85 119.49 118.34 117.49 117.04 117 117.31 117.85 118.28 118.38 118.07 117.31 116.15 114.74 113.47 112.35 111.24 110.12 109.05 108.1 107.33 106.65 105.75 104.3 102.11 99.07 95.26 91.44 88.28 85.52 83.64 82.27 81.14 80.43 80.53 80.8 81.45 82.87 84.66 86.5 87.92 88.72 89.26 89.81 89.27 87.62
113.24 110.83 108.44 106.23 104.29 102.67 101.32 100.19 99.24 98.48 97.96 97.74 97.9 98.43 99.3 100.47 101.89 103.54 105.45 107.61 109.99 112.46 114.88 117.05 118.84 120.13 120.85 120.95 120.39 119.21 117.6 116.13 115.47 115 114.56 114.19 114.14 114.85 115.64 116.02 115.83 115.07 113.82 112.33 111.15 109.99 108.77 107.51 106.23 104.96 103.72 102.54 101.36 99.95 98.13 95.77 92.96 90.28 87.95 85.73 83.85 82.46 81.3 80.52 79.96 79.37 79.11 79.69 81.24 83.34 85.29 86.55 87.1 87.26 86.9 85.42
112.09 109.7 107.26 104.91 102.77 100.92 99.44 98.3 97.43 96.79 96.38 96.23 96.35 96.76 97.46 98.46 99.76 101.39 103.36 105.64 108.16 110.75 113.24 115.42 117.17 118.38 118.98 118.88 118.05 116.52 114.76 113.98 113.63 113.27 112.85 112.37 111.98 112.16 113.13 113.77 113.74 113.02 111.75 110.21 108.97 107.72 106.42 105.07 103.67 102.24 100.78 99.3 97.84 96.4 94.96 93.39 91.75 90.2 88.71 87.21 85.75 84.37 83 81.58 79.99 78.3 76.99 76.76 78.01 80.47 83.19 85.1 85.63 85.02 83.75 81.99
111.05 109.02 106.85 104.54 102.13 99.8 97.93 96.57 95.53 94.77 94.27 94.06 94.15 94.52 95.17 96.16 97.51 99.24 101.37 103.83 106.51 109.21 111.72 113.89 115.57 116.69 117.18 116.95 115.94 114.27 112.71 112.28 112.04 111.73 111.34 110.88 110.39 110.18 111.09 111.86 111.92 111.24 109.95 108.33 106.9 105.55 104.16 102.72 101.24 99.71 98.15 96.57 95.03 93.64 92.48 91.59 90.92 90.37 89.83 89.28 88.55 87.34 85.51 82.98 79.93 76.66 73.76 72.33 73.52 77.36 82.22 85.73 86.38 84.52 81.51 78.46
110.59 108.95 107.1 105.07 102.9 100.69 98.6 96.71 95.06 93.71 92.73 92.24 92.24 92.59 93.27 94.31 95.78 97.63 99.84 102.37 105.08 107.81 110.3 112.4 113.99 115.03 115.46 115.19 114.17 112.5 111.02 110.68 110.5 110.26 109.95 109.56 109.13 108.91 109.74 110.47 110.47 109.75 108.44 106.75 105.01 103.46 101.97 100.44 98.88 97.28 95.65 94.01 92.48 91.17 90.23 89.76 89.75 90.08 90.61 91.18 91.17 89.97 87.81 84.14 79.29 73.82 68.56 65.92 67.77 74.17 82.51 88.77 89.96 86.46 80.43 74.72
