raw_data/evaporacion/evapsep.txt
ncols         178
nrows         142
xllcorner     111.875
yllcorner     -44.625
cellsize      0.25
NODATA_value  -9999
[rows 64 to 95 of 142, columns 72 to 143 of 178]
262.71 260.72 258.29 255.43 252.21 248.8 245.42 242.27 239.51 237.18 235.27 233.72 232.46 231.48 230.77 230.36 230.28 230.53 231.13 232.06 233.33 234.99 237.06 239.55 242.37 245.38 248.33 251 253.18 254.7 255.45 255.33 254.29 252.35 249.78 247.41 246.2 245.24 244.28 243.37 242.88 243.42 244.02 243.93 242.93 241.03 238.32 235.27 232.81 230.47 228.12 225.77 223.46 221.28 219.29 217.46 215.52 212.98 209.52 205 199.59 194.18 189.29 184.59 180.47 177.21 174.37 172.27 170.69 169.31 168.75 169.78
261.35 259.54 257.27 254.52 251.36 247.93 244.46 241.15 238.16 235.58 233.46 231.79 230.48 229.48 228.78 228.36 228.25 228.45 228.98 229.89 231.22 233.02 235.31 238.06 241.15 244.37 247.47 250.21 252.37 253.81 254.4 254.04 252.61 250.17 247.39 246.02 245.27 244.46 243.51 242.44 241.43 241.2 242.04 242.34 241.55 239.69 236.91 233.75 231.16 228.66 226.14 223.61 221.1 218.69 216.38 214.13 211.85 209.37 206.52 203.2 199.54 195.88 192.31 188.79 185.36 182.13 178.98 175.87 172.63 169.46 167.18 166.83
259.55 257.9 255.78 253.14 250.05 246.71 243.33 240.03 236.87 233.95 231.52 229.6 228.1 226.95 226.14 225.66 225.52 225.73 226.31 227.32 228.83 230.89 233.48 236.55 239.92 243.33 246.53 249.27 251.38 252.74 253.21 252.68 251.02 248.38 245.91 245.07 244.49 243.76 242.86 241.81 240.66 239.85 240.6 241.08 240.41 238.57 235.76 232.42 229.51 226.8 224.13 221.48 218.89 216.4 213.99 211.61 209.21 206.8 204.41 202.11 199.93 197.84 195.8 193.81 191.62 188.67 184.8 179.86 174.21 168.31 163.08 160.41
257.3 255.78 253.74 251.11 248.09 244.95 241.81 238.72 235.74 232.91 230.34 228.08 226.16 224.6 223.45 222.78 222.6 222.85 223.53 224.71 226.46 228.78 231.66 235.02 238.65 242.21 245.42 248.11 250.14 251.42 251.84 251.28 249.63 247.03 244.7 244.01 243.53 242.92 242.15 241.21 240.16 239.34 239.98 240.37 239.62 237.71 234.87 231.42 227.97 224.94 222.1 219.36 216.72 214.18 211.71 209.27 206.84 204.48 202.34 200.63 199.47 198.78 198.47 198.32 197.3 194.39 189.98 183.17 174.44 164.51 154.71 149.64
254.59 253.07 250.9 248.23 245.37 242.46 239.55 236.68 233.9 231.26 228.81 226.61 224.7 223.13 221.94 221.19 220.91 221.1 221.77 222.97 224.7 226.99 229.85 233.29 237.18 240.94 244.11 246.67 248.58 249.79 250.23 249.8 248.4 246.07 243.59 242.81 242.47 242.07 241.54 240.91 240.21 239.75 240.4 240.42 239.29 237.11 234.13 230.61 226.86 223.22 220.07 217.16 214.44 211.83 209.28 206.77 204.29 201.93 199.91 198.49 197.92 198.26 199.43 200.66 199.31 196.12 191.56 184.5 173.17 159.17 145.83 143.61
251.29 249.49 247.16 244.59 241.92 239.19 236.45 233.75 231.13 228.63 226.32 224.22 222.4 220.9 219.76 219.02 218.72 218.87 219.51 220.67 222.36 224.61 227.46 230.93 235.04 239.35 242.57 244.93 246.68 247.81 248.31 248.1 247.14 245.43 243.35 242 241.68 241.67 241.67 241.66 241.69 241.93 242.15 241.41 239.57 236.83 233.48 229.75 225.86 221.96 218.24 214.81 211.86 209.13 206.49 203.91 201.37 199.01 197.03 195.74 195.43 196.29 198.19 200.08 198.86 195.65 190.9 183.42 171.13 155.79 142.27 141.59
247.1 245.07 242.78 240.33 237.79 235.18 232.56 229.96 227.44 225.03 222.8 220.79 219.04 217.6 216.51 215.81 215.53 215.71 216.37 217.54 219.26 221.56 224.47 228.05 232.33 237.04 240.72 242.92 244.43 245.46 246.01 246.06 245.6 244.66 243.47 242.44 242.08 242.67 243.57 244.54 245.47 245.93 245.37 243.55 240.64 236.98 232.92 228.72 224.52 220.37 216.28 212.31 208.83 205.91 203.18 200.54 198 195.66 193.71 192.44 192.18 193.12 194.97 196.79 196.56 193.67 188.63 180.53 169.2 155.62 142.86 140.98
242.22 240.17 237.94 235.56 233.07 230.52 227.94 225.4 222.92 220.57 218.39 216.43 214.75 213.38 212.36 211.74 211.55 211.82 212.57 213.85 215.69 218.11 221.18 224.93 229.41 234.45 238.7 240.68 241.89 242.75 243.31 243.58 243.58 243.41 243.27 243.43 244.21 245.79 247.82 249.65 251.02 251.29 250.01 246.96 242.63 237.65 232.51 227.52 222.76 218.17 213.65 209.18 205.19 202.09 199.28 196.61 194.1 191.8 189.87 188.57 188.26 189.11 190.66 191.94 191.75 189.18 184 176.43 167.32 157.53 148.39 144.08
237.1 235.04 232.79 230.4 227.91 225.35 222.77 220.22 217.76 215.43 213.29 211.4 209.79 208.52 207.63 207.16 207.13 207.57 208.52 209.99 212.04 214.68 217.97 221.95 226.68 232.02 236.63 238.29 239.13 239.77 240.26 240.65 241.01 241.5 242.34 243.82 246.16 249.32 252.54 254.43 255.39 255.54 254.5 250.89 245.31 238.73 232.2 226.13 220.59 215.4 210.34 205.35 201.04 197.78 194.87 192.14 189.64 187.39 185.49 184.15 183.73 184.44 185.76 186.63 186.07 183.48 178.7 172.16 164.91 158.21 152.96 150.26
231.99 229.84 227.52 225.05 222.49 219.87 217.25 214.67 212.21 209.9 207.82 206.01 204.54 203.43 202.74 202.49 202.71 203.43 204.67 206.46 208.81 211.76 215.35 219.62 224.62 230.14 234.54 235.75 236.19 236.55 236.9 237.31 237.91 238.89 240.55 243.21 247.09 251.73 255.1 256.17 256.3 255.82 254.67 252.28 247.39 239.7 231.69 224.44 218.03 212.18 206.55 201.07 196.63 193.22 190.15 187.34 184.81 182.59 180.71 179.3 178.68 179.09 179.83 180.03 179.15 176.81 172.86 167.54 161.63 156.52 153.17 151.43
227.07 224.76 222.3 219.71 217.03 214.32 211.64 209.03 206.57 204.32 202.33 200.68 199.4 198.54 198.13 198.22 198.8 199.92 201.57 203.77 206.54 209.89 213.85 218.46 223.74 229.2 232.38 232.96 233.03 233.11 233.28 233.62 234.31 235.59 237.84 241.41 246.52 252.15 254.44 254.71 254.31 253.44 252.07 250.12 246.7 239.46 230.45 222.19 215.03 208.63 202.54 196.7 192.19 188.64 185.51 182.69 180.1 177.75 175.84 174.29 173.4 173.47 173.59 173.16 171.95 169.8 166.63 162.54 157.88 153.45 150.52 148.58
222.49 219.97 217.32 214.56 211.75 208.95 206.21 203.59 201.18 199.03 197.22 195.79 194.81 194.3 194.3 194.82 195.9 197.53 199.71 202.44 205.73 209.58 213.99 218.97 224.35 228.8 229.83 229.72 229.52 229.36 229.34 229.56 230.22 231.61 234.13 238.17 243.95 250.07 251.42 251.24 250.64 249.64 248.22 246.33 243.43 237.25 227.88 219.07 211.52 204.85 198.55 192.54 187.88 184.23 181.09 178.26 175.62 173.19 171.16 169.47 168.49 168.39 168.08 167.23 165.82 163.83 161.23 158.03 154.34 150.44 147.14 144.76
218.38 215.61 212.74 209.81 206.86 203.98 201.21 198.64 196.35 194.39 192.83 191.74 191.15 191.11 191.63 192.73 194.42 196.69 199.53 202.92 206.84 211.27 216.1 220.84 224.95 226.21 226.13 225.8 225.45 225.13 224.95 225.04 225.58 226.88 229.33 233.34 239.09 245.24 246.85 246.68 246.05 245.07 243.7 241.88 239.06 232.88 223.61 214.92 207.47 200.91 194.74 188.79 183.8 180.05 176.85 173.98 171.32 168.88 166.8 165.08 164.3 163.92 163.19 162.03 160.51 158.67 156.5 153.95 151 147.64 144.18 141.5
214.83 211.79 208.69 205.59 202.54 199.61 196.88 194.42 192.32 190.65 189.46 188.81 188.74 189.29 190.46 192.26 194.69 197.73 201.35 205.47 209.82 214.24 218.46 220.54 221.5 221.6 221.39 221.06 220.66 220.27 219.98 219.92 220.28 221.34 223.44 226.94 232 237.78 240.95 241.35 240.84 239.95 238.69 236.9 233.59 226.42 217.73 209.8 202.95 196.85 191.13 185.5 180.23 176.2 172.88 169.94 167.3 164.91 162.83 161.3 160.5 159.61 158.39 156.91 155.31 153.64 151.88 149.93 147.66 145 141.97 139.13
211.87 208.58 205.27 202.01 198.89 195.98 193.36 191.11 189.3 188.02 187.31 187.22 187.79 189.05 190.99 193.62 196.89 200.56 204.45 208.53 211.76 213.53 214.85 215.55 215.87 215.96 215.86 215.59 215.2 214.76 214.37 214.15 214.27 214.97 216.53 219.23 223.18 228.09 232.6 234.52 234.62 233.97 232.69 230.39 225.38 218.14 210.73 204.03 198.11 192.74 187.64 182.62 177.68 173.19 169.48 166.47 163.8 161.41 159.54 158.08 156.65 154.97 153.1 151.23 149.54 148.09 146.82 145.55 144.08 142.26 140.06 137.7
209.31 205.96 202.49 199.14 196.01 193.19 190.76 188.8 187.4 186.61 186.49 187.08 188.41 190.48 193.13 196.14 199.54 202.47 204.18 205.66 206.94 207.85 208.61 209.25 209.73 210.03 210.09 209.91 209.51 208.96 208.35 207.85 207.63 207.87 208.8 210.6 213.33 216.83 220.56 223.5 225.1 225.07 223.25 219.77 214.77 209.02 203.32 198.02 193.16 188.61 184.21 179.84 175.52 171.37 167.62 164.38 161.61 159.19 156.99 154.76 152.29 149.59 146.86 144.46 142.65 141.5 140.91 140.53 140.03 139.2 137.99 136.54
206.51 203.67 200.32 196.96 193.89 191.24 189.1 187.54 186.64 186.46 187.04 188.35 190.12 192.43 194.69 195.82 196.85 197.87 198.68 199.5 200.38 201.3 202.26 203.21 204.09 204.78 205.14 205.09 204.58 203.71 202.63 201.56 200.74 200.35 200.56 201.47 203.1 205.29 207.73 209.92 211.3 211.43 210.15 207.58 204.1 200.15 196.09 192.12 188.28 184.52 180.76 176.98 173.21 169.54 166.07 162.88 159.95 157.13 154.21 150.98 147.35 143.52 139.94 137 135.09 134.21 134.3 134.87 135.51 135.77 135.56 135.04
203.23 200.95 198.35 195.33 192.49 190.12 188.35 187.29 186.95 187.23 188.19 189.54 190 190.31 190.69 190.93 191.27 191.74 192.36 193.13 194.08 195.27 196.72 198.38 200.11 201.63 202.62 202.81 202.06 200.51 198.44 196.25 194.33 192.94 192.25 192.29 192.98 194.19 195.67 197.08 198.09 198.41 197.9 196.58 194.61 192.18 189.48 186.61 183.62 180.52 177.3 173.99 170.65 167.34 164.12 161.01 157.92 154.71 151.14 147.01 142.38 138.05 134.49 131.59 129.63 128.66 128.62 129.35 130.9 132.18 132.86 133.11
199.93 197.79 195.64 193.51 191.35 189.4 188.05 187.39 187.3 187.01 186.65 186.39 185.99 185.66 185.47 185.44 185.58 185.88 186.4 187.22 188.45 190.26 192.73 195.8 199.18 202.32 204.52 205.19 204.05 201.26 197.4 193.2 189.38 186.39 184.43 183.46 183.35 183.86 184.76 185.83 186.81 187.52 187.81 187.59 186.85 185.61 183.92 181.85 179.44 176.78 173.92 170.94 167.89 164.83 161.79 158.75 155.61 152.19 148.28 143.66 138.68 134.47 130.44 127.64 125.76 124.49 124.71 125.63 127.13 128.99 130.26 130.98
196.76 194.68 192.62 190.72 189.02 187.57 186.38 185.42 184.61 183.77 182.92 182.15 181.49 180.98 180.61 180.39 180.33 180.48 180.96 181.96 183.75 186.66 190.88 196.33 202.48 208.31 212.56 214.09 212.37 207.66 200.97 193.61 186.82 181.39 177.62 175.4 174.46 174.47 175.13 176.23 177.57 178.97 180.22 181.14 181.51 181.21 180.19 178.51 176.3 173.71 170.92 168.01 165.08 162.15 159.25 156.33 153.32 150.05 146.32 141.98 137.52 133.13 129.02 126.66 124.86 123.34 122.96 124.11 125.19 126.95 128.26 129.06
193.75 191.76 189.73 187.84 186.18 184.74 183.46 182.29 181.17 180.11 179.11 178.23 177.47 176.84 176.34 175.94 175.7 175.7 176.17 177.46 180.09 184.58 191.29 200.11 210.09 219.12 224.85 226.87 224.73 218.66 209.28 197.83 187.01 178.29 172.14 168.38 166.56 166.19 166.9 168.43 170.6 173.18 175.86 178.22 179.82 180.33 179.63 177.82 175.19 172.09 168.83 165.6 162.5 159.54 156.71 153.99 151.33 148.65 145.8 142.58 138.96 134.71 130.52 128.03 126.14 124.6 124.25 125.25 125.89 126.72 127.35 127.75
190.94 189.03 187.03 185.13 183.41 181.88 180.48 179.16 177.92 176.76 175.73 174.85 174.12 173.49 172.93 172.39 171.94 171.75 172.17 173.77 177.33 183.64 193.25 205.87 219.11 227.84 229.59 229.22 227.82 225.02 218.06 204.35 189.22 176.75 167.9 162.45 159.75 159.16 160.23 162.68 166.33 170.85 175.72 180.19 183.42 184.78 184.03 181.4 177.5 173 168.48 164.29 160.55 157.26 154.37 151.87 149.78 148.12 146.87 145.57 142.94 139.44 135.64 132.61 130.46 128.98 128.82 129.01 128.85 128.43 127.82 127.37
188.38 186.49 184.49 182.56 180.78 179.15 177.64 176.22 174.92 173.79 172.87 172.18 171.67 171.22 170.72 170.1 169.4 168.9 169.11 170.83 175.09 182.97 195.17 210.49 222.03 225.08 224.88 223.91 222.61 220.84 217.5 208.55 191.55 175.76 164.43 157.43 154.01 153.44 155.24 159.19 165.08 172.51 180.63 188.08 193.07 194.97 193.9 190.22 184.41 177.49 170.73 164.75 159.74 155.67 152.44 150.06 148.6 148.23 149.04 150.17 148.58 146.3 143.97 141.62 139.33 137.22 135.56 134.15 132.81 131.33 129.41 127.91
186.06 184.13 182.09 180.11 178.26 176.54 174.93 173.46 172.19 171.23 170.62 170.36 170.32 170.29 170.02 169.37 168.39 167.41 167.13 168.55 172.92 181.51 195.03 210.53 217.18 218.44 218.06 217 215.6 213.81 211.22 205.85 191.23 174.06 161.08 153.05 149.24 148.96 151.83 157.75 166.6 177.78 189.52 198.91 203.42 204.07 202.71 199.52 193.25 184.56 175.81 167.45 160.5 155.1 151.13 148.58 147.59 148.42 151.26 154.72 154.22 153.4 152.71 151.34 149.04 145.83 142.13 138.72 135.75 133.03 130.48 128.31
183.97 181.92 179.8 177.75 175.81 173.98 172.3 170.83 169.7 169.05 168.94 169.34 169.98 170.28 170.13 169.4 168.14 166.71 165.88 166.73 170.49 178.51 191.05 203.51 208.64 210.5 210.63 209.67 208.02 205.66 202.2 197.11 186.71 170.76 157.5 149.15 145.28 145.44 149.5 157.57 169.64 184.29 195.95 201.01 203.11 203.07 201.04 197.21 192.09 186.48 180.28 171.18 162.7 155.67 150.51 147.35 146.4 147.98 152.27 157.42 158.05 158.48 158.06 156.35 154.19 151.31 146.31 140.97 136.37 132.6 129.64 127.33
182.03 179.81 177.58 175.42 173.38 -9999 169.72 168.29 167.34 167.08 167.59 168.73 169.62 168.98 167.82 166.51 165.13 163.86 163.25 164.02 166.84 173.05 182.62 191.28 197.05 200.43 201.68 201 198.86 195.27 190.19 183.89 175.77 164.55 153.31 145.65 141.95 142.43 147.41 157.24 171.79 187.23 194.52 198.38 199.56 198.89 196.71 192.08 185.8 180.01 175.11 170.14 164.18 156.81 150.36 146.19 144.72 146.3 151.12 157.27 158.66 159.65 159.01 157.13 154.9 151.91 146.43 140.01 134.65 130.81 128.36 126.41
-9999 -9999 -9999 -9999 -9999 -9999 -9999 165.71 164.94 165.03 166.1 167.52 167.22 165.89 164.33 162.71 161.1 159.48 158.24 157.96 159.24 162.79 168.72 175.67 182.24 187.14 189.57 189.25 186.41 181.49 175.12 167.98 160.57 153.1 146.38 141.44 138.36 139.01 144.46 155.12 169.9 182.36 189.06 193.13 193.62 192.41 189.79 184.83 177.45 170.71 165.96 162.88 160.39 156.46 150.03 144.77 142.32 143.15 147.44 153.58 155.37 156.23 156.14 154.47 152.04 148.49 142.39 136.09 131.2 128.22 126.47 123.98
-9999 -9999 -9999 -9999 -9999 -9999 -9999 -9999 -9999 162.55 -9999 -9999 163.97 162.32 160.5 158.63 156.78 154.98 153.32 152.3 152.2 153.26 155.84 160.13 165.61 170.84 174.01 173.99 170.87 165.82 160.19 154.74 149.34 143.77 138.42 134.2 132 133.15 138.86 149.1 162.09 172.77 180.34 185.36 186.26 184.83 181.35 175.21 167.37 160.81 156.44 153.92 153.33 152.46 148.43 142.7 139.12 138.76 141.71 146.65 148.5 148.63 148.43 147.27 144.61 140.46 135.31 130.48 126.89 124.86 123.13 120.39
-9999 -9999 -9999 -9999 -9999 -9999 -9999 -9999 -9999 -9999 -9999 -9999 -9999 -9999 -9999 154.46 152.4 150.58 149.1 148.23 147.56 147.01 146.88 147.75 150.32 154.03 156.96 157.33 155.21 152.48 150.78 149.39 146.38 141.29 134.87 128.96 125.38 125.22 128.99 137.03 148.11 158.87 167.34 173.24 176.04 175.15 171.15 164.45 157.59 152.71 149.42 147.18 146.57 147.24 145.55 139.74 135.27 133.74 135.16 138.34 139.19 138.43 137.41 135.94 133.67 130.73 127.66 125.02 123.11 121.76 119.87 116.78
-9999 -9999 -9999 -9999 -9999 -9999 -9999 -9999 -9999 -9999 -9999 -9999 -9999 -9999 -9999 -9999 -9999 146.11 145.22 144.59 143.15 141.68 140.46 138.99 138.52 139.9 141.89 142.82 142.92 144.42 147.76 148.25 143.95 137.99 131.19 124.05 118.67 117.53 120 125.55 133.81 143.08 151.23 157.21 160.66 161.16 158.66 153.72 148.84 145.67 143.47 141.85 141.62 142.72 141.72 135.98 131.06 128.76 128.95 130.15 129.34 127.94 126.52 125.02 123.45 122.08 121.34 121.27 121.04 119.99 117.38 113.63
-9999 -9999 -9999 -9999 -9999 -9999 -9999 -9999 -9999 -9999 -9999 -9999 -9999 -9999 -9999 -9999 -9999 141.06 140.34 138.86 136.71 134.66 132.96 131.34 129.44 129.26 130.51 132.03 134.34 139.18 143.17 140.37 134.86 128.63 122 115.38 110.14 109.25 112.48 117.2 123.05 129.7 136.11 141.39 145.11 147.02 146.88 144.77 141.75 139.72 138.47 137.77 138.61 139.29 137.81 131.98 126.98 124.36 123.54 122.53 120.88 119.23 117.68 116.25 115.16 114.99 116.29 118.38 118.69 117.38 114.77 110.83
-9999 -9999 -9999 -9999 -9999 -9999 -9999 -9999 -9999 -9999 -9999 -9999 -9999 -9999 -9999 -9999 -9999 134.99 133.69 131.5 128.94 126.56 124.46 122.67 121.1 120.85 121.98 123.89 127.15 132.6 134.51 -9999 -9999 118.83 112.86 107.39 103.04 101.6 106.21 111.66 116.48 121.15 125.66 129.79 133.33 136.04 137.65 138.02 137.42 136.65 136.24 136.31 136.67 136.38 134.25 128.48 123.58 120.76 118.79 116.66 114.68 112.87 111.16 109.57 108.4 108.52 110.49 113.05 114.17 113.5 111.32 107.42
