raw_data/evaporacion/evapmar.txt
ncols         178
nrows         142
xllcorner     111.875
yllcorner     -44.625
cellsize      0.25
NODATA_value  -9999
[rows 32 to 63 of 142, columns 0 to 71 of 178]
-9999 -9999 -9999 -9999 -9999 -9999 -9999 -9999 -9999 -9999 -9999 -9999 -9999 -9999 -9999 -9999 -9999 -9999 -9999 -9999 -9999 -9999 -9999 -9999 -9999 -9999 -9999 -9999 -9999 -9999 -9999 -9999 -9999 -9999 -9999 -9999 -9999 -9999 -9999 -9999 -9999 207.16 205.93 205.41 206.47 208.4 -9999 212.71 215.21 218.23 221.85 225.9 229.97 233.59 236.42 238.34 239.41 239.84 239.83 239.54 239.04 238.33 237.34 236.11 234.69 233.1 231.44 229.86 228.45 227.26 226.3 225.61
-9999 -9999 -9999 -9999 -9999 -9999 -9999 -9999 -9999 -9999 -9999 -9999 -9999 -9999 -9999 -9999 -9999 -9999 -9999 -9999 -9999 -9999 -9999 -9999 -9999 -9999 -9999 -9999 -9999 -9999 -9999 -9999 -9999 -9999 -9999 -9999 -9999 -9999 -9999 -9999 -9999 211.58 210.21 209.19 209.22 211.37 214.02 216.61 219.31 222.39 225.97 229.91 233.86 237.38 240.14 242.04 243.16 243.71 243.89 243.85 243.58 242.95 241.88 240.68 239.43 238 236.3 234.58 233.06 231.82 230.88 230.25
-9999 -9999 -9999 -9999 -9999 -9999 -9999 -9999 -9999 -9999 -9999 -9999 -9999 -9999 -9999 -9999 -9999 -9999 -9999 -9999 -9999 -9999 -9999 -9999 -9999 -9999 -9999 -9999 -9999 -9999 -9999 -9999 -9999 -9999 -9999 -9999 -9999 -9999 -9999 -9999 -9999 216.86 215.46 214.29 213.81 215.53 218.4 221.22 224 227.05 230.51 234.29 238.04 241.37 243.99 245.8 246.91 247.53 247.86 248 247.71 246.8 245.68 244.54 243.42 242.27 240.83 239.03 237.38 236.06 235.11 234.53
-9999 -9999 -9999 -9999 -9999 -9999 -9999 -9999 -9999 -9999 -9999 -9999 -9999 -9999 -9999 -9999 -9999 -9999 -9999 -9999 -9999 -9999 -9999 -9999 -9999 -9999 -9999 -9999 -9999 -9999 -9999 -9999 -9999 -9999 -9999 -9999 -9999 -9999 -9999 -9999 -9999 -9999 221.39 220.19 219.6 221.11 223.95 226.74 229.43 232.32 235.56 239.07 242.54 245.59 247.98 249.62 250.65 251.26 251.67 251.87 251.33 250.3 249.22 248.13 247.06 246.03 244.86 243.08 241.3 239.87 238.87 238.3
-9999 -9999 -9999 -9999 -9999 -9999 -9999 -9999 -9999 -9999 -9999 -9999 -9999 -9999 -9999 -9999 -9999 -9999 -9999 -9999 -9999 -9999 -9999 -9999 -9999 -9999 -9999 -9999 -9999 -9999 -9999 -9999 -9999 -9999 -9999 -9999 -9999 -9999 -9999 -9999 -9999 229.53 228.12 226.94 226.51 228.25 230.85 233.32 235.71 238.28 241.17 244.3 247.37 250.06 252.12 253.51 254.35 254.87 255.26 255.46 254.78 253.73 252.68 251.61 250.56 249.57 248.46 246.67 244.73 243.13 242 241.38
-9999 -9999 -9999 -9999 -9999 -9999 -9999 -9999 -9999 -9999 -9999 -9999 -9999 -9999 -9999 -9999 -9999 -9999 -9999 -9999 -9999 -9999 -9999 -9999 -9999 -9999 -9999 -9999 -9999 -9999 -9999 -9999 -9999 -9999 -9999 -9999 -9999 -9999 -9999 -9999 238.66 237.12 235.79 234.93 235.23 237.03 239.09 240.99 242.88 244.98 247.39 250.01 252.58 254.78 256.41 257.46 258.05 258.37 258.65 258.82 258.23 257.2 256.14 255.1 254.08 253.09 251.89 249.9 247.63 245.67 244.23 243.42
-9999 -9999 -9999 -9999 -9999 -9999 -9999 -9999 -9999 -9999 -9999 -9999 -9999 -9999 -9999 -9999 -9999 -9999 -9999 -9999 -9999 -9999 -9999 -9999 -9999 -9999 -9999 -9999 -9999 -9999 -9999 -9999 -9999 -9999 -9999 -9999 -9999 -9999 -9999 250.26 247.73 246.16 245.11 245.15 245.97 247.23 248.49 249.69 250.96 252.47 254.27 256.25 258.17 259.77 260.89 261.51 261.76 261.83 261.95 262.11 261.85 260.92 259.87 258.85 257.86 256.8 255.36 252.87 249.96 247.32 245.25 244
-9999 -9999 -9999 -9999 -9999 -9999 -9999 -9999 -9999 -9999 -9999 -9999 -9999 -9999 -9999 -9999 -9999 -9999 -9999 -9999 -9999 -9999 -9999 -9999 -9999 -9999 -9999 -9999 -9999 -9999 -9999 -9999 -9999 -9999 -9999 -9999 -9999 -9999 -9999 262.06 259.94 258.49 257.7 257.59 257.91 258.38 258.85 259.33 259.91 260.73 261.79 263.01 264.17 265.06 265.56 265.68 265.54 265.34 265.3 265.53 265.75 265.07 264.08 263.08 262.03 260.78 258.91 255.72 251.74 247.91 244.75 242.74
-9999 -9999 -9999 -9999 -9999 -9999 -9999 -9999 -9999 -9999 -9999 -9999 -9999 -9999 -9999 -9999 -9999 -9999 -9999 -9999 -9999 -9999 -9999 -9999 -9999 -9999 -9999 -9999 -9999 -9999 -9999 -9999 -9999 -9999 -9999 -9999 -9999 -9999 275.63 274.13 272.77 271.71 271 270.59 270.36 270.17 269.96 269.76 269.66 269.71 269.95 270.28 270.56 270.64 270.44 269.99 269.43 268.97 268.82 269.16 269.77 269.57 268.67 267.64 266.45 264.86 262.4 258.44 253.09 247.65 243.12 240.2
-9999 -9999 -9999 -9999 -9999 -9999 -9999 -9999 -9999 -9999 -9999 -9999 -9999 -9999 -9999 -9999 -9999 -9999 -9999 -9999 -9999 -9999 -9999 -9999 -9999 -9999 -9999 -9999 -9999 -9999 -9999 -9999 -9999 -9999 -9999 -9999 -9999 286.82 286.42 285.9 285.32 284.74 284.18 283.63 283.04 282.38 281.64 280.84 280.06 279.33 278.67 278.03 277.33 276.5 275.52 274.46 273.45 272.73 272.53 273.04 274.04 274.14 273.25 272.13 270.73 268.73 265.61 260.83 254.44 247.84 242.71 239.74
-9999 -9999 -9999 -9999 -9999 -9999 -9999 -9999 -9999 -9999 -9999 -9999 -9999 -9999 -9999 -9999 -9999 -9999 -9999 -9999 -9999 -9999 -9999 -9999 -9999 -9999 -9999 -9999 -9999 -9999 -9999 -9999 -9999 -9999 -9999 294.34 295.39 296.26 296.94 297.41 297.63 297.59 297.28 296.72 295.91 294.89 293.71 292.38 290.94 289.42 287.83 286.16 284.43 282.63 280.81 279.08 277.6 276.58 276.31 276.99 278.28 278.33 277.38 276.15 274.5 272.19 268.54 263.13 256.25 249.35 244.13 241.2
-9999 -9999 -9999 -9999 -9999 -9999 -9999 -9999 -9999 -9999 -9999 -9999 -9999 -9999 -9999 -9999 -9999 -9999 -9999 -9999 -9999 -9999 -9999 -9999 -9999 -9999 -9999 -9999 -9999 283.72 -9999 289.15 292.97 296.19 298.89 301.27 303.47 305.53 307.39 308.95 310.06 310.62 310.59 310.02 308.99 307.62 305.98 304.13 302.06 299.77 297.26 294.58 291.79 288.99 286.3 283.85 281.83 280.46 280 280.68 282.06 281.96 280.89 279.35 277.47 274.98 271.17 265.39 258.23 251.22 245.99 243.19
-9999 -9999 -9999 -9999 -9999 -9999 -9999 -9999 -9999 -9999 -9999 -9999 -9999 -9999 -9999 -9999 -9999 -9999 -9999 -9999 -9999 -9999 -9999 -9999 -9999 -9999 -9999 -9999 285.81 285.96 287.3 291.69 296.5 300.73 304.47 307.97 311.4 314.8 318.06 320.91 323.07 324.31 324.52 323.81 322.4 320.5 318.3 315.86 313.15 310.13 306.78 303.13 299.33 295.54 291.96 288.76 286.13 284.29 283.47 283.87 285.09 285.07 283.89 282.18 280.14 277.49 273.52 267.56 260.28 253.25 248.04 245.32
-9999 -9999 -9999 -9999 -9999 -9999 -9999 -9999 -9999 -9999 -9999 -9999 -9999 -9999 -9999 -9999 -9999 -9999 -9999 -9999 -9999 -9999 -9999 -9999 295.72 291.5 289.07 287.89 287.58 288.04 289.71 294.64 300.17 305.2 309.87 314.49 319.29 324.29 329.24 333.7 337.13 339.09 339.44 338.35 336.22 333.49 330.49 327.34 323.97 320.28 316.17 311.68 306.95 302.22 297.77 293.8 290.51 288.08 286.71 286.53 287.32 287.7 286.56 284.85 282.72 279.91 275.69 269.69 262.42 255.46 250.35 247.59
-9999 -9999 -9999 -9999 -9999 -9999 -9999 -9999 -9999 -9999 -9999 -9999 -9999 -9999 -9999 -9999 -9999 -9999 -9999 322.76 319.92 -9999 -9999 302.38 296.38 292.11 289.71 288.71 288.71 289.58 292.04 297.81 303.9 309.55 315.07 320.86 327.18 334.02 340.99 347.3 351.82 354.41 354.96 353.53 350.37 346.45 342.37 338.35 334.29 329.99 325.25 320.05 314.54 308.98 303.71 298.99 295.01 291.93 289.87 288.9 288.94 289.36 288.77 287.21 285.08 282.11 277.82 271.9 264.81 258.01 252.97 250.18
-9999 -9999 -9999 -9999 -9999 -9999 -9999 -9999 -9999 -9999 -9999 -9999 -9999 -9999 -9999 -9999 -9999 325.95 324.94 322.99 319.89 315.08 308.55 301.55 295.51 291.32 289.08 288.36 288.72 290.2 294.35 300.91 307.46 313.67 319.99 326.94 334.86 343.67 352.64 359.94 363.92 366.48 368 367.71 364.21 358.97 353.62 348.63 343.89 339.07 333.86 328.13 322 315.75 309.75 304.33 299.68 295.94 293.16 291.35 290.42 290.07 289.69 288.78 286.99 283.99 279.67 274.19 268 261.87 256.8 253.86
-9999 -9999 -9999 -9999 -9999 -9999 -9999 -9999 -9999 -9999 -9999 -9999 -9999 -9999 -9999 -9999 325.09 325.54 324.55 322.34 318.57 312.99 305.99 298.7 292.51 288.36 286.42 286.22 287.11 289.42 295.78 303.39 310.53 317.34 324.43 332.46 341.86 352.38 361.93 367.42 371.05 373.87 375.95 377.03 375.84 370.24 363.77 357.9 352.57 347.36 341.85 335.78 329.22 322.45 315.86 309.83 304.59 300.23 296.79 294.21 292.39 291.1 290.02 288.74 286.89 284.24 280.75 276.6 272.08 267.65 263.9 261.5
-9999 -9999 -9999 -9999 -9999 -9999 -9999 -9999 -9999 -9999 -9999 -9999 -9999 -9999 318.01 320.19 322.64 324.13 323.33 320.64 316.05 309.7 302.12 294.33 287.54 283.02 281.45 282.29 284.27 287.64 296.12 305.03 312.98 320.43 328.19 337.07 347.58 359 367.56 372.59 376.44 379.58 381.96 383.55 383.57 379.13 372.24 365.81 360.15 354.76 349.12 342.91 336.12 329 321.98 315.47 309.74 304.88 300.91 297.72 295.21 293.18 291.42 289.66 287.68 285.33 282.61 279.58 276.44 273.46 270.99 269.41
-9999 -9999 -9999 -9999 -9999 -9999 -9999 -9999 -9999 -9999 -9999 -9999 315.24 315.83 316.82 318.26 319.93 321.22 321.08 318.67 313.62 306.87 298.95 290.29 282.26 277.04 275.66 277.6 281.41 286.13 295.96 306.12 314.93 322.97 331.18 340.51 351.52 363.34 371.67 376.87 380.99 384.4 387.03 388.86 389.25 385.44 378.6 372.14 366.51 361.19 355.62 349.44 342.59 335.32 328.04 321.21 315.13 309.92 305.56 301.95 298.97 296.46 294.25 292.17 290.08 287.92 285.64 283.3 281.01 278.92 277.23 276.17
-9999 -9999 -9999 -9999 -9999 -9999 -9999 -9999 311.29 -9999 -9999 314.04 314.82 315.27 315.92 316.94 318.19 319.26 319.46 317.76 313.34 307.05 299.13 289.57 281.36 277.15 275.08 275.29 280.25 286.16 296.41 307.35 316.76 325.12 333.47 342.75 353.57 365.35 374.74 380.43 384.81 388.43 391.26 393.25 393.47 389.18 382.79 376.88 371.66 366.66 361.33 355.32 348.56 341.3 333.95 326.98 320.71 315.3 310.72 306.88 303.64 300.85 298.38 296.12 293.96 291.87 289.81 287.82 285.94 284.28 282.95 282.09
-9999 -9999 -9999 -9999 -9999 -9999 -9999 -9999 310.1 -9999 312.26 313.3 314.24 314.73 315.35 316.34 317.69 319.18 320.29 319.99 316.94 311.87 304.67 295.05 287.29 282.65 279.65 278.68 282.83 288.67 298.58 309.49 318.89 327.16 335.26 344.06 354.11 365.31 375.99 382.95 387.91 391.76 394.71 396.28 395.23 390.55 385.16 380.24 375.73 371.21 366.23 360.46 353.74 346.54 339.37 332.6 326.39 320.95 316.32 312.41 309.07 306.18 303.6 301.25 299.07 296.99 295.01 293.14 291.41 289.87 288.62 287.73
-9999 -9999 -9999 -9999 -9999 -9999 -9999 307.49 308.73 309.98 311.22 312.44 313.47 314.14 314.99 316.31 318.21 320.68 323.44 325.34 324.07 321.21 316.15 307.68 299.01 292.27 287.66 285.95 289.38 293.97 303.02 312.94 321.62 329.32 336.84 344.87 353.83 363.69 373.78 382.58 389.15 393.42 396.12 396.14 393.86 390.21 386.32 382.58 378.89 374.93 370.29 364.4 357.07 349.76 343.25 337.54 331.96 326.73 322.22 318.38 315.09 312.21 309.64 307.29 305.11 303.04 301.09 299.23 297.51 295.94 294.6 293.55
-9999 -9999 -9999 -9999 -9999 -9999 -9999 305.67 307.07 308.5 309.95 311.31 312.41 313.42 314.71 316.56 319.26 323.02 327.76 332.06 333.02 333.3 330.99 324.37 315.72 306.97 300.42 298.39 299.25 301.86 309.4 317.56 324.93 331.73 338.45 345.59 353.41 361.84 370.45 378.51 385.1 389.66 392.16 392.54 391.35 389.31 386.88 384.25 381.34 377.82 372.94 365.95 358.49 351.74 346 341.27 337.06 332.43 328.19 324.56 321.42 318.66 316.18 313.9 311.77 309.74 307.81 305.95 304.18 302.52 301.02 299.75
-9999 -9999 -9999 -9999 -9999 -9999 -9999 -9999 304.85 306.52 308.18 309.66 311.05 312.53 314.34 316.79 320.29 325.24 331.7 337.96 341.36 343.99 342.13 337.88 331.99 324.28 316.41 311.99 310.29 311.79 316.86 322.77 328.61 334.35 340.24 346.52 353.32 360.54 367.84 374.71 380.58 385.01 387.82 389.12 389.23 388.51 387.23 385.46 383.06 379.21 372.92 365.74 359.03 353.21 348.37 344.53 341.38 337.77 334 330.66 327.76 325.19 322.87 320.72 318.69 316.74 314.85 313 311.2 309.45 307.8 306.28
-9999 -9999 -9999 -9999 -9999 -9999 -9999 -9999 301.6 303.57 305.55 307.48 309.41 311.44 313.78 316.77 320.86 326.57 334.15 342.05 346.92 350.55 349.74 347.31 343.71 337.36 329.36 323.86 320.91 321.24 324.02 327.95 332.39 337.14 342.24 347.78 353.76 360.05 366.38 372.36 377.62 381.86 384.93 386.87 387.82 387.97 387.42 386.06 383.19 377.63 371.06 364.74 359.12 354.35 350.51 347.63 345.4 342.66 339.38 336.4 333.8 331.48 329.36 327.39 325.5 323.67 321.86 320.05 318.24 316.44 314.66 312.94
-9999 -9999 -9999 -9999 -9999 -9999 -9999 295.27 297.36 299.75 302.31 304.9 307.5 310.14 313 316.4 320.79 326.68 334.52 343.41 349.34 353.96 354.91 353.84 351.15 345.07 338.48 333.44 329.92 328.97 330.17 332.72 336.1 340.04 344.48 349.39 354.71 360.29 365.9 371.24 376.05 380.09 383.25 385.5 386.89 387.43 386.88 384.7 379.9 374.15 368.51 363.36 358.88 355.21 352.44 350.56 349.21 346.98 344.15 341.56 339.28 337.24 335.36 333.6 331.89 330.2 328.5 326.76 324.98 323.16 321.31 319.43
-9999 -9999 -9999 -9999 -9999 -9999 -9999 289.8 292.19 295.17 298.5 301.93 305.31 308.62 312 315.72 320.18 325.81 332.97 341.39 348.82 353.48 355.95 356 353.53 349.19 344.56 339.59 336.06 334.74 335.25 337.06 339.76 343.09 346.97 351.32 356.07 361.05 366.08 370.9 375.31 379.1 382.17 384.45 385.77 385.78 383.62 379.74 375.01 370.24 365.76 361.76 358.42 355.85 354.13 353.25 352.68 350.64 348.19 345.99 344.05 342.31 340.7 339.17 337.67 336.14 334.57 332.91 331.18 329.36 327.47 325.5
-9999 -9999 -9999 -9999 -9999 -9999 282.31 283.97 286.58 290.02 294.17 298.58 302.86 306.92 310.85 314.87 319.31 324.5 330.66 337.73 345 350.98 354.05 354.81 353.71 350.62 346.4 342.53 340.05 339.16 339.64 341.17 343.46 346.36 349.75 353.58 357.76 362.17 366.62 370.92 374.88 378.33 381.08 382.69 382.75 380.7 377.57 373.91 370.1 366.39 362.99 360.08 357.82 356.29 355.57 355.57 355.42 353.52 351.45 349.64 348.05 346.62 345.3 344.03 342.75 341.39 339.94 338.38 336.69 334.89 332.99 330.97
-9999 -9999 -9999 -9999 -9999 -9999 278.58 280.42 282.63 285.41 289.72 295.06 300.31 305.16 309.67 314.03 318.5 323.31 328.61 334.34 340.14 345.3 348.83 350.44 350.25 348.6 346.32 344.35 343.21 343.05 343.79 345.27 347.33 349.87 352.81 356.12 359.72 363.5 367.32 371.02 374.4 377.16 378.78 378.16 376.51 374.14 371.4 368.48 365.56 362.8 360.37 358.44 357.13 356.54 356.72 357.4 357.19 355.59 353.94 352.51 351.26 350.15 349.13 348.11 347.01 345.79 344.5 343.07 341.46 339.69 337.78 335.75
-9999 -9999 -9999 -9999 -9999 -9999 276.07 277.97 280.11 282.57 286.01 291.82 297.93 303.52 308.61 313.35 317.96 322.61 327.38 332.23 336.95 341.17 344.46 346.55 347.42 347.38 346.93 346.54 346.51 347.01 348.02 349.5 351.36 353.57 356.07 358.84 361.82 364.92 368.03 370.98 373.38 374.29 373.6 372.08 370.24 368.19 365.99 363.74 361.56 359.61 358.01 356.9 356.41 356.61 357.53 358.69 358.22 356.91 355.66 354.59 353.68 352.89 352.13 351.24 350.23 349.15 348 346.77 345.39 343.7 341.82 339.81
-9999 -9999 -9999 -9999 -9999 -9999 -9999 275.88 278.08 280.58 283.84 289.47 296.06 302.23 307.81 312.94 317.79 322.49 327.09 331.57 335.81 339.63 342.86 345.36 347.12 348.28 349.06 349.7 350.41 351.29 352.42 353.8 355.42 357.27 359.32 361.54 363.86 366.22 368.54 370.53 371.21 370.08 368.44 366.75 365.03 363.28 361.52 359.81 358.24 356.93 356 355.55 355.69 356.49 357.92 359.18 358.53 357.51 356.63 355.9 355.3 354.8 354.23 353.46 352.6 351.67 350.68 349.6 348.39 346.91 345.1 343.13
-9999 -9999 -9999 -9999 -9999 -9999 -9999 274.05 276.33 278.94 282.33 288.14 294.99 301.46 307.36 312.82 317.96 322.86 327.56 332.03 336.23 340.11 343.6 346.62 349.14 351.17 352.75 353.98 354.99 355.92 356.88 357.98 359.24 360.67 362.23 363.87 365.53 367.13 368.61 369.54 368.47 366.39 364.41 362.64 361.01 359.49 358.07 356.78 355.68 354.85 354.4 354.42 355 356.21 357.82 358.6 358.07 357.4 356.86 356.43 356.12 355.87 355.49 354.89 354.2 353.45 352.61 351.67 350.6 349.29 347.59 345.71
