raw_data/evaporacion/evapnov.txt
ncols         178
nrows         142
xllcorner     111.875
yllcorner     -44.625
cellsize      0.25
NODATA_value  -9999
[rows 32 to 63 of 142, columns 0 to 71 of 178]
-9999 -9999 -9999 -9999 -9999 -9999 -9999 -9999 -9999 -9999 -9999 -9999 -9999 -9999 -9999 -9999 -9999 -9999 -9999 -9999 -9999 -9999 -9999 -9999 -9999 -9999 -9999 -9999 -9999 -9999 -9999 -9999 -9999 -9999 -9999 -9999 -9999 -9999 -9999 -9999 -9999 263.32 262.91 263.38 265.76 269.22 -9999 276.95 281.4 286.58 292.57 299.12 305.66 311.57 316.36 319.84 322.08 323.31 323.8 323.77 323.37 322.66 321.63 320.36 318.86 317.11 315.09 312.87 310.51 308.09 305.72 303.5
-9999 -9999 -9999 -9999 -9999 -9999 -9999 -9999 -9999 -9999 -9999 -9999 -9999 -9999 -9999 -9999 -9999 -9999 -9999 -9999 -9999 -9999 -9999 -9999 -9999 -9999 -9999 -9999 -9999 -9999 -9999 -9999 -9999 -9999 -9999 -9999 -9999 -9999 -9999 -9999 -9999 268.14 267.56 267.43 268.58 272.29 276.65 281.03 285.65 290.82 296.67 303 309.3 314.98 319.58 322.93 325.13 326.4 326.99 327.12 326.84 326.08 324.83 323.4 321.86 320.09 317.93 315.56 313.19 310.89 308.73 306.76
-9999 -9999 -9999 -9999 -9999 -9999 -9999 -9999 -9999 -9999 -9999 -9999 -9999 -9999 -9999 -9999 -9999 -9999 -9999 -9999 -9999 -9999 -9999 -9999 -9999 -9999 -9999 -9999 -9999 -9999 -9999 -9999 -9999 -9999 -9999 -9999 -9999 -9999 -9999 -9999 -9999 273.99 273.36 273.05 273.58 276.75 281.33 285.94 290.62 295.69 301.33 307.36 313.33 318.68 323.01 326.16 328.24 329.48 330.13 330.34 329.96 328.88 327.49 326 324.46 322.82 320.81 318.35 315.86 313.55 311.45 309.61
-9999 -9999 -9999 -9999 -9999 -9999 -9999 -9999 -9999 -9999 -9999 -9999 -9999 -9999 -9999 -9999 -9999 -9999 -9999 -9999 -9999 -9999 -9999 -9999 -9999 -9999 -9999 -9999 -9999 -9999 -9999 -9999 -9999 -9999 -9999 -9999 -9999 -9999 -9999 -9999 -9999 -9999 279.99 279.62 280 282.89 287.41 291.95 296.46 301.29 306.59 312.23 317.76 322.7 326.65 329.52 331.4 332.53 333.17 333.36 332.69 331.44 330.04 328.53 326.94 325.32 323.47 320.96 318.31 315.87 313.71 311.88
-9999 -9999 -9999 -9999 -9999 -9999 -9999 -9999 -9999 -9999 -9999 -9999 -9999 -9999 -9999 -9999 -9999 -9999 -9999 -9999 -9999 -9999 -9999 -9999 -9999 -9999 -9999 -9999 -9999 -9999 -9999 -9999 -9999 -9999 -9999 -9999 -9999 -9999 -9999 -9999 -9999 288.23 287.58 287.2 287.75 290.89 295.09 299.22 303.32 307.72 312.55 317.65 322.64 327.04 330.53 333.01 334.6 335.54 336.07 336.2 335.35 334.03 332.6 331.06 329.43 327.77 325.89 323.27 320.37 317.66 315.29 313.35
-9999 -9999 -9999 -9999 -9999 -9999 -9999 -9999 -9999 -9999 -9999 -9999 -9999 -9999 -9999 -9999 -9999 -9999 -9999 -9999 -9999 -9999 -9999 -9999 -9999 -9999 -9999 -9999 -9999 -9999 -9999 -9999 -9999 -9999 -9999 -9999 -9999 -9999 -9999 -9999 297.71 296.87 296.29 296.27 297.65 300.83 304.36 307.78 311.26 315.05 319.24 323.67 327.98 331.72 334.63 336.63 337.85 338.52 338.89 338.94 338.14 336.79 335.31 333.74 332.09 330.39 328.34 325.36 321.94 318.7 315.87 313.63
-9999 -9999 -9999 -9999 -9999 -9999 -9999 -9999 -9999 -9999 -9999 -9999 -9999 -9999 -9999 -9999 -9999 -9999 -9999 -9999 -9999 -9999 -9999 -9999 -9999 -9999 -9999 -9999 -9999 -9999 -9999 -9999 -9999 -9999 -9999 -9999 -9999 -9999 -9999 310.18 308.15 307.25 306.97 307.98 309.95 312.45 315.02 317.57 320.27 323.3 326.7 330.32 333.79 336.75 338.97 340.4 341.18 341.53 341.71 341.77 341.28 340.01 338.5 336.93 335.28 333.45 331.04 327.33 322.98 318.75 315.03 312.17
-9999 -9999 -9999 -9999 -9999 -9999 -9999 -9999 -9999 -9999 -9999 -9999 -9999 -9999 -9999 -9999 -9999 -9999 -9999 -9999 -9999 -9999 -9999 -9999 -9999 -9999 -9999 -9999 -9999 -9999 -9999 -9999 -9999 -9999 -9999 -9999 -9999 -9999 -9999 323.89 322.32 321.53 321.52 322.33 323.67 325.22 326.82 328.47 330.31 332.47 334.94 337.58 340.08 342.13 343.56 344.34 344.63 344.65 344.68 344.86 344.95 343.94 342.49 340.91 339.17 337.06 334.05 329.31 323.45 317.58 312.39 308.47
-9999 -9999 -9999 -9999 -9999 -9999 -9999 -9999 -9999 -9999 -9999 -9999 -9999 -9999 -9999 -9999 -9999 -9999 -9999 -9999 -9999 -9999 -9999 -9999 -9999 -9999 -9999 -9999 -9999 -9999 -9999 -9999 -9999 -9999 -9999 -9999 -9999 -9999 338.88 338 337.28 336.9 336.95 337.37 338.01 338.75 339.5 340.32 341.29 342.49 343.92 345.44 346.83 347.85 348.39 348.46 348.22 347.93 347.88 348.27 348.9 348.48 347.11 345.46 343.49 340.9 337.07 331.22 323.46 315.43 308.4 303.26
-9999 -9999 -9999 -9999 -9999 -9999 -9999 -9999 -9999 -9999 -9999 -9999 -9999 -9999 -9999 -9999 -9999 -9999 -9999 -9999 -9999 -9999 -9999 -9999 -9999 -9999 -9999 -9999 -9999 -9999 -9999 -9999 -9999 -9999 -9999 -9999 -9999 351.22 351.6 351.81 351.95 352.09 352.26 352.47 352.66 352.79 352.87 352.92 353.03 353.24 353.54 353.84 354 353.89 353.45 352.75 351.96 351.36 351.28 351.97 353.15 353.11 351.72 349.93 347.64 344.45 339.7 332.7 323.52 313.91 306.03 300.76
-9999 -9999 -9999 -9999 -9999 -9999 -9999 -9999 -9999 -9999 -9999 -9999 -9999 -9999 -9999 -9999 -9999 -9999 -9999 -9999 -9999 -9999 -9999 -9999 -9999 -9999 -9999 -9999 -9999 -9999 -9999 -9999 -9999 -9999 -9999 358.46 360.65 362.5 364.07 365.37 366.38 367.08 367.5 367.63 367.52 367.19 366.69 366.05 365.33 364.53 363.66 362.68 361.54 360.21 358.73 357.19 355.8 354.86 354.71 355.65 357.25 357.15 355.66 353.68 351.02 347.39 341.9 334.03 324.14 314.09 306.04 300.78
-9999 -9999 -9999 -9999 -9999 -9999 -9999 -9999 -9999 -9999 -9999 -9999 -9999 -9999 -9999 -9999 -9999 -9999 -9999 -9999 -9999 -9999 -9999 -9999 -9999 -9999 -9999 -9999 -9999 332.6 -9999 344.65 352.16 358.21 363.02 367 370.47 373.63 376.49 378.96 380.92 382.27 382.95 383.03 382.61 381.81 380.73 379.42 377.88 376.1 374.07 371.8 369.34 366.76 364.18 361.75 359.69 358.3 357.93 358.9 360.65 360.34 358.66 356.24 353.25 349.35 343.63 335.24 324.95 314.72 306.61 301.5
-9999 -9999 -9999 -9999 -9999 -9999 -9999 -9999 -9999 -9999 -9999 -9999 -9999 -9999 -9999 -9999 -9999 -9999 -9999 -9999 -9999 -9999 -9999 -9999 -9999 -9999 -9999 -9999 334.73 336.23 339.55 347.98 356.77 364.09 370.11 375.33 380.16 384.78 389.14 393.02 396.1 398.14 399.05 398.92 398.01 396.56 394.77 392.72 390.36 387.64 384.52 381.04 377.3 373.48 369.78 366.4 363.58 361.59 360.77 361.38 362.92 362.72 360.88 358.21 355 350.88 344.92 336.27 325.81 315.52 307.44 302.4
-9999 -9999 -9999 -9999 -9999 -9999 -9999 -9999 -9999 -9999 -9999 -9999 -9999 -9999 -9999 -9999 -9999 -9999 -9999 -9999 -9999 -9999 -9999 -9999 342.65 339.46 338.11 337.97 338.72 340.47 343.95 352.71 362.09 370.16 377.13 383.54 389.83 396.15 402.34 407.94 412.37 415.17 416.17 415.57 413.8 411.36 408.61 405.66 402.46 398.87 394.78 390.19 385.27 380.27 375.47 371.12 367.46 364.73 363.19 363.05 364.03 364.33 362.54 359.87 356.52 352.18 345.9 337.19 326.73 316.53 308.56 303.45
-9999 -9999 -9999 -9999 -9999 -9999 -9999 -9999 -9999 -9999 -9999 -9999 -9999 -9999 -9999 -9999 -9999 -9999 -9999 362.33 361.48 -9999 -9999 350.99 346.77 343.73 342.34 342.29 343.3 345.35 349.49 358.67 368.09 376.42 384.07 391.6 399.47 407.76 416.12 423.69 429.27 432.7 433.86 432.82 429.85 426.01 421.98 417.98 413.91 409.52 404.59 399.08 393.13 387.06 381.21 375.9 371.36 367.78 365.36 364.19 364.19 364.54 363.46 360.97 357.63 353.09 346.71 338.12 327.88 317.89 310.01 304.87
-9999 -9999 -9999 -9999 -9999 -9999 -9999 -9999 -9999 -9999 -9999 -9999 -9999 -9999 -9999 -9999 -9999 362.89 363.75 363.97 363.39 361.57 358.43 354.68 351.22 348.78 347.64 347.74 348.84 351.14 356.66 365.51 374.38 382.64 390.76 399.35 408.83 419.21 429.69 438.29 443.2 446.54 448.7 448.85 445.42 440.05 434.54 429.38 424.43 419.34 413.75 407.51 400.73 393.73 386.94 380.71 375.3 370.87 367.5 365.23 363.96 363.31 362.5 360.88 357.98 353.4 346.99 338.97 329.91 320.8 312.9 307.57
-9999 -9999 -9999 -9999 -9999 -9999 -9999 -9999 -9999 -9999 -9999 -9999 -9999 -9999 -9999 -9999 362.05 363.69 364.83 365.33 364.94 363.48 361.07 358.22 355.63 353.91 353.31 353.76 355.01 357.57 364.06 372.27 380.43 388.48 396.93 406.42 417.37 429.51 440.55 447.07 451.51 455.06 457.76 459.36 458.42 452.57 445.72 439.49 433.8 428.16 422.1 415.33 407.92 400.18 392.57 385.53 379.32 374.08 369.85 366.57 364.14 362.26 360.53 358.43 355.48 351.37 346.06 339.76 332.88 325.99 319.8 315.19
-9999 -9999 -9999 -9999 -9999 -9999 -9999 -9999 -9999 -9999 -9999 -9999 -9999 -9999 357.6 359.94 362.3 364.39 365.84 366.59 366.49 365.5 363.71 361.46 359.32 358.01 358.01 359.22 361.13 364.09 370.69 378.23 385.79 393.61 402.26 412.37 424.37 437.38 447.23 453.15 457.76 461.58 464.55 466.63 466.95 462.3 454.9 447.96 441.79 435.83 429.49 422.4 414.56 406.27 398.02 390.29 383.39 377.47 372.51 368.43 365.09 362.26 359.65 356.94 353.83 350.15 345.86 341.06 336 331 326.5 322.98
-9999 -9999 -9999 -9999 -9999 -9999 -9999 -9999 -9999 -9999 -9999 -9999 352.91 355.18 357.54 360.01 362.55 365.02 367.14 368.57 368.91 368.28 366.74 364.41 361.99 360.67 361.1 363.16 366.24 369.88 376.13 383.15 390.29 397.9 406.55 416.87 429.25 442.6 452.09 458.11 462.94 466.97 470.13 472.4 473.05 469.02 461.59 454.51 448.26 442.25 435.84 428.62 420.53 411.87 403.15 394.88 387.45 380.99 375.49 370.85 366.88 363.42 360.24 357.14 353.94 350.52 346.86 343.01 339.09 335.3 331.86 329.07
-9999 -9999 -9999 -9999 -9999 -9999 -9999 -9999 341.23 -9999 -9999 349.53 352.29 354.8 357.38 360.13 363.05 366.09 369.09 371.6 372.74 372.39 370.76 367.92 365.44 364.74 365.04 366.48 370.36 374.7 380.59 387.19 394.01 401.35 409.78 419.84 431.88 445.07 455.64 462.13 467.15 471.34 474.65 477.01 477.38 472.73 465.7 459.12 453.21 447.4 441.09 433.88 425.7 416.83 407.81 399.18 391.37 384.55 378.71 373.71 369.39 365.57 362.07 358.76 355.51 352.25 348.94 345.6 342.31 339.15 336.27 333.83
-9999 -9999 -9999 -9999 -9999 -9999 -9999 -9999 339.17 -9999 345.12 348.22 351.31 354.15 357.09 360.28 363.82 367.76 372.01 375.99 377.97 377.99 376.47 373.45 371.14 370.26 370.19 371.18 374.81 379.19 384.62 390.75 397.17 404.14 412.11 421.53 432.62 445.08 457.01 464.82 470.41 474.76 478.11 479.93 478.82 473.64 467.61 462.01 456.75 451.33 445.23 438.07 429.68 420.63 411.56 402.96 395.02 388.03 382.02 376.87 372.4 368.43 364.82 361.44 358.19 355.03 351.9 348.82 345.82 342.94 340.28 337.93
-9999 -9999 -9999 -9999 -9999 -9999 -9999 333.77 336.76 339.91 343.19 346.57 349.95 353.17 356.57 360.36 364.72 369.81 375.67 381.38 384.02 384.91 384.37 381.86 379.04 377.12 376.28 376.96 380.28 384.02 388.7 394.12 400 406.47 413.83 422.37 432.21 443.14 454.35 464.12 471.41 476.16 479.16 479.17 476.61 472.47 467.99 463.58 459.08 454.11 448.17 440.59 431.18 421.72 413.19 405.59 398.18 391.27 385.28 380.15 375.69 371.75 368.16 364.82 361.64 358.57 355.56 352.62 349.74 346.97 344.35 341.95
-9999 -9999 -9999 -9999 -9999 -9999 -9999 330.69 333.89 337.27 340.82 344.48 348.1 351.78 355.74 360.21 365.46 371.79 379.3 386.58 390.08 392.53 393.41 391.82 389.05 386.15 384.33 384.82 386.84 389.31 392.89 397.41 402.62 408.51 415.2 422.83 431.4 440.71 450.23 459.11 466.36 471.36 474.06 474.39 472.94 470.48 467.51 464.18 460.38 455.7 449.21 440.03 430.19 421.15 413.28 406.57 400.49 394.11 388.33 383.37 379.08 375.27 371.81 368.6 365.55 362.6 359.72 356.88 354.08 351.34 348.7 346.2
-9999 -9999 -9999 -9999 -9999 -9999 -9999 -9999 330.25 333.92 337.77 341.71 345.74 349.95 354.51 359.64 365.7 373.1 381.92 390.3 395.11 398.89 400.04 399.75 398.5 396.18 393.67 392.97 393.5 394.59 396.92 400.5 405.04 410.34 416.39 423.19 430.68 438.64 446.66 454.18 460.57 465.36 468.32 469.59 469.48 468.38 466.55 464.03 460.61 455.27 446.81 437.18 428.03 419.86 412.8 406.87 401.76 396.35 391.03 386.38 382.34 378.77 375.53 372.51 369.64 366.85 364.12 361.4 358.69 355.99 353.32 350.73
-9999 -9999 -9999 -9999 -9999 -9999 -9999 -9999 325.41 329.45 333.74 338.2 342.82 347.64 352.78 358.5 365.17 373.25 382.89 392.4 398.19 402.65 404.48 405.27 405.29 403.74 401.21 399.92 399.31 399.05 400.4 403.27 407.22 412 417.48 423.59 430.22 437.15 444.07 450.58 456.24 460.75 463.94 465.83 466.57 466.32 465.16 462.92 458.69 451.05 442.06 433.28 425.23 418.1 412 406.94 402.66 398.07 393.27 389.02 385.33 382.05 379.08 376.3 373.65 371.07 368.51 365.94 363.35 360.72 358.06 355.39
-9999 -9999 -9999 -9999 -9999 -9999 -9999 315.32 319.29 323.82 328.77 333.97 339.32 344.81 350.53 356.73 363.76 372.04 381.88 392.27 399.18 404.41 407.34 408.97 409.58 408.22 406.47 405.02 403.06 402.21 403.18 405.63 409.16 413.5 418.49 424.02 429.97 436.13 442.26 448.03 453.16 457.4 460.62 462.78 463.91 463.98 462.63 459.18 452.43 444.41 436.41 428.86 422.01 416 410.93 406.82 403.36 399.3 395.01 391.21 387.9 384.97 382.29 379.78 377.37 375.01 372.65 370.26 367.81 365.28 362.67 359.99
-9999 -9999 -9999 -9999 -9999 -9999 -9999 307.45 311.77 316.99 322.82 328.96 335.19 341.44 347.76 354.37 361.57 369.71 379.01 389.14 397.89 403.69 407.68 410.06 410.87 410.41 409.36 406.91 404.8 404.26 405.32 407.63 410.89 414.86 419.41 424.42 429.78 435.32 440.8 446 450.66 454.59 457.66 459.77 460.71 459.99 456.53 450.87 444.11 437.18 430.46 424.18 418.53 413.67 409.66 406.52 403.81 400.04 396.23 392.9 390 387.42 385.06 382.84 380.69 378.56 376.4 374.18 371.88 369.47 366.95 364.29
-9999 -9999 -9999 -9999 -9999 -9999 295.65 298.89 303.43 309.16 315.95 323.21 330.48 337.58 344.55 351.57 358.87 366.71 375.24 384.34 393.32 400.87 405.72 408.67 410.21 409.93 408.27 406.4 405.41 405.65 407.05 409.4 412.47 416.13 420.24 424.75 429.54 434.46 439.34 443.96 448.13 451.65 454.31 455.55 454.85 451.52 446.83 441.4 435.7 430 424.52 419.45 414.97 411.2 408.22 405.98 403.75 400.27 396.95 394.09 391.6 389.37 387.34 385.41 383.53 381.62 379.67 377.62 375.46 373.17 370.75 368.17
-9999 -9999 -9999 -9999 -9999 -9999 289.52 292.94 296.93 301.78 308.67 317 325.38 333.38 341.03 348.48 355.93 363.55 371.43 379.46 387.32 394.38 399.82 403.46 405.42 405.94 405.66 405.43 405.74 406.8 408.59 411.02 413.95 417.28 420.97 424.95 429.13 433.4 437.62 441.59 445.11 447.82 449.11 447.58 444.79 441.09 436.89 432.39 427.76 423.17 418.81 414.86 411.45 408.7 406.67 405.15 403.04 400 397.19 394.78 392.68 390.82 389.11 387.46 385.82 384.11 382.36 380.5 378.5 376.33 374.01 371.52
-9999 -9999 -9999 -9999 -9999 -9999 284.72 288.15 291.99 296.36 302.1 310.92 320.25 329.1 337.4 345.3 352.98 360.56 368.06 375.42 382.41 388.72 394 398.01 400.78 402.57 403.83 404.97 406.3 408 410.08 412.53 415.27 418.28 421.51 424.93 428.46 432.01 435.47 438.65 441.05 441.55 440.04 437.51 434.58 431.35 427.87 424.22 420.52 416.91 413.55 410.56 408.09 406.22 405.01 404.07 401.91 399.29 396.97 394.99 393.27 391.74 390.33 388.89 387.41 385.89 384.34 382.7 380.93 378.92 376.71 374.32
-9999 -9999 -9999 -9999 -9999 -9999 -9999 283.64 287.48 291.82 297.23 305.73 315.57 325.02 333.84 342.17 350.14 357.85 365.28 372.38 379.02 385.04 390.28 394.65 398.17 400.97 403.28 405.33 407.3 409.34 411.51 413.84 416.33 418.96 421.71 424.53 427.37 430.15 432.76 434.88 435.28 433.41 430.89 428.32 425.66 422.9 420.03 417.1 414.19 411.41 408.88 406.7 405 403.85 403.25 402.56 400.42 398.2 396.31 394.71 393.34 392.13 390.96 389.7 388.42 387.1 385.74 384.28 382.71 380.91 378.83 376.56
-9999 -9999 -9999 -9999 -9999 -9999 -9999 279.29 283.15 287.53 293.01 301.62 311.67 321.39 330.52 339.17 347.44 355.38 362.96 370.11 376.78 382.88 388.38 393.22 397.41 400.97 403.97 406.51 408.73 410.77 412.77 414.8 416.91 419.1 421.32 423.54 425.67 427.63 429.35 430.31 428.74 425.91 423.17 420.65 418.24 415.87 413.52 411.19 408.92 406.81 404.93 403.38 402.27 401.65 401.38 400.43 398.54 396.74 395.24 393.97 392.91 391.97 391.02 389.98 388.91 387.79 386.6 385.32 383.92 382.3 380.37 378.23
