raw_data/evaporacion/evapjul.txt
ncols         178
nrows         142
xllcorner     111.875
yllcorner     -44.625
cellsize      0.25
NODATA_value  -9999
[rows 33 to 65 of 142, columns 75 to 149 of 178]
185.47 185.63 186.02 186.46 186.66 186.26 184.92 182.68 180.83 180.72 180.96 181.18 181.3 181.4 181.68 182.41 184.19 185.12 184.91 184.01 182.96 182.16 181.84 182 182.49 183.14 183.8 184.37 184.73 184.75 184.27 183.15 181.66 180.53 180.47 182.38 -9999 -9999 -9999 -9999 220.08 220.59 216.59 208.09 194.58 180.6 168.3 157.66 148.37 140.21 133.14 127.12 121.81 116.65 111.28 105.12 97.37 91.54 89.69 89.85 91.39 93.95 -9999 -9999 -9999 -9999 -9999 -9999 -9999 -9999 -9999 -9999 -9999 -9999 -9999
182.98 183.37 184.06 184.83 185.38 185.36 184.42 182.57 180.97 181.1 181.6 182.1 182.58 183.08 183.7 184.33 185.27 185.2 184.01 182.32 180.72 179.65 179.29 179.59 180.46 181.49 182.42 183.12 183.48 183.42 182.79 181.49 179.89 178.53 178.68 180.7 184.32 190.58 200.92 212.09 218.52 218.53 213.91 204.73 190.86 176.49 164.39 154.33 145.63 137.62 130.12 123.44 117.65 112.3 106.79 99.9 89.57 78.68 75.74 76.54 79.33 83.64 -9999 -9999 -9999 -9999 -9999 -9999 -9999 -9999 -9999 -9999 -9999 -9999 -9999
180.29 180.94 181.95 183.09 184.08 184.59 184.32 183.23 181.97 182.29 183.22 184.28 185.46 186.75 187.93 188.56 188.22 186.46 183.87 181.46 179.54 178.18 177.35 177.1 178.01 179.47 180.74 181.6 182.03 181.98 181.37 180.15 178.67 177.51 177.33 179.13 182.76 189.07 198.64 208.69 215.5 215.45 210.04 199.64 185.68 172.63 161.75 152.2 143.6 135.88 128.58 121.91 115.79 110.05 104.35 97.15 85.96 70.9 64.63 65.66 69.91 76.32 -9999 -9999 -9999 -9999 -9999 -9999 -9999 -9999 -9999 -9999 -9999 -9999 -9999
177.29 178.26 179.64 181.2 182.69 183.84 184.46 184.57 184.55 185.32 187.22 189.41 191.74 194.03 195.71 195.85 193.65 189.6 185.18 181.53 178.94 177.26 176.16 175.64 175.82 177.34 178.86 179.87 180.35 180.36 179.9 178.97 177.77 177.15 177.06 178.43 182.12 188.35 196.32 204.08 209.22 209.22 203.56 193.23 180.73 169.5 159.85 151.02 142.85 135.38 128.37 121.85 115.69 109.66 103.82 96.75 87.22 74.08 62.24 61.45 66.55 75.49 -9999 -9999 -9999 -9999 -9999 -9999 -9999 -9999 -9999 -9999 -9999 -9999 -9999
173.73 175.16 177.01 179.07 181.11 182.95 184.57 186.15 188.09 190.96 194.91 198.88 202.52 205.54 207.01 205.68 200.98 194.15 187.42 182.17 178.9 176.8 175.36 174.59 174.5 175.5 176.95 177.93 178.36 178.4 178.13 177.62 176.99 176.71 177.16 178.73 182.08 187.35 193.79 199.76 203.09 202.06 196.52 187.6 177.13 167.22 158.5 150.44 142.91 135.72 128.84 122.44 116.48 110.69 104.88 98 90.38 82.36 75.21 73.41 78.45 89.51 103.55 -9999 -9999 -9999 -9999 -9999 -9999 -9999 -9999 -9999 -9999 -9999 -9999
169.24 171.38 173.92 176.59 179.23 181.8 184.45 187.58 191.78 197.67 205.04 211.51 215.95 218.89 219.35 216.11 209.03 199.71 190.66 183.62 179.2 176.46 174.67 173.73 173.48 173.97 175.07 175.75 175.96 175.92 175.83 175.74 175.7 175.86 176.5 178.01 180.79 184.9 189.89 194.65 197.25 195.93 191.04 183.59 174.96 166.34 158.39 151.15 144.24 137.24 130.26 123.84 118.24 112.97 107.2 100.61 94.29 89.75 88.33 90.77 97.91 109.56 123.76 -9999 -9999 -9999 -9999 -9999 -9999 -9999 -9999 -9999 -9999 -9999 -9999
163.49 166.7 170.2 173.67 177 180.28 183.9 188.52 194.97 204.03 214.97 222.95 227.73 230.57 230.17 225.55 216.76 205.74 194.86 186.02 180.01 176.33 174.12 173.06 172.6 172.72 173.24 173.42 173.29 173.13 173.21 173.47 173.88 174.5 175.34 176.59 178.43 180.88 183.72 186.41 188.08 187.88 185.37 180.03 173.31 166.29 159.45 152.83 146.25 139.59 133.03 126.96 121.49 116.29 110.92 105.57 100.91 98.05 99.98 106.15 115.59 128.04 142.06 -9999 -9999 -9999 -9999 -9999 -9999 -9999 -9999 -9999 -9999 -9999 -9999
156.41 161.07 165.85 170.31 174.38 178.34 182.77 188.58 196.89 208.62 222.12 229.67 234.92 237.72 236.85 232.32 222.86 211.03 199.27 189.16 181.67 176.85 174.03 172.55 171.85 171.67 171.54 171.4 171.23 171.16 171.34 171.78 172.4 173.13 173.93 174.86 176.02 177.35 178.73 179.96 180.68 180.52 179.13 176.23 171.92 166.58 160.96 155.17 149.19 143.07 137.02 131.24 125.81 120.76 116.64 113.33 110.82 110.04 112.95 120.31 130.11 141.39 153.11 156.59 154.27 -9999 -9999 -9999 -9999 -9999 -9999 -9999 -9999 -9999 -9999
148.75 154.85 161.07 166.62 171.45 175.95 180.9 187.41 196.75 209.71 223.36 230.07 235.25 236.22 235.11 232.02 224.51 213.39 202.21 191.96 183.5 177.61 174.09 172.35 171.48 170.79 170.22 169.85 169.52 169.39 169.59 170.16 171 171.88 172.68 173.36 173.99 174.67 175.38 176.04 176.47 176.46 175.77 174.11 171.34 167.47 163.12 158.42 153.35 147.93 142.28 136.57 130.98 125.76 121.69 118.89 117.5 118.17 122.06 129.98 139.51 147.67 155.38 156.82 151.9 143.98 135.39 127.86 -9999 -9999 -9999 -9999 -9999 -9999 -9999
142.72 148.95 156.38 162.91 168.33 173.15 178.23 184.73 193.94 206.26 217.73 223.51 228.26 228.93 227.9 225.52 219.46 210.35 201.39 192.55 184.09 178.02 174.47 172.52 171.18 169.88 168.94 168.37 167.97 167.95 168.19 168.72 169.67 170.71 171.56 172.11 172.4 172.61 173.01 173.71 174.4 174.9 174.81 173.49 171.22 168.37 165.15 161.56 157.52 152.86 147.5 141.58 135.47 129.64 124.67 121.35 120.15 121.39 125.47 133.02 142.59 148.15 151.65 152.23 146.44 137.6 129.12 122.27 -9999 -9999 -9999 -9999 -9999 -9999 -9999
139.54 144.53 152.41 159.54 165.25 170.07 174.83 180.59 188.46 198.49 206.64 210.73 214.54 216.05 215.2 212.79 207.26 201.02 195.2 188.73 181.74 176.85 173.94 172.09 170.52 168.88 167.62 166.97 166.6 166.63 166.93 167.51 168.54 169.7 170.59 171.06 171.15 171.05 171.13 171.75 172.81 173.66 173.65 172.59 170.81 168.66 166.3 163.78 160.94 157.22 152.02 145.39 138.14 131.32 125.71 121.8 120.04 121.24 125.01 131.25 139.29 144.95 145.83 143.84 138.43 130.29 122.41 116.34 111.61 108.32 -9999 -9999 -9999 -9999 -9999
137.31 141.86 149.71 156.83 162.39 166.85 170.89 175.31 180.93 187.58 192.12 194.18 195.83 196.43 195.31 192.92 189.92 187.2 184.48 180.88 176.88 174.08 172.29 170.91 169.47 167.77 166.29 165.69 165.34 165.39 165.74 166.43 167.54 168.62 169.27 169.57 169.66 169.61 169.51 170 171.12 172.14 172.29 171.49 170.08 168.38 166.78 165.48 164.07 161.28 156.07 148.32 139.21 130.81 124.55 120.66 119.01 119.55 122.79 127.66 133.62 139.05 139.99 136.81 131.32 123.93 116 110.57 106.62 103.58 102.3 104.1 -9999 -9999 -9999
135.78 141.03 148.4 154.86 159.84 163.63 166.67 169.45 172.4 175.46 177.26 177.8 177.31 175.8 173.83 172.27 171.84 172.23 172.22 171.43 170.8 170.36 169.9 169.19 168.09 166.53 164.94 164.45 164.28 164.33 164.7 165.4 166.33 167.1 167.5 167.68 167.75 167.78 167.81 168.31 169.47 170.6 170.92 170.36 169.18 167.77 166.79 166.59 165.82 162.56 157.1 149.18 139.14 129.84 123.11 118.77 117.52 118.05 120.51 124.23 128.2 131.83 133.45 130.86 125.72 119.05 111.39 106.08 102.92 100.69 99.77 101.78 -9999 -9999 -9999
135.96 141.82 148.16 153.49 157.56 160.49 162.45 163.59 164.05 164.35 164.94 164.7 162.99 160.76 159.17 158.03 157.65 159.36 161.3 162.54 164.78 166.44 167.18 167.15 166.44 165.12 163.59 163.1 163.04 163.15 163.47 164.02 164.7 165.25 165.54 165.67 165.71 165.76 165.93 166.54 167.79 169.05 169.52 169.12 168.09 166.84 166.12 166.33 165.56 162.17 156.68 148.73 138.66 129.62 123.14 118.66 116.75 117.3 119.11 121.95 124.45 126.21 126.79 125.17 120.97 115.53 109.06 103.75 101.07 99.69 99.72 101.92 -9999 -9999 -9999
138.82 143.63 148.36 152.36 155.42 157.47 158.45 158.21 156.89 156.01 156.33 156.04 154.51 152.66 151.02 149.7 149.05 150.57 153.31 155.65 159.81 162.89 164.5 164.97 164.59 163.51 162.1 161.55 161.47 161.52 161.74 162.15 162.67 163.15 163.43 163.55 163.58 163.64 163.88 164.63 166 167.39 168.02 167.7 166.72 165.46 164.53 164.32 163.81 160.74 155.47 147.61 137.87 129.39 123.33 119.15 117.34 117.59 118.96 121.04 122.48 123.01 122.52 120.75 117.6 113.86 109.5 105.16 102.45 101.71 102.53 104.18 105.16 104.99 -9999
142.11 145.25 148.41 151.17 153.28 154.57 154.8 153.63 151.29 150.19 150.66 150.77 149.88 148.39 146.61 144.92 144.08 145.69 148.29 151.28 156.28 159.99 162.01 162.78 162.62 161.71 160.41 159.81 159.64 159.58 159.75 160.07 160.46 160.88 161.17 161.29 161.31 161.38 161.67 162.47 163.89 165.4 166.19 165.94 164.89 163.4 161.86 160.59 159.38 157.05 152.61 145.59 137.04 129.43 123.98 120.55 119.24 118.88 119.94 121.23 121.81 121.57 120.54 118.69 116.23 114 111.88 109.97 108.78 108.35 108.12 107.52 106.38 105.04 -9999
144.29 146.04 147.94 149.7 151.07 151.8 151.56 149.94 147.18 145.89 146.47 146.93 146.55 145.56 144.06 142.41 141.78 143.23 145.21 149 154.05 157.69 159.74 160.62 160.6 159.84 158.64 157.98 157.74 157.69 157.83 158.02 158.28 158.63 158.88 158.94 158.91 158.9 159.09 159.76 161.1 162.64 163.56 163.41 162.22 160.35 158.17 155.92 153.66 151.05 147.49 142.67 136.97 131.42 126.97 123.87 121.95 121.2 121.69 122.04 121.81 121.01 119.69 117.97 116.14 114.97 114.48 114.77 115.29 115.13 113.7 110.94 107.6 104.78 102.6
145.09 145.86 146.88 147.93 148.77 149.14 148.7 147.05 144.26 142.31 142.75 143.46 143.49 143.01 142.06 140.98 140.77 141.46 143.21 147.98 152.6 155.75 157.61 158.48 158.59 158.01 156.95 156.16 155.9 155.82 155.87 155.96 156.09 156.35 156.47 156.37 156.15 155.92 155.86 156.25 157.32 158.6 159.47 159.52 158.36 156.22 153.61 150.8 147.96 145.29 142.63 139.8 136.61 133.18 129.93 127.14 125.04 124.21 123.74 123.05 122.02 120.65 119.05 117.36 115.94 115.34 115.82 117.4 118.17 117.61 116.06 113.06 108.31 103.73 100.35
144.78 144.92 145.35 145.9 146.38 146.55 146.1 144.7 142.15 139.42 139.25 139.89 140.31 140.23 139.73 139.19 139.08 139.96 143.13 147.64 151.34 153.88 155.48 156.34 156.59 156.27 155.43 154.47 154.14 153.98 153.92 153.89 153.92 153.93 153.76 153.4 152.94 152.49 152.17 152.24 153.09 154.23 154.91 154.78 153.62 151.48 148.79 145.77 142.85 140.61 138.7 137.29 136.06 134.48 132.63 130.74 129.01 127.46 125.82 124.05 122.16 120.17 118.15 116.22 114.79 114.1 114.5 116.11 116.82 116.66 115.67 113.06 107.65 101.8 97.87
143.77 143.5 143.52 143.73 143.96 144.01 143.62 142.55 140.58 138.03 136.5 136.55 136.89 137.01 136.91 136.82 137.36 139.71 143.47 147.05 149.85 151.86 153.25 154.14 154.57 154.55 154.07 153.25 152.58 152.29 152.11 151.93 151.7 151.35 150.86 150.27 149.66 149.11 148.66 148.49 148.99 150.16 150.86 150.64 149.36 147.18 144.64 141.79 139.58 138.01 136.72 135.91 136.15 136.2 135.79 134.97 133.41 130.86 127.96 125.02 122.2 119.49 116.89 114.47 112.62 111.02 110.04 110.86 112.15 113.03 113.05 111.14 105.89 99.98 96.54
142.45 141.86 141.57 141.5 141.52 141.45 141.11 140.28 138.82 136.79 134.8 134.08 134.22 134.42 134.57 135.02 136.89 139.9 143.05 145.75 147.9 149.57 150.86 151.83 152.48 152.78 152.69 152.24 151.55 150.83 150.32 149.83 149.29 148.68 148.01 147.33 146.71 146.17 145.71 145.37 145.45 146.6 147.5 147.4 146.18 144.02 141.73 139.3 137.59 136.62 136.04 136.12 137.39 138.55 139.09 138.98 137.83 134.51 130.23 126.01 122.16 118.67 115.44 112.43 109.98 107.02 104.44 104.81 106.18 107.69 108.75 107.98 104.32 99.49 96.46
141.05 140.18 139.62 139.29 139.09 138.87 138.47 137.71 136.48 134.81 133.06 132.15 132.25 132.52 132.85 133.78 136.12 138.89 141.46 143.67 145.5 147.02 148.32 149.41 150.28 150.87 151.13 151.06 150.67 150 149.08 147.91 146.86 146.05 145.35 144.7 144.15 143.65 143.19 142.8 142.7 143.7 144.75 144.88 143.92 142.04 139.95 138.11 136.64 136.19 136.45 137.67 139.59 141.21 141.98 141.82 140.64 137.7 132.44 126.89 121.98 117.76 113.99 110.58 107.74 104.05 101.27 101.4 102.61 104.3 106.04 106.58 104.46 100.87 97.94
139.72 138.59 137.74 137.14 136.7 136.28 135.71 134.83 133.54 131.9 130.41 130.03 130.25 130.57 130.93 131.68 133.87 136.49 138.9 140.97 142.74 144.27 145.65 146.89 147.95 148.79 149.34 149.57 149.46 148.99 148.08 146.66 144.9 143.6 142.88 142.29 141.79 141.32 140.86 140.45 140.33 141.4 142.56 142.86 142.2 140.74 138.98 137.74 137.09 137.21 138.2 139.98 142.04 143.59 144.06 143.43 141.76 138.92 133.82 127.28 121.42 116.6 112.55 109.14 106.51 103.16 100.6 101.12 102.91 105.2 107.42 108.4 106.51 103.53 101.48
138.52 137.11 135.98 135.11 134.41 133.74 132.93 131.8 130.24 128.47 127.51 127.55 127.84 128.17 128.54 129.11 130.63 133.23 135.76 137.93 139.78 141.41 142.9 144.29 145.52 146.55 147.31 147.76 147.87 147.58 146.82 145.49 143.57 141.55 140.56 139.99 139.49 139.02 138.57 138.2 138.27 139.62 140.76 141.1 140.66 139.64 138.42 137.61 137.72 138.58 140.02 141.88 143.74 144.58 144.35 143.34 141.47 138.28 133.64 126.53 120 114.82 110.78 107.75 105.93 103.89 102.22 103.36 105.86 108.37 110.26 110.9 108.98 105.89 104.3
137.44 135.78 134.38 133.22 132.26 131.33 130.26 128.84 126.98 125.09 124.69 124.87 125.14 125.45 125.82 126.27 127.22 129.76 132.47 134.8 136.77 138.52 140.14 141.65 143.03 144.21 145.13 145.73 145.99 145.86 145.28 144.18 142.52 140.47 138.71 137.86 137.26 136.78 136.42 136.32 137.08 138.31 139.16 139.39 139.03 138.28 137.5 137.16 137.77 139.23 140.91 142.6 144.05 144.28 143.51 142.08 139.82 136.09 131.11 123.99 117.22 111.93 108.11 105.74 104.97 104.6 104.74 106.56 109.17 111.09 112.17 112.23 110.12 106.87 105.23
136.48 134.59 132.92 131.5 130.27 129.11 127.82 126.2 124.15 122.25 121.99 122.15 122.37 122.65 122.99 123.4 124.22 126.61 129.37 131.79 133.85 135.69 137.41 139.03 140.53 141.83 142.86 143.57 143.94 143.94 143.53 142.69 141.4 139.74 137.98 136.51 135.47 134.97 135 135.49 136.32 137.11 137.54 137.53 137.11 136.46 135.85 135.69 136.44 138.25 140.28 141.76 142.74 142.8 141.75 139.86 136.84 132.41 126.68 119.55 112.81 107.64 104.25 102.7 102.81 103.65 105.09 107.56 110.52 112.03 112.53 111.93 109.14 106.11 104.41
135.6 133.52 131.61 129.94 128.48 127.13 125.69 123.98 121.88 119.84 119.4 119.48 119.65 119.89 120.19 120.59 121.49 123.94 126.64 129.01 131.08 132.96 134.76 136.48 138.07 139.46 140.57 141.35 141.78 141.86 141.58 140.95 139.97 138.73 137.39 136.15 135.23 134.76 134.73 135.03 135.43 135.71 135.73 135.42 134.83 134.08 133.42 133.16 133.66 135.18 137.4 139.02 139.81 139.73 138.59 136.24 132.51 127.3 120.76 113.6 107.22 102.6 99.9 98.95 99.44 100.87 102.9 105.43 108.12 109.96 110.27 108.92 106.47 104.16 102.64
134.76 132.53 130.43 128.53 126.87 125.36 123.85 122.18 120.22 118.2 117.11 116.9 117 117.19 117.47 118.02 119.39 121.83 124.3 126.5 128.49 130.38 132.23 134.02 135.7 137.15 138.31 139.12 139.57 139.67 139.43 138.87 138.06 137.09 136.08 135.18 134.52 134.14 134.02 134.05 134.09 133.98 133.63 133.02 132.17 131.2 130.31 129.76 129.81 130.67 132.29 134.07 135.1 135.09 133.88 131.22 126.93 121 114.07 107.39 101.97 98.14 95.89 95.02 95.45 96.93 99.13 101.66 104.02 105.62 105.96 105.06 103.48 101.96 100.94
133.91 131.59 129.33 127.24 125.39 123.75 122.22 120.65 118.95 117.14 115.58 114.76 114.64 114.77 115.15 116.15 117.98 120.13 122.22 124.19 126.07 127.94 129.84 131.7 133.44 134.94 136.12 136.92 137.33 137.36 137.03 136.4 135.56 134.65 133.79 133.12 132.68 132.48 132.42 132.39 132.24 131.89 131.27 130.35 129.2 127.92 126.76 125.89 125.48 125.66 126.41 127.48 128.29 128.31 127.08 124.3 119.89 114.08 107.7 102.07 97.6 94.41 92.5 91.49 91.65 92.84 94.76 97.19 99.62 101.38 102.09 101.74 100.8 99.99 99.7
133.03 130.66 128.28 126.03 124.01 122.25 120.69 119.22 117.77 116.32 114.98 113.98 113.5 113.56 114.16 115.3 116.84 118.53 120.25 121.98 123.78 125.65 127.6 129.53 131.32 132.85 134.02 134.76 135.06 134.92 134.36 133.48 132.41 131.35 130.48 129.94 129.75 129.82 130 130.1 129.98 129.53 128.72 127.54 126.08 124.57 123.37 122.41 121.61 121.08 120.93 121.16 121.35 120.99 119.64 117.05 113.14 108.07 102.71 98.22 94.54 92.12 90.48 89.3 88.82 89.53 90.8 92.65 94.93 96.93 98.3 98.63 98.31 98.12 98.33
132.08 129.7 127.24 124.85 122.68 120.78 119.15 117.74 116.46 115.3 114.28 113.5 113.07 113.08 113.54 114.38 115.5 116.8 118.24 119.82 121.58 123.49 125.51 127.51 129.35 130.87 132 132.64 132.77 132.36 131.45 130.16 128.71 127.5 126.62 126.15 126.1 126.41 126.96 127.38 127.44 127.03 126.12 124.73 123.07 121.68 120.54 119.45 118.39 117.4 116.58 116 115.57 114.9 113.55 111.3 108.02 103.85 99.63 96.12 93.06 90.98 89.45 88.19 87.41 87.57 88 88.91 90.6 92.57 94.41 95.54 95.89 96.04 96.33
131.04 128.68 126.16 123.66 121.33 119.28 117.55 116.11 114.9 113.89 113.06 112.45 112.11 112.08 112.36 112.94 113.77 114.83 116.13 117.67 119.46 121.47 123.57 125.64 127.49 128.99 130.04 130.55 130.47 129.75 128.43 126.68 125.1 124.38 123.87 123.4 123 122.95 123.67 124.47 124.82 124.54 123.62 122.12 120.37 119.12 117.97 116.78 115.56 114.34 113.17 112.09 111.1 110.14 108.85 107 104.47 101.37 98.36 95.75 93.27 91.17 89.62 88.33 87.48 86.92 86.39 86.28 87.08 88.8 90.96 92.78 93.75 93.94 93.8
129.87 127.56 125.08 122.54 120.09 117.85 115.9 114.31 113.05 112.07 111.3 110.76 110.44 110.36 110.54 110.97 111.67 112.65 113.93 115.53 117.44 119.56 121.77 123.88 125.73 127.18 128.14 128.51 128.22 127.22 125.52 123.62 122.74 122.33 121.92 121.46 120.96 120.54 120.72 121.71 122.34 122.23 121.35 119.83 118.05 116.75 115.52 114.25 112.94 111.61 110.3 109.01 107.73 106.46 105.15 103.7 102 100.12 98.31 96.58 94.86 93.2 91.66 90.16 88.64 86.98 85.28 84.04 83.95 85.38 88 90.78 92.55 92.75 91.7
