raw_data/evaporacion/evapaug.txt
ncols         178
nrows         142
xllcorner     111.875
yllcorner     -44.625
cellsize      0.25
NODATA_value  -9999
[rows 33 to 65 of 142, columns 73 to 145 of 178]
225.44 224.66 224.24 224.19 224.42 224.71 224.73 224.02 222.15 219.16 216.74 216.63 217 217.35 217.59 217.77 218.13 219.02 221.27 222.37 221.95 220.63 219.15 218.11 217.77 218.09 218.82 219.66 220.34 220.66 220.39 219.27 216.99 213.45 209.7 207.68 207.32 209.39 -9999 -9999 -9999 -9999 253.57 254.91 251.35 242.96 229.26 215.1 202.83 192.46 183.64 175.96 169.07 162.51 155.57 147.65 139 129.93 120.09 112.66 109.53 108.6 109.17 110.82 -9999 -9999 -9999 -9999 -9999 -9999 -9999 -9999 -9999
223.87 223.19 222.95 223.15 223.7 224.37 224.78 224.48 223.06 220.51 218.35 218.49 219.14 219.8 220.42 221.05 221.75 222.4 223.45 223.15 221.36 218.95 216.75 215.35 215.01 215.62 217.03 218.57 219.77 220.38 220.19 218.97 216.44 212.62 208.86 206.58 206.4 208.52 212.62 219.88 231.88 244.81 252.6 253.4 249.19 240.05 225.9 211.23 199.08 189.29 181.14 173.77 166.62 159.57 152.29 144.25 135.28 125.11 112.21 99.38 95.09 94.84 96.75 100.32 -9999 -9999 -9999 -9999 -9999 -9999 -9999 -9999 -9999
221.95 221.38 221.35 221.85 222.77 223.86 224.77 225.1 224.48 222.83 221.01 221.29 222.42 223.7 225.13 226.65 227.96 228.51 227.81 225.29 221.73 218.57 216.1 214.39 213.35 213.12 214.67 216.98 218.85 219.89 219.93 218.84 216.45 212.77 209.01 206.79 206.1 207.87 211.9 219.15 230.28 241.98 250.12 250.87 245.82 235.35 221.05 207.76 196.87 187.56 179.55 172.7 165.89 158.89 151.55 143.41 134.14 123.29 109.04 91.58 83.75 83.8 87.33 93.24 -9999 -9999 -9999 -9999 -9999 -9999 -9999 -9999 -9999
219.42 219.01 219.28 220.16 221.51 223.1 224.61 225.7 226.15 225.97 225.61 226.28 228.48 231.08 233.84 236.5 238.36 238.23 235.21 229.92 224.28 219.68 216.46 214.38 213 212.38 212.81 215.38 217.86 219.32 219.68 218.89 216.92 213.76 210.14 208.15 207.3 208.37 212.36 219.47 228.76 237.94 244.3 245.09 239.75 229.33 216.51 205.11 195.49 186.9 179.36 172.83 166.28 159.47 152.31 144.28 135.04 124.17 111.31 95.55 81.8 80.01 84.6 93.43 -9999 -9999 -9999 -9999 -9999 -9999 -9999 -9999 -9999
215.77 215.66 216.4 217.85 219.79 221.97 224.14 226.08 227.75 229.33 231.33 234.44 238.91 243.55 247.83 251.33 252.92 251.04 245.02 236.45 228.07 221.57 217.53 214.95 213.21 212.33 212.47 214.44 217.09 218.85 219.46 219.01 217.56 215.21 212.34 210.15 209.44 210.41 213.77 219.64 227.11 234.27 238.66 238.36 233.14 224.2 213.47 203.39 194.69 186.88 179.98 173.68 167.26 160.64 153.79 146.21 137.32 126.81 115.78 105.13 96.23 93.5 98.31 109.81 124.83 -9999 -9999 -9999 -9999 -9999 -9999 -9999 -9999
210.32 210.73 212.28 214.61 217.39 220.34 223.24 226.06 228.97 232.43 237.14 243.81 252.26 259.76 264.94 268.32 268.7 264.58 255.79 244.27 233.11 224.43 219.01 215.66 213.54 212.56 212.7 214.25 216.78 218.55 219.26 219.05 218.08 216.48 214.49 212.64 211.62 212.04 214.43 218.79 224.46 230.07 233.48 232.74 228.14 220.71 211.94 203.16 195.22 188.23 181.83 175.45 168.89 162.36 155.89 148.91 140.54 130.71 121.11 114 111.07 112.94 120.28 132.79 148.35 -9999 -9999 -9999 -9999 -9999 -9999 -9999 -9999
202.39 203.66 206.45 210.13 214.13 218.07 221.82 225.51 229.6 234.83 242.2 252.62 265.25 274.5 280.04 283.27 282.64 276.94 266.2 252.69 239.34 228.48 221.1 216.63 214.07 213.12 213.32 214.78 216.95 218.46 219.09 218.99 218.37 217.32 215.99 214.7 213.83 213.8 214.93 217.19 220.19 223.17 225.14 225.16 222.78 217.46 210.68 203.6 196.82 190.41 184.17 177.83 171.42 165.1 158.84 152.21 144.71 136.58 129.03 123.91 124.62 130.58 140.55 154.14 169.69 -9999 -9999 -9999 -9999 -9999 -9999 -9999 -9999
192.6 194.49 198.85 204.37 209.97 215.16 219.85 224.37 229.43 236.1 245.67 259.22 274.85 283.59 289.64 292.8 291.63 286.09 274.65 260.27 245.88 233.45 224.27 218.43 215.23 214.05 214.34 215.81 217.45 218.6 219.05 218.94 218.47 217.76 216.87 215.94 215.12 214.69 214.89 215.65 216.75 217.82 218.4 218.07 216.52 213.51 209.16 203.86 198.38 192.82 187.08 181.11 174.95 168.74 162.48 156.13 150 144.37 139.76 137.42 139.56 146.98 157.41 169.75 182.77 186.47 183.59 -9999 -9999 -9999 -9999 -9999 -9999
185.46 185.75 190.42 197.76 205.21 211.77 217.41 222.62 228.32 235.82 246.61 261.62 277.44 285.19 291.14 292.17 290.73 286.91 277.83 264.39 250.72 238.11 227.74 220.67 216.79 215.6 215.98 216.99 218.04 218.7 218.82 218.57 218.11 217.5 216.8 216.08 215.41 214.82 214.43 214.31 214.44 214.62 214.56 214.07 212.92 210.95 208.06 204.27 200.15 195.73 190.89 185.49 179.54 173.18 166.61 160.08 154.27 149.7 146.86 146.56 150.1 158.32 168.51 177.36 185.86 187.26 181.43 172.21 162.29 153.69 -9999 -9999 -9999
182.48 181.89 183.96 191.47 200.46 208.28 214.7 220.33 226.21 233.72 244.39 258.67 271.97 278.61 284.05 284.72 283.38 280.43 273.12 262.13 251.18 240.28 230.03 222.91 219.14 217.72 217.52 217.78 218.2 218.39 218.23 217.81 217.3 216.74 216.12 215.51 214.93 214.34 213.7 213.12 212.79 212.74 212.69 212.42 211.63 209.88 207.47 204.72 201.8 198.58 194.82 190.14 184.32 177.51 170.22 163.03 156.64 151.96 149.71 150.32 154.27 162.22 172.5 178.43 182.17 182.6 175.8 165.56 155.85 148.14 -9999 -9999 -9999
180.69 179.79 180.98 186.98 196.56 205.16 211.98 217.64 223.18 229.87 239.01 250.66 260.1 264.76 269.1 270.72 269.6 266.63 259.99 252.46 245.31 237.34 228.96 223.28 220.22 218.79 218.19 217.9 217.78 217.63 217.29 216.78 216.24 215.7 215.15 214.65 214.18 213.61 212.87 212.08 211.47 211.27 211.37 211.25 210.4 208.76 206.77 204.75 202.85 200.94 198.59 194.96 189.22 181.43 172.67 164.3 157.3 152.25 149.67 150.44 154.18 160.75 169.38 175.41 176.17 173.74 167.42 158.03 149.11 142.42 137.37 134.04 -9999
179.12 178.11 179.16 184.62 194.2 202.82 209.49 214.76 219.49 224.66 231.22 239 244.23 246.52 248.29 248.83 247.36 244.41 240.77 237.44 234.03 229.55 224.7 221.44 219.6 218.56 217.89 217.31 216.81 216.44 216.03 215.51 214.97 214.45 213.97 213.54 213.03 212.43 211.76 211.03 210.3 209.99 210.08 209.98 209.09 207.55 205.89 204.36 203.45 203.15 202.65 200.16 194.36 185.09 173.97 163.65 155.91 150.99 148.7 148.91 152.17 157.28 163.64 169.44 170.27 166.55 160.26 151.85 142.97 137.08 132.93 129.82 128.72
177.71 176.83 178.17 184.53 193.53 201.37 207.36 211.86 215.46 218.76 222.27 225.93 227.96 228.45 227.7 225.71 223.2 221.21 220.58 220.94 220.78 219.67 218.74 218.17 217.77 217.36 216.82 216.12 215.36 214.85 214.38 213.89 213.39 212.91 212.5 212.07 211.54 210.95 210.31 209.66 209.05 208.76 208.86 208.75 207.89 206.68 205.29 204.02 203.77 204.91 205.25 202.09 195.91 186.44 174.16 162.73 154.44 149.03 147.31 147.64 150.12 154.02 158.21 162.04 163.69 160.7 154.9 147.45 138.94 133.18 129.83 127.56 126.82
176.76 176.51 179.29 186.44 194.17 200.62 205.52 209.03 211.4 212.83 213.53 214 214.62 214.19 211.99 209.14 207.04 205.5 204.9 206.8 208.98 210.26 212.66 214.47 215.37 215.57 215.25 214.51 213.55 212.93 212.44 211.95 211.49 211.1 210.76 210.39 209.92 209.36 208.75 208.15 207.65 207.47 207.66 207.64 206.89 205.84 204.59 203.47 203.49 205.1 205.36 201.97 195.7 186.17 173.87 162.78 154.81 149.28 146.83 147.26 149.08 152.05 154.64 156.45 157.02 155.22 150.58 144.54 137.41 131.61 128.75 127.38 127.67
177.64 179.38 183.73 189.59 195.33 200.16 203.83 206.31 207.55 207.44 206.13 205.23 205.55 205.11 203.12 200.69 198.5 196.7 195.73 197.38 200.5 203.07 207.66 211.07 212.89 213.55 213.4 212.64 211.54 210.82 210.29 209.77 209.35 209.04 208.8 208.57 208.19 207.69 207.11 206.54 206.15 206.09 206.38 206.56 206.02 204.92 203.65 202.51 202.25 203.17 203.62 200.55 194.49 185.06 173.18 162.8 155.4 150.28 147.98 148.11 149.47 151.62 153.07 153.55 152.99 151.16 147.84 143.75 138.97 134.23 131.32 130.62 131.74
184.45 185.7 188.69 192.47 196.27 199.58 202.12 203.7 204.08 202.93 200.48 199.33 199.87 199.95 198.7 196.68 194.31 192.05 190.81 192.54 195.46 198.74 204.27 208.37 210.6 211.51 211.46 210.69 209.48 208.69 208.1 207.54 207.21 206.97 206.79 206.65 206.36 205.92 205.37 204.87 204.53 204.51 204.87 205.23 204.95 203.93 202.49 201 199.81 199.09 198.4 196.16 191.09 182.69 172.34 163.11 156.52 152.35 150.7 150.15 151.17 152.44 152.94 152.59 151.48 149.68 147.33 144.97 142.7 140.75 139.62 139.23 138.95
190.66 190.85 192.23 194.29 196.55 198.64 200.28 201.2 201.04 199.38 196.46 195.12 195.83 196.33 195.71 194.31 192.28 190.04 189.02 190.52 192.64 196.78 202.33 206.32 208.56 209.52 209.54 208.8 207.57 206.7 206.09 205.63 205.35 205.11 204.9 204.81 204.59 204.16 203.63 203.08 202.64 202.51 202.82 203.22 203.09 202.12 200.43 198.33 196.06 193.8 191.49 188.67 184.62 178.97 172.21 165.62 160.34 156.66 154.35 153.35 153.74 153.97 153.56 152.59 151.21 149.62 148.11 146.98 146.62 147.31 148.26 148.13 146.18
194.32 193.73 194.01 194.89 196.07 197.3 198.3 198.79 198.4 196.69 193.73 191.69 192.24 193.06 192.95 192.18 190.81 189.25 188.7 189.26 191.05 196.22 201.26 204.68 206.67 207.58 207.68 207.06 205.92 204.93 204.34 203.91 203.62 203.33 203.09 203.01 202.76 202.27 201.62 200.91 200.28 199.92 200.02 200.19 199.92 198.91 196.92 194.22 191.16 187.89 184.57 181.47 178.44 175.27 171.68 167.78 164.05 160.84 158.4 157.36 156.68 155.72 154.4 152.81 151.12 149.61 148.54 148.03 148.87 151.2 152.28 151.44 149.15
195.89 194.81 194.39 194.51 194.98 195.63 196.21 196.45 196.03 194.57 191.87 188.96 188.81 189.55 189.95 189.69 188.84 187.9 187.5 188.23 191.55 196.4 200.39 203.11 204.78 205.65 205.87 205.48 204.54 203.42 202.82 202.35 201.98 201.65 201.41 201.18 200.74 200.07 199.26 198.4 197.57 196.97 196.88 196.88 196.35 194.96 192.54 189.38 185.92 182.11 178.46 175.76 173.56 172.11 170.99 169.41 167.46 165.41 163.5 161.69 159.68 157.48 155.17 152.86 150.68 148.86 147.59 146.91 147.62 149.93 150.78 150.32 148.59
196.15 194.75 193.89 193.52 193.52 193.76 194.04 194.14 193.77 192.65 190.57 187.85 186.22 186.24 186.54 186.52 186.19 185.84 186.19 188.55 192.5 196.29 199.24 201.35 202.78 203.66 204.05 203.96 203.38 202.43 201.57 201.04 200.61 200.21 199.8 199.29 198.61 197.78 196.86 195.91 194.99 194.19 193.81 193.79 193.2 191.59 188.79 185.12 181.57 177.77 174.9 172.98 171.46 170.66 171.35 171.8 171.63 170.91 169.25 166.31 162.82 159.25 155.83 152.66 149.78 147.3 145.31 143.4 142.3 143.43 144.92 145.74 145.2
195.78 194.16 192.98 192.25 191.9 191.82 191.85 191.81 191.47 190.61 189.08 186.93 184.8 183.98 184.04 184.13 184.12 184.42 186.24 189.31 192.56 195.36 197.59 199.3 200.6 201.56 202.17 202.41 202.23 201.66 200.84 199.96 199.31 198.7 198.06 197.34 196.52 195.61 194.68 193.73 192.79 191.86 191.15 191.11 190.64 189.09 186.25 182.38 178.87 175.48 173.18 171.95 171.3 171.58 173.53 175.34 176.31 176.43 175.21 171.32 166.19 161.07 156.41 152.29 148.61 145.34 142.42 138.73 135.51 135.86 137.36 138.9 139.6
195.22 193.4 191.96 190.93 190.26 189.88 189.66 189.45 189.04 188.26 186.99 185.25 183.4 182.4 182.42 182.59 182.81 183.64 185.96 188.74 191.33 193.56 195.41 196.95 198.26 199.35 200.19 200.73 200.92 200.75 200.25 199.48 198.5 197.34 196.29 195.41 194.54 193.65 192.74 191.82 190.87 189.92 189.08 188.95 188.65 187.34 184.81 181.25 177.76 175.01 172.96 172.35 172.76 174.51 177.25 179.58 180.8 180.77 179.42 175.9 169.54 162.8 156.85 151.79 147.41 143.54 140.03 135.35 131.74 131.68 132.85 134.52 136.01
194.68 192.69 191 189.67 188.69 188.01 187.52 187.08 186.49 185.59 184.27 182.58 181.03 180.6 180.75 180.99 181.27 181.93 184.06 186.64 189.03 191.09 192.85 194.39 195.78 197.03 198.09 198.9 199.4 199.55 199.34 198.79 197.86 196.5 194.88 193.59 192.67 191.8 190.92 190.02 189.08 188.12 187.3 187.26 187.12 186.1 184.04 181.09 177.9 175.79 174.74 174.85 176.18 178.63 181.49 183.67 184.44 183.77 181.71 178.2 171.95 163.96 156.82 150.98 146.19 142.21 138.89 134.56 131.16 131.47 133.28 135.6 137.67
194.23 192.08 190.15 188.53 187.23 186.25 185.47 184.75 183.9 182.74 181.16 179.36 178.36 178.35 178.57 178.83 179.13 179.63 181.08 183.6 186.09 188.23 190.07 191.71 193.24 194.65 195.91 196.94 197.67 198.06 198.08 197.72 196.93 195.66 193.9 192.03 190.89 190.02 189.15 188.25 187.32 186.4 185.75 185.98 185.93 185.11 183.49 181.25 178.84 177.13 176.93 177.94 179.82 182.32 184.85 186.05 185.86 184.65 182.32 178.29 172.5 163.76 155.75 149.41 144.52 140.91 138.56 135.81 133.43 134.45 137.07 139.65 141.37
193.83 191.56 189.42 187.52 185.92 184.62 183.54 182.54 181.41 179.96 178.06 176.15 175.71 175.83 176.03 176.28 176.58 176.96 177.85 180.31 182.97 185.26 187.24 189.02 190.68 192.26 193.69 194.9 195.81 196.37 196.56 196.36 195.74 194.65 193.08 191.17 189.44 188.35 187.4 186.51 185.66 184.96 184.86 185.05 184.88 184.12 182.8 181.11 179.43 178.37 178.65 180.25 182.35 184.55 186.47 186.82 185.88 184.09 181.22 176.47 170.22 161.4 153.04 146.48 141.77 138.84 137.75 137.04 136.87 138.66 141.4 143.28 144.06
193.43 191.09 188.78 186.63 184.74 183.14 181.77 180.51 179.14 177.46 175.38 173.44 173.13 173.23 173.39 173.6 173.88 174.23 174.98 177.3 180.02 182.41 184.49 186.38 188.18 189.9 191.48 192.84 193.89 194.58 194.9 194.82 194.35 193.46 192.17 190.55 188.81 187.25 185.98 185.08 184.54 184.31 184.29 184.19 183.78 182.95 181.76 180.35 179.07 178.38 178.86 180.75 183.08 184.85 186.06 186.12 184.76 182.33 178.47 172.84 165.63 156.73 148.32 141.84 137.54 135.53 135.49 136.28 137.7 140.3 143.43 144.81 144.92
192.96 190.59 188.17 185.82 183.67 181.79 180.17 178.69 177.15 175.37 173.22 171.14 170.64 170.66 170.76 170.94 171.18 171.53 172.37 174.76 177.43 179.8 181.91 183.87 185.78 187.63 189.34 190.82 191.98 192.77 193.16 193.16 192.79 192.04 190.98 189.66 188.23 186.85 185.68 184.83 184.28 183.93 183.62 183.18 182.49 181.51 180.27 178.93 177.71 177.01 177.24 178.74 181.13 182.89 183.67 183.44 181.89 178.83 174.06 167.46 159.23 150.23 142.19 136.29 132.74 131.37 131.76 133.28 135.47 138.18 141.01 142.79 142.67
192.36 190.02 187.54 185.04 182.68 180.57 178.71 177.05 175.43 173.67 171.64 169.57 168.43 168.16 168.19 168.32 168.54 169.04 170.36 172.76 175.21 177.44 179.51 181.51 183.51 185.48 187.31 188.9 190.14 190.98 191.4 191.41 191.03 190.32 189.34 188.19 186.99 185.87 184.93 184.2 183.63 183.14 182.59 181.89 180.95 179.77 178.38 176.9 175.54 174.56 174.29 174.96 176.52 178.3 179.19 178.88 177.14 173.64 168.13 160.63 151.89 143.44 136.49 131.46 128.39 127.05 127.34 128.9 131.32 134.09 136.57 138.07 137.99
191.58 189.32 186.84 184.26 181.73 179.41 177.36 175.55 173.87 172.2 170.41 168.55 166.93 166.06 165.87 165.95 166.27 167.22 169.01 171.14 173.25 175.27 177.27 179.31 181.4 183.48 185.42 187.1 188.39 189.23 189.61 189.53 189.03 188.18 187.1 185.92 184.8 183.86 183.15 182.63 182.21 181.75 181.14 180.3 179.18 177.78 176.16 174.44 172.83 171.51 170.68 170.49 170.93 171.74 172.24 171.81 169.93 166.19 160.49 153.1 144.97 137.73 131.86 127.54 124.85 123.29 123.21 124.44 126.53 129.2 131.8 133.49 133.84
190.61 188.46 186.03 183.4 180.76 178.27 176.04 174.09 172.37 170.78 169.24 167.71 166.3 165.25 164.72 164.72 165.28 166.37 167.89 169.59 171.36 173.21 175.16 177.25 179.44 181.64 183.68 185.41 186.72 187.51 187.77 187.49 186.72 185.54 184.14 182.73 181.54 180.72 180.28 180.11 180.01 179.79 179.3 178.45 177.21 175.62 173.76 171.83 170.13 168.61 167.28 166.25 165.65 165.45 165.11 164.11 161.99 158.42 153.26 146.71 139.79 133.87 128.9 125.54 123.15 121.34 120.43 121.08 122.41 124.4 126.83 128.82 129.93
189.42 187.41 185.05 182.44 179.72 177.09 174.69 172.6 170.8 169.25 167.87 166.62 165.52 164.68 164.2 164.16 164.58 165.4 166.53 167.87 169.41 171.15 173.12 175.31 177.64 179.95 182.07 183.84 185.11 185.8 185.87 185.29 184.09 182.41 180.54 178.93 177.7 176.94 176.67 176.8 177.18 177.39 177.18 176.44 175.17 173.42 171.39 169.5 167.79 166.09 164.42 162.85 161.47 160.36 159.32 157.9 155.7 152.48 148.07 142.58 137.01 132.26 128.01 125.03 122.76 120.84 119.57 119.56 119.91 120.82 122.57 124.51 126.14
187.99 186.13 183.87 181.3 178.55 175.81 173.25 171 169.09 167.5 166.17 165.06 164.15 163.48 163.09 163.01 163.27 163.85 164.73 165.88 167.32 169.07 171.14 173.48 175.96 178.38 180.56 182.32 183.53 184.08 183.91 182.97 181.27 179.04 177.01 176 175.21 174.45 173.76 173.45 174.06 174.76 174.93 174.39 173.15 171.32 169.2 167.39 165.6 163.77 161.91 160.06 158.27 156.58 154.96 153.25 151.12 148.37 144.85 140.66 136.55 132.87 129.34 126.29 123.97 122.03 120.73 119.86 119.07 118.78 119.48 121.11 123.05
186.31 184.6 182.47 179.96 177.25 174.47 171.79 169.35 167.22 165.47 164.09 163 162.15 161.54 161.17 161.07 161.24 161.71 162.48 163.6 165.08 166.96 169.22 171.74 174.37 176.89 179.09 180.82 181.94 182.35 181.95 180.66 178.53 176.12 174.94 174.31 173.66 172.92 172.09 171.36 171.32 172.25 172.77 172.44 171.28 169.43 167.25 165.36 163.47 161.53 159.55 157.56 155.59 153.65 151.71 149.76 147.71 145.48 142.98 140.27 137.61 135.03 132.46 129.98 127.68 125.49 123.35 121.13 118.9 117.21 116.79 118 120.45
