raw_data/evaporacion/evapfeb.txt
ncols         178
nrows         142
xllcorner     111.875
yllcorner     -44.625
cellsize      0.25
NODATA_value  -9999
[rows 64 to 95 of 142, columns 72 to 143 of 178]
352.29 350.06 347.75 345.34 342.89 340.46 338.15 336.05 334.27 332.85 331.85 331.27 331.06 331.13 331.37 331.64 331.86 332.03 332.26 332.69 333.49 334.77 336.59 338.91 341.64 344.59 347.55 350.3 352.67 354.52 355.81 356.49 356.57 356.06 355.06 353.8 352.58 351.12 349.36 347.31 345.05 342.76 340.17 337.08 333.48 329.41 324.95 320.28 315.7 311.12 306.53 301.93 297.35 292.83 288.37 283.91 279.26 274.16 268.42 261.86 254.54 247.3 240.5 233.78 227.71 222.73 218.33 214.97 212.35 209.92 208.19 207.87
355.35 353.22 350.98 348.65 346.21 343.63 341.19 339.03 337.22 335.78 334.64 333.82 333.33 333.13 333.17 333.38 333.73 334.23 334.94 335.96 337.39 339.3 341.72 344.61 347.82 351.17 354.42 357.36 359.83 361.71 362.97 363.57 363.51 362.81 361.68 360.63 359.43 357.91 356.02 353.78 351.22 348.53 345.79 342.56 338.74 334.38 329.59 324.58 319.66 314.73 309.79 304.86 299.94 295.04 290.16 285.28 280.37 275.39 270.3 265.05 259.65 254.27 248.9 243.48 238.15 233.13 228.38 223.9 219.48 215.24 211.77 209.89
357.73 355.72 353.56 351.15 348.36 345.03 342.1 339.87 338.36 337.41 336.56 335.81 335.36 335.21 335.31 335.63 336.15 336.94 338.05 339.56 341.52 343.99 346.97 350.36 354.01 357.68 361.14 364.18 366.67 368.53 369.73 370.24 370.07 369.27 368.17 367.2 365.99 364.41 362.45 360.09 357.36 354.36 351.4 347.97 343.9 339.25 334.13 328.75 323.42 318.14 312.87 307.63 302.41 297.23 292.07 286.93 281.88 277.02 272.51 268.45 264.76 261.23 257.69 254.08 250.19 245.48 239.85 233.23 226.1 218.91 212.39 208.01
359.39 357.47 355.09 351.77 347.67 343.82 340.67 338.27 336.63 335.63 335.12 335.01 335.24 335.74 336.42 337.14 337.93 339.02 340.49 342.41 344.82 347.84 351.49 355.6 359.96 363.98 367.54 370.58 373.02 374.81 375.94 376.39 376.17 375.34 374.25 373.28 372.06 370.48 368.5 366.12 363.38 360.31 357.13 353.42 349.02 344.01 338.55 332.81 327 321.32 315.72 310.18 304.69 299.25 293.83 288.46 283.26 278.43 274.22 270.89 268.46 266.66 265.22 263.81 261.3 256.6 250.3 241.5 230.96 219.69 208.83 201.96
360.22 357.98 354.44 349.91 345.46 341.58 338.38 335.88 334.06 332.88 332.27 332.13 332.37 332.92 333.7 334.66 335.8 337.22 338.98 341.22 344.07 347.71 352.33 358.06 364.58 369.79 373.48 376.42 378.74 380.41 381.46 381.88 381.69 380.92 379.79 378.82 377.65 376.16 374.31 372.11 369.57 366.64 363.27 359.14 354.26 348.77 342.87 336.73 330.49 324.32 318.32 312.46 306.7 301.01 295.34 289.72 284.36 279.5 275.33 272.3 270.61 270.08 270.43 270.68 267.76 262.69 256.16 247.09 233.77 218.55 204.35 199.41
359.65 356.1 351.49 346.81 342.52 338.76 335.61 333.09 331.19 329.89 329.13 328.85 328.99 329.48 330.27 331.34 332.71 334.4 336.52 339.16 342.5 346.71 352 358.56 366.46 374.34 378.75 381.56 383.67 385.19 386.15 386.57 386.47 385.89 384.97 384.01 383.04 381.86 380.42 378.71 376.69 374 370.27 365.51 359.9 353.69 347.15 340.48 333.81 327.21 320.74 314.44 308.38 302.46 296.57 290.75 285.38 280.45 276.18 273.03 271.58 271.63 272.82 273.83 271.03 265.89 259.07 249.46 235.08 218.47 203.87 199.99
356.52 352.08 347.47 343.07 339.04 335.46 332.42 329.93 328.02 326.67 325.84 325.5 325.59 326.08 326.93 328.14 329.71 331.7 334.17 337.24 341.05 345.77 351.59 358.71 367.3 376.64 382.94 385.85 387.7 389.03 389.88 390.31 390.35 390.07 389.6 389.11 388.71 388.3 387.75 386.93 385.65 382.96 378.68 373.01 366.32 359.03 351.53 344.09 336.83 329.77 322.88 316.15 309.71 303.58 297.56 291.63 286.14 281.1 276.67 273.36 271.76 271.74 272.77 273.63 271.96 267.14 259.91 249.41 235.8 220.65 206.67 201.79
351.52 347.2 342.95 338.88 335.12 331.76 328.86 326.46 324.58 323.24 322.4 322.06 322.18 322.73 323.7 325.09 326.91 329.2 332.05 335.54 339.82 345.03 351.34 358.95 368.02 378.16 386.23 389.2 390.73 391.83 392.57 393 393.2 393.29 393.43 393.83 394.62 395.72 396.71 396.77 395.95 393.35 388.73 381.97 373.77 364.94 356.09 347.58 339.54 331.9 324.55 317.42 310.64 304.36 298.28 292.31 286.64 281.43 276.84 273.36 271.37 270.92 271.39 271.52 269.84 265.35 257.91 247.88 236.36 224.52 213.6 206.88
346.01 342.05 338.14 334.4 330.9 327.76 325.01 322.73 320.93 319.64 318.86 318.58 318.79 319.47 320.63 322.26 324.38 327.05 330.31 334.26 339.01 344.71 351.5 359.55 369.01 379.67 388.67 391.49 392.68 393.55 394.15 394.57 394.93 395.42 396.29 397.8 400.11 403.04 405.52 405.76 404.63 402.38 398.58 391.51 381.98 371.29 360.73 350.89 341.88 333.56 325.71 318.2 311.17 304.77 298.63 292.67 286.94 281.6 276.83 272.97 270.42 269.41 269.28 268.72 266.51 261.98 255.02 246.22 236.69 227.68 220.16 214.99
340.5 336.85 333.25 329.77 326.52 323.57 320.99 318.84 317.16 315.97 315.3 315.14 315.52 316.41 317.83 319.79 322.31 325.42 329.17 333.65 338.93 345.15 352.42 360.89 370.71 381.53 390.17 392.6 393.47 394.1 394.55 394.95 395.46 396.35 397.95 400.64 404.61 409.24 411.87 411.29 409.4 406.68 403.04 397.77 389.31 377.35 365.01 353.74 343.72 334.71 326.37 318.51 311.34 304.82 298.6 292.61 286.86 281.42 276.42 272.12 268.94 267.08 265.59 263.71 260.85 256.53 250.68 243.7 236.29 229.33 223.73 219.61
335.2 331.79 328.42 325.16 322.11 319.34 316.92 314.91 313.37 312.33 311.83 311.89 312.51 313.72 315.51 317.91 320.93 324.6 328.95 334.05 339.96 346.76 354.56 363.48 373.61 384.12 390.62 392.33 392.96 393.38 393.72 394.09 394.71 395.91 398.15 401.85 407.27 413.1 414.46 413.09 410.78 407.76 404.01 399.44 392.96 381.66 368.16 355.69 344.83 335.26 326.55 318.43 311.17 304.55 298.27 292.25 286.44 280.87 275.68 270.98 267.08 264.02 261.13 258.02 254.41 250.08 245.03 239.58 234.3 229.66 225.26 221.28
330.27 327.03 323.82 320.72 317.83 315.21 312.94 311.1 309.73 308.9 308.64 308.98 309.96 311.59 313.89 316.86 320.52 324.9 330 335.85 342.5 350 358.42 367.8 377.93 386.65 389.62 390.5 390.98 391.28 391.53 391.86 392.54 393.93 396.53 400.85 407.14 413.64 413.96 412.23 409.83 406.81 403.13 398.75 393.03 383.15 369.3 356.23 344.96 335.13 326.25 318.03 310.69 304.01 297.7 291.64 285.78 280.13 274.75 269.69 265.21 261.3 257.48 253.56 249.46 245.14 240.64 236.19 232.17 228.89 225.79 221.94
325.85 322.68 319.57 316.58 313.81 311.32 309.21 307.54 306.39 305.82 305.88 306.62 308.07 310.26 313.2 316.9 321.38 326.62 332.64 339.43 346.98 355.32 364.3 373.27 381.32 384.92 386.23 386.95 387.39 387.65 387.85 388.15 388.81 390.2 392.84 397.21 403.57 410.23 411.05 409.49 407.22 404.36 400.89 396.74 391.23 381.48 367.87 355.02 343.93 334.25 325.5 317.36 309.92 303.22 296.89 290.82 284.94 279.21 273.65 268.27 263.39 258.83 254.32 249.86 245.5 241.27 237.23 233.5 230.27 227.73 225.6 222.42
321.99 318.84 315.77 312.84 310.15 307.79 305.84 304.38 303.5 303.26 303.74 304.98 307.02 309.91 313.65 318.26 323.73 330.05 337.17 345.02 353.24 361.62 369.73 374.74 377.98 379.78 380.94 381.71 382.18 382.44 382.61 382.85 383.41 384.63 386.96 390.85 396.49 402.85 405.78 405.1 403.13 400.55 397.37 393.42 387.46 376.63 363.85 352.06 341.74 332.61 324.28 316.42 308.98 302.23 295.9 289.82 283.9 278.07 272.26 266.56 261.18 255.87 250.64 245.69 241.16 237.16 233.67 230.65 228.11 226.1 224.54 222.67
318.71 315.54 312.46 309.56 306.95 304.71 302.93 301.72 301.16 301.34 302.33 304.18 306.96 310.69 315.41 321.11 327.72 334.99 342.64 350.59 357.41 362.19 366.19 369.14 371.36 373.07 374.33 375.17 375.65 375.87 375.94 376.04 376.38 377.26 379.04 382.06 386.47 391.9 396.66 398.04 397.02 394.91 391.89 387.48 379.58 368.82 357.79 347.65 338.54 330.28 322.59 315.23 308.09 301.27 294.85 288.74 282.72 276.65 270.54 264.35 258 251.56 245.33 239.73 235.07 231.47 228.8 226.78 225.17 223.84 222.78 221.92
315.82 312.75 309.65 306.77 304.23 302.12 300.55 299.64 299.47 300.14 301.73 304.32 307.96 312.68 318.34 324.67 331.67 338.24 343.31 348 352.23 355.78 358.91 361.68 364.03 365.92 367.32 368.2 368.59 368.61 368.38 368.11 368.03 368.39 369.45 371.44 374.44 378.25 382.2 385.01 386.02 384.86 381.35 375.65 367.96 359.25 350.52 342.27 334.59 327.36 320.44 313.68 307.03 300.51 294.16 287.97 281.77 275.38 268.59 261.25 253.36 245.25 237.54 231.01 226.2 223.2 221.81 221.34 221.16 220.92 220.58 220.39
312.75 310.23 307.3 304.45 301.99 300.04 298.72 298.16 298.44 299.69 301.99 305.36 309.59 314.76 320.21 324.68 329.07 333.38 337.31 341.07 344.7 348.18 351.49 354.58 357.38 359.71 361.42 362.37 362.54 362.03 361.08 360 359.08 358.6 358.76 359.68 361.37 363.65 366.1 368.11 369 368.21 365.54 361.17 355.57 349.3 342.81 336.4 330.12 323.96 317.84 311.73 305.61 299.51 293.43 287.27 280.87 273.91 266.1 257.21 247.37 237.35 228.29 221.01 216.12 213.52 213.26 214.43 216.2 217.53 218.24 218.74
309.43 307.38 305.08 302.49 300.19 298.45 297.42 297.26 298.03 299.75 302.49 306.05 309.24 312.57 316.1 319.54 323.04 326.6 330.19 333.79 337.45 341.22 345.13 349.13 353.02 356.43 358.91 360.1 359.84 358.29 355.89 353.18 350.7 348.83 347.77 347.55 348.09 349.19 350.51 351.66 352.21 351.79 350.25 347.6 344.06 339.88 335.29 330.45 325.42 320.22 314.88 309.4 303.83 298.17 292.38 286.34 279.76 272.25 263.4 252.93 241.33 231.05 223.25 216.89 212.1 208.91 207.36 207.96 211.17 214.24 216.15 217.37
306.24 304.29 302.31 300.37 298.53 297.08 296.36 296.52 297.54 298.91 300.67 302.86 305.2 307.77 310.57 313.56 316.7 319.96 323.36 326.98 330.98 335.56 340.84 346.75 352.87 358.46 362.56 364.35 363.45 360.11 355.12 349.55 344.36 340.22 337.38 335.8 335.27 335.49 336.14 336.92 337.52 337.69 337.27 336.14 334.3 331.78 328.65 325 320.9 316.45 311.74 306.82 301.74 296.52 291.08 285.24 278.66 270.87 261.35 249.88 238 229.3 221.61 215.77 211.21 207.49 205.88 205.71 208.01 212.08 214.97 216.68
303.29 301.33 299.39 297.61 296.08 294.96 294.37 294.34 294.86 295.76 297.02 298.6 300.49 302.65 305.06 307.67 310.49 313.52 316.88 320.78 325.58 331.7 339.41 348.61 358.55 367.86 374.76 377.69 375.92 369.83 360.82 350.77 341.39 333.8 328.41 325.09 323.43 322.98 323.33 324.18 325.28 326.39 327.28 327.68 327.36 326.16 324.03 321.05 317.39 313.25 308.82 304.22 299.52 294.69 289.64 284.16 277.89 270.34 260.97 249.87 239.69 231.46 223.97 218.91 214.55 210.5 208.01 207.78 208.49 212.47 215.59 217.31
300.54 298.58 296.62 294.83 293.33 292.24 291.59 291.39 291.6 292.18 293.08 294.26 295.71 297.43 299.41 301.66 304.22 307.15 310.67 315.18 321.3 329.74 340.99 354.91 370.2 383.93 392.86 396.43 394.01 385.95 373.15 357.31 342.26 330.05 321.31 315.83 312.94 311.96 312.35 313.76 315.93 318.58 321.31 323.59 324.9 324.83 323.22 320.22 316.2 311.61 306.82 302.07 297.43 292.85 288.19 283.25 277.69 271.09 262.98 253.56 245.47 237.84 230.42 225.29 220.89 216.88 214.54 214.24 214.24 216.78 219.07 220.2
297.94 295.99 294.02 292.21 290.68 289.53 288.77 288.39 288.35 288.58 289.04 289.7 290.59 291.75 293.25 295.17 297.56 300.57 304.5 309.94 317.79 329.09 344.58 363.89 383.75 397.04 400.36 400.52 399.1 395.55 386.05 367.01 345.91 328.43 315.93 308.07 303.95 302.64 303.47 306.04 310.09 315.19 320.7 325.66 329.06 330.09 328.47 324.53 319.03 312.84 306.69 301 295.87 291.22 286.86 282.55 278.07 273.12 267.37 260.86 254.84 248.54 241.76 235.97 231.32 227.6 225.82 224.89 224.43 225.43 226.33 226.47
295.51 293.53 291.55 289.72 288.15 286.92 286.03 285.43 285.06 284.82 284.68 284.63 284.75 285.2 286.14 287.73 290.12 293.45 298.08 304.69 314.4 328.52 348.02 371.28 388.78 394.07 394.59 393.85 392.49 390.3 385.77 373.28 349.52 327.42 311.47 301.49 296.39 295.07 296.82 301.27 308.14 316.89 326.48 335.2 340.82 342.52 340.45 335.12 327.21 318.07 309.3 301.65 295.3 290.09 285.75 282.04 278.8 275.93 273.28 270.41 266.35 261.9 257.21 252.4 247.74 243.53 240.29 238.06 237.15 237.53 237.38 236.62
293.2 291.19 289.18 287.31 285.7 284.37 283.31 282.44 281.63 280.78 279.83 278.81 277.88 277.35 277.59 278.93 281.57 285.62 291.3 299.23 310.56 326.72 348.69 372.44 383.04 385.69 385.8 384.81 383.18 380.86 377.24 369.6 349.06 325.06 306.91 295.61 290.03 289.11 292.23 299.18 309.76 323.21 337.37 348.61 353.71 353.86 351.26 346.22 337.44 325.94 314.69 304.34 296.01 289.68 284.96 281.59 279.47 278.64 279.12 279.86 277.6 275.19 272.72 269.35 264.95 259.77 254.64 250.89 249.09 248.73 248.45 247.23
291.02 288.94 286.88 284.98 283.3 281.87 280.61 279.39 278.06 276.45 274.47 272.18 269.91 268.42 268.07 269.33 272.51 277.59 284.58 293.89 306.38 323.23 344.6 364.23 372.46 375.62 376.15 375.05 372.86 369.52 364.46 356.98 342.16 319.93 301.64 290.14 284.68 284.45 289.14 298.79 313.4 331.23 345.45 351.6 353.92 353.23 349.65 343.49 335.64 327.35 318.73 307.5 297.65 289.93 284.44 281 279.57 280.27 283.21 286.73 286.17 285.45 283.58 280.13 276.23 271.86 265.88 260.72 257.66 255.97 254.41 251.93
288.9 286.74 284.64 282.69 280.94 -9999 277.9 276.33 274.42 271.97 268.83 265.12 261.83 260.56 260.65 262.26 265.71 271.3 278.99 289.18 302 317.7 335.53 349.68 358.25 362.91 364.46 363.27 359.98 354.56 346.93 337.57 325.82 310.26 295.17 285.11 280.29 280.72 286.64 298.47 316.11 334.94 343.95 348.87 350.01 348.45 344.69 337.33 327.6 318.74 311.5 304.82 297.84 290.17 283.92 280.05 278.71 280.1 284.38 289.74 290.37 290.54 288.7 285.36 281.8 277.87 272.01 266.2 262.33 259.92 257.81 254.69
-9999 -9999 -9999 -9999 -9999 -9999 -9999 273.32 270.89 267.66 263.45 258.8 255.98 254.47 254.58 256.47 260 266.43 274.9 284.64 295.54 307.55 320.13 331.46 340.45 346.3 348.52 347 342.04 334.24 324.5 313.94 303.46 293.53 285.17 279.47 276.1 277.11 283.68 296.37 314.03 328.98 337.27 342.4 342.47 340.13 335.75 327.89 316.47 306.19 299.15 294.91 292.12 288.42 282.8 278.45 276.71 277.95 282.34 288.31 289.71 290.01 289.11 286.42 283.11 279.12 273.06 267.56 263.82 261.49 259.21 254.75
-9999 -9999 -9999 -9999 -9999 -9999 -9999 -9999 -9999 263.94 -9999 -9999 251.64 250.21 251.17 253.55 257.31 263.61 273.09 282.96 292.07 300.07 307.23 314.15 320.83 326.05 328.04 325.69 319.39 310.71 301.48 292.91 285.39 278.91 273.69 270.18 268.86 271.07 278.13 289.92 304.78 317 326.04 332.26 332.82 330.13 324.45 314.81 302.67 292.68 286.24 282.88 282.84 283.01 280.26 276.01 273.67 274.21 277.79 283.12 284.95 284.77 284.14 282.48 279.42 275.18 270.37 266.23 263.18 260.96 257.92 252.76
-9999 -9999 -9999 -9999 -9999 -9999 -9999 -9999 -9999 -9999 -9999 -9999 -9999 -9999 -9999 251.84 256.37 263.76 274.63 285.44 293.57 298.49 300.73 301.59 303.09 305.13 305.49 302.39 296.37 289.73 284.3 280 275.75 271.19 266.64 263.03 261.32 262.34 266.94 275.73 287.66 299.33 308.88 315.89 319.05 317.09 310.6 300.1 289.51 282.13 277.4 274.5 274.41 276.77 276.72 272.79 269.94 269.71 272.26 276.38 277.6 276.78 275.61 274.06 271.85 269.14 266.45 264.11 262.02 259.7 255.86 250.13
-9999 -9999 -9999 -9999 -9999 -9999 -9999 -9999 -9999 -9999 -9999 -9999 -9999 -9999 -9999 -9999 -9999 266.31 278.3 288.85 294.2 296.61 296.99 293.6 289.43 287.16 285.3 282.06 278.02 275.26 274.32 272.56 268.85 264.82 260.9 257.26 254.77 254.59 256.83 261.83 269.63 278.81 287.37 294.03 297.93 297.98 293.74 285.89 278.31 273.59 270.57 268.65 269.22 272.25 273.02 269.22 266.07 265.35 267.08 269.58 269.19 267.83 266.5 265.34 264.3 263.47 263.06 262.89 261.83 259.09 253.94 247.37
-9999 -9999 -9999 -9999 -9999 -9999 -9999 -9999 -9999 -9999 -9999 -9999 -9999 -9999 -9999 -9999 -9999 268.47 279.4 285.95 288.05 288.25 287.5 284.73 277.89 272.74 269.53 266.88 265.18 265.46 265.86 263.29 259.81 256.43 253.28 250.46 248.38 247.92 249.05 251.45 255.44 260.88 266.89 272.48 276.81 279.07 278.55 275.14 270.44 267.49 265.96 265.52 267.86 270.32 270.38 266.14 262.73 261.77 262.57 262.4 260.66 258.68 257.28 256.88 257.33 258.5 260.32 261.92 260.59 256.86 251.19 244.01
-9999 -9999 -9999 -9999 -9999 -9999 -9999 -9999 -9999 -9999 -9999 -9999 -9999 -9999 -9999 -9999 -9999 266.87 274.79 277.79 277.49 275.97 273.85 270.77 265 259.89 256.91 255.44 255.4 256.77 256.68 -9999 -9999 248.92 246.69 244.84 243.38 242.58 243.06 244.11 245.81 248.43 251.93 256.15 260.67 264.71 267.42 268.28 267.66 266.88 266.82 267.72 269.37 270.38 269.35 264.45 260.58 259.11 258.09 255.67 252.42 249.62 248.26 248.86 250.78 253.53 256.25 257.63 256.47 252.88 247.16 239.2
