raw_data/evaporacion/evapjan.txt
ncols         178
nrows         142
xllcorner     111.875
yllcorner     -44.625
cellsize      0.25
NODATA_value  -9999
[rows 32 to 63 of 142, columns 72 to 143 of 178]
252.21 251.93 251.95 252.29 252.92 253.76 254.57 254.93 254.28 252.07 248.17 244.48 244.72 246.04 247.37 248.5 249.48 250.81 254.23 258.98 261.81 262.3 261.13 259.12 256.93 254.88 252.97 250.99 248.64 245.68 241.82 236.71 229.86 220.74 209.17 196.95 189.56 -9999 -9999 -9999 -9999 -9999 -9999 -9999 214.46 213.57 209.3 203.39 197.85 193.64 191.13 190.25 190.4 190.53 189.48 186.55 181.9 176.53 171.29 166.55 164.64 165.01 166.79 169.66 -9999 -9999 -9999 -9999 -9999 -9999 -9999 -9999
258.22 258.23 258.55 259.22 260.2 261.38 262.49 263.05 262.46 260.09 256.06 253.06 253.82 255.3 256.66 257.78 258.68 259.59 261.2 265.04 266.91 266.15 263.7 260.73 258.13 256.32 255.16 254.17 252.81 250.61 247.19 242.09 234.77 224.61 211.73 199.67 193.79 190.75 190 -9999 -9999 -9999 -9999 217.78 219.47 218.19 214.02 206.75 199.75 194.92 192.49 192 192.45 192.73 191.71 188.55 183.22 176.78 169.93 162.34 157.55 157.1 158.85 162.17 166.66 -9999 -9999 -9999 -9999 -9999 -9999 -9999
263.94 264.21 264.84 265.86 267.22 268.8 270.3 271.24 271.02 269.06 265.4 262.46 263.27 264.86 266.37 267.69 268.85 269.86 270.73 272.52 272.19 269.3 265.21 261.15 258.05 256.31 255.74 256.07 256.15 255.12 252.47 247.78 240.51 230.08 216.94 205.56 199.82 196.88 196.06 197.11 200.94 208.65 217.34 222.86 224.02 222.09 217.05 208.85 200.93 195.87 193.85 194.31 195.93 197.02 196.32 193.05 187.04 179.23 170.52 159.95 150.17 148.55 150.86 155.34 161.45 -9999 -9999 -9999 -9999 -9999 -9999 -9999
269.23 269.76 270.71 272.1 273.87 275.88 277.86 279.35 279.82 278.79 276.12 273.18 273.64 275.5 277.48 279.46 281.35 282.78 283.18 282.3 278.89 273.78 269.12 265.06 261.62 258.71 256.66 257.3 258.91 259.28 257.67 253.72 247.06 237.29 224.76 213.28 207.4 203.94 202.71 203.57 207.25 214.21 221.9 227.45 228.38 225.64 219.32 210.61 203.49 199.13 197.1 197.66 200.39 202.09 201.38 198.39 192.51 183.63 173.53 161.37 147.31 142.36 144.68 150.35 158.28 -9999 -9999 -9999 -9999 -9999 -9999 -9999
273.91 274.69 275.98 277.77 280 282.51 285.02 287.17 288.55 288.81 287.91 286.48 286.45 288.94 292.08 295.27 298.15 299.94 299.37 295.51 288.98 281.89 275.79 270.97 267.13 263.78 261.02 259.65 261.78 263.38 262.77 259.7 254.05 245.65 234.62 223.05 216.65 212.74 210.79 211.44 214.87 220.35 226.18 230.4 231.16 228 221.39 213.31 207.3 203.59 201.8 202.53 205.45 207.02 206.2 203.46 198.17 189.11 178.58 167.26 154.33 143.91 144.3 150.54 160.5 -9999 -9999 -9999 -9999 -9999 -9999 -9999
277.71 278.73 280.41 282.69 285.46 288.52 291.63 294.49 296.85 298.56 299.76 300.97 303.11 307.01 311.86 316.42 319.99 321.33 318.79 311.66 301.63 291.65 283.49 277.76 273.38 269.67 266.66 264.76 265.77 267.73 267.75 265.39 260.8 254.12 245.49 235.82 228.05 223.46 221.02 220.93 223.25 227.21 231.38 234.05 233.93 230.71 224.97 218.05 212.43 209.01 207.49 208.39 210.96 212.23 211.33 208.62 203.5 194.87 184.76 174.89 166.09 159.41 158.5 164.32 175.86 190.06 -9999 -9999 -9999 -9999 -9999 -9999
280.24 281.52 283.69 286.6 290.05 293.78 297.55 301.15 304.46 307.58 310.88 315.04 320.81 328.3 335.43 340.64 343.89 343.84 338.92 328.88 315.74 302.76 292.24 284.99 279.77 275.69 272.65 270.76 270.9 272.54 272.5 270.38 266.61 261.58 255.47 248.63 242 236.71 233.33 232.34 233.55 236.05 238.52 239.72 238.73 235.45 230.56 224.98 219.92 216.51 215.17 215.57 216.76 217.39 216.49 213.51 208.24 200.66 191.63 183.08 177.21 175.4 178.05 185.59 197.74 212.64 -9999 -9999 -9999 -9999 -9999 -9999
281.18 282.73 285.53 289.29 293.64 298.21 302.72 307.05 311.23 315.59 320.78 327.69 337.18 348.64 357.27 362.55 365.39 364.17 357.62 345.67 330.5 315.18 302.27 292.89 286.46 281.93 278.98 277.21 277.06 277.76 277.04 274.75 271.51 267.95 264.06 259.83 255.73 252.06 249.34 247.97 247.77 248.18 248.44 247.79 245.72 242.16 237.76 233.19 229.11 226.08 224.37 223.66 223.28 222.56 220.86 217.73 213 206.69 199.38 192.72 188.76 190.12 196.2 205.81 218.88 233.96 -9999 -9999 -9999 -9999 -9999 -9999
281.03 282.73 286.02 290.75 296.21 301.79 307.14 312.18 317.1 322.44 329.09 338.18 350.7 364.99 373.1 378.63 381.19 379.33 372.91 360.39 344.46 328.05 313.39 302 294.06 288.87 285.8 284.25 283.95 283.45 282.16 279.97 277.34 274.86 272.64 270.46 268.14 265.71 263.49 261.94 260.72 259.63 258.34 256.56 254.02 250.69 246.8 242.85 239.38 236.6 234.56 232.99 231.41 229.38 226.56 222.79 218.07 212.67 207.46 203.48 202.11 205.17 212.98 223.01 234.9 247.68 250.97 247.63 -9999 -9999 -9999 -9999
282.62 283.88 286.48 291.52 298.06 304.74 310.95 316.64 322.11 328.05 335.53 345.83 359.77 374.28 381.38 386.65 387.08 384.9 380.13 369.95 355.09 339.44 324.46 311.75 302.52 296.69 293.95 292.64 291.39 289.88 287.93 285.31 282.79 280.9 279.76 279.12 278.29 277 275.35 273.53 271.62 269.69 267.62 265.34 262.81 259.99 256.87 253.67 250.69 248.12 245.91 243.75 241.17 237.81 233.54 228.5 222.96 217.6 213.4 211.16 211.67 216.03 224.77 234.88 243.49 251.9 253.07 246.82 237.12 226.7 217.63 -9999
285.77 287.02 289.28 293.09 299.84 307.42 314.38 320.57 326.35 332.46 340.01 350.28 363.63 375.85 381.81 386.45 386.42 384.27 380.31 371.92 359.63 346.77 333.56 321.27 312.44 307.02 303.86 301.43 298.76 296.27 293.71 290.99 289.05 287.56 286.6 286.6 286.57 285.81 284.41 282.62 280.59 278.47 276.26 273.93 271.61 269.2 266.47 263.71 261.2 259.01 256.98 254.67 251.48 246.95 241.08 234.39 227.55 221.38 217.05 215.42 216.86 221.6 230.04 240.36 246.12 249.71 249.96 242.7 231.82 221.41 212.99 -9999
289.36 290.64 292.84 296.29 302.36 310.33 317.76 324.2 329.99 335.84 342.73 351.73 362.81 371.49 375.48 378.89 379.56 377.45 373.43 365.81 357.03 348.11 338.13 328.15 320.88 316.07 312.6 309.39 305.88 302.71 299.93 297.36 295.75 294.59 293.87 293.98 294.03 293.22 291.73 289.9 287.88 285.78 283.68 281.59 279.39 276.91 274.22 271.7 269.62 268.05 266.78 265.22 262.3 257 249.31 240.38 231.77 224.64 219.68 217.48 219.1 223.73 230.84 239.49 245.18 245.56 242.7 235.76 225.46 215.41 207.58 201.47
293.01 294.33 296.55 299.99 305.85 313.88 321.37 327.73 333.26 338.5 344.18 351.06 358.82 363.62 365.2 365.91 365.12 362.29 358.19 353.57 349.08 344.12 337.86 331.42 326.47 322.77 319.62 316.43 312.92 309.63 307.09 304.65 303.1 302.13 301.62 301.67 301.32 300.21 298.52 296.52 294.38 292.32 290.29 288.26 286.02 283.39 280.65 278.32 276.55 275.81 275.98 276.02 273.88 268 258.16 246.13 234.95 226.68 221.64 219.58 220.32 224.51 230.28 236.67 241.86 241.88 237.4 230.21 220.4 209.61 202.34 197.36
296.76 298.12 300.44 304.1 310.47 318.24 325.34 331.32 336.36 340.79 345.04 349.51 353.82 355.59 355.25 353.15 349.35 345 341.52 339.85 339.31 337.9 335.11 332.41 330.02 327.74 325.38 322.81 320 317.31 315.36 313.49 311.95 310.93 310.27 309.61 308.57 306.99 305.07 302.94 300.72 298.58 296.55 294.51 292.2 289.49 287.03 284.89 283.25 283.03 284.58 285.3 282.1 275.46 265.02 251.31 238.54 229.37 223.5 221.91 222.61 225.82 230.41 234.69 237.83 238.15 233.92 227 217.9 207.03 199.84 196.19
300.8 302.23 304.91 309.34 316.14 323.27 329.65 335.03 339.45 343.05 345.98 348.32 349.98 350.43 349.19 345.42 340.42 336.27 332.85 330.63 331.58 332.79 332.48 332.88 332.71 331.8 330.4 328.75 327.09 325.64 324.31 322.97 321.7 320.48 319.15 317.54 315.63 313.57 311.42 309.19 306.92 304.72 302.64 300.62 298.33 295.66 293.32 291.26 289.69 289.66 291.59 292.04 288.35 281.35 270.54 256.51 243.84 234.77 228.48 225.77 226.41 228.72 232.32 235.01 236.19 235.38 231.81 225.92 218.46 209.25 201.89 198.94
305.81 307.46 311.17 316.42 322.57 328.66 334.16 338.85 342.65 345.54 347.44 348.38 348.93 349.41 348.53 344.98 340.2 335.58 331.47 328.44 328.75 330.89 331.85 334.17 335.49 335.59 335.03 334.33 333.93 333.91 333.3 332.37 331.4 329.99 328.01 325.5 322.68 320.08 317.67 315.33 313.01 310.75 308.64 306.65 304.51 302.02 299.55 297.44 295.85 295.51 296.6 297.13 293.62 286.61 275.63 261.76 249.6 240.88 234.77 231.98 232.06 233.7 236.29 237.74 237.66 236.01 232.71 228.13 223.11 217.11 211.16 207.99
314.15 316.04 319.47 323.99 329.03 334.07 338.73 342.75 346 348.34 349.61 349.89 350.39 351.56 351.64 348.83 344.48 339.46 334.5 330.83 330.93 332.55 333.9 336.91 338.82 339.44 339.45 339.51 340.19 341.43 341.56 341.12 340.42 338.69 336.33 333.35 329.87 326.67 323.94 321.45 319.05 316.74 314.62 312.65 310.64 308.39 305.98 303.73 301.86 300.55 299.82 299.02 296.27 290.14 280.03 267.54 256.32 248.16 242.85 240.53 239.53 240.62 242 242.27 241.39 239.55 237 234.11 231.42 228.93 227.05 226.5
322.96 324.69 327.5 331.12 335.2 339.36 343.28 346.73 349.52 351.49 352.44 352.52 353.09 354.76 355.45 353.52 350.09 345.54 340.46 336.72 336.24 336.53 338.16 340.97 342.73 343.41 343.68 344.21 345.58 347.69 348.55 348.48 347.56 345.7 343.36 340.49 336.75 333.15 330.17 327.56 325.14 322.87 320.75 318.68 316.55 314.33 312 309.61 307.23 304.88 302.51 299.91 296.43 291.23 283.93 275.18 266.56 259.47 254.31 250.8 248.96 248.96 248.78 247.83 246.28 244.49 242.95 241.94 240.97 241.24 243.49 246.08
331.02 332.49 334.78 337.72 341.06 344.52 347.84 350.8 353.23 354.94 355.79 355.84 356.12 357.67 358.95 357.93 355.49 351.85 347.46 344.03 342.22 341.6 343.64 345.81 347 347.45 347.72 348.4 350 352.5 354.17 354.32 353.52 351.8 349.61 346.83 343.01 339.38 336.39 333.84 331.52 329.33 327.15 324.62 321.84 319.32 317.05 314.57 311.75 308.65 305.26 301.59 297.75 293.53 288.72 283.2 277.26 271.54 266.47 262.31 259.9 258.09 256.09 253.81 251.49 249.6 248.69 248.74 248.57 250.71 255.59 257.71
338.58 339.78 341.63 344.02 346.78 349.68 352.49 355.03 357.13 358.67 359.52 359.63 359.48 360.27 361.33 361.42 359.84 356.68 352.99 349.93 348.04 348.17 349.69 350.86 351.37 351.48 351.59 352.16 353.6 356.03 358.49 358.94 358.51 357.14 355.06 352.09 348.58 345.36 342.64 340.26 338.09 336 333.75 330.73 327.27 324.12 321.38 318.79 315.83 312.3 308.32 304.29 300.78 297.43 294.41 291.39 287.84 283.9 279.83 275.65 271.61 267.61 263.63 259.85 256.54 254.15 253.06 252.65 252.21 254.38 259.01 259.76
346.14 347.01 348.43 350.34 352.58 354.97 357.32 359.46 361.27 362.65 363.54 363.88 363.78 363.74 363.89 363.62 362.4 360.24 357.71 355.55 354.64 354.95 355.5 355.76 355.7 355.48 355.38 355.71 356.74 358.61 360.97 362.44 362.29 361.13 359.18 356.56 353.72 351.05 348.67 346.52 344.49 342.48 340.29 337.32 333.34 329.54 326.22 323.25 320.21 316.53 312.42 308.95 306.13 303.53 301.4 300.32 298.95 296.99 294.36 290.07 284 277.56 271.4 265.87 261.27 257.92 255.9 253.98 251.97 251.78 253.75 254.67
354.07 354.53 355.5 356.9 358.62 360.5 362.38 364.12 365.64 366.89 367.84 368.48 368.79 368.81 368.57 367.97 366.92 365.44 363.75 362.36 361.57 361.16 360.82 360.42 359.95 359.5 359.23 359.3 359.89 361.05 362.67 364.3 365.25 364.72 363.21 361.11 358.79 356.54 354.46 352.5 350.59 348.65 346.59 343.96 339.78 335.48 331.7 328.41 325.31 321.8 317.96 314.92 312.71 310.98 309.99 310.31 310.45 309.79 308.17 304.64 297.1 288.02 279.38 271.85 265.69 261.05 257.67 254.03 249.79 246.52 246.07 246.31
362.51 362.52 362.96 363.81 364.97 366.3 367.69 369.02 370.24 371.37 372.41 373.39 374.25 374.87 374.88 374.32 373.46 372.37 371.01 369.41 367.96 366.75 365.75 364.91 364.2 363.64 363.28 363.18 363.41 363.99 364.85 365.82 366.65 367.03 366.92 365.79 363.98 362.06 360.21 358.41 356.59 354.7 352.7 350.21 346.15 341.6 337.56 334.11 331.06 328.05 324.83 322 320.36 319.61 319.98 321.15 321.9 321.48 319.66 316.17 309.45 298.52 287.27 277.57 269.74 263.69 258.96 254.14 248.44 243.77 241.86 240.81
371.4 370.9 370.78 371.03 371.59 372.35 373.21 374.12 375.05 376.06 377.21 378.55 379.98 381.07 381.13 380.64 379.95 379.13 378.01 376.01 373.83 371.95 370.47 369.37 368.56 367.99 367.63 367.47 367.51 367.73 368.1 368.53 368.95 369.38 369.85 370.13 369.38 367.82 366.16 364.47 362.72 360.86 358.87 356.39 352.24 347.61 343.51 340.05 337.15 334.72 332.54 330.68 329.69 329.76 330.78 332.13 332.71 331.72 329.06 324.71 318.26 307.55 294.23 282.43 273.01 265.72 260.06 255.06 249.26 244.11 241.78 240.41
380.47 379.48 378.8 378.45 378.38 378.55 378.88 379.35 379.99 380.88 382.12 383.79 385.61 386.49 386.31 385.82 385.23 384.55 383.68 381.99 379.36 376.97 375.16 373.9 373.09 372.6 372.34 372.24 372.26 372.35 372.48 372.62 372.8 373.07 373.57 374.35 374.87 373.93 372.43 370.81 369.08 367.23 365.19 362.44 357.96 353.4 349.41 346.01 343.22 341.17 340.01 339.48 339.46 340.01 341.07 342.05 341.51 339.35 335.9 330.99 323.8 313.69 298.96 285.43 274.7 266.52 260.5 256.28 251.68 246.95 244.58 243.42
389.41 387.98 386.79 385.86 385.2 384.78 384.59 384.63 384.95 385.68 386.95 388.82 390.76 391.02 390.64 390.14 389.59 388.99 388.33 387.22 384.49 381.81 379.83 378.56 377.84 377.51 377.44 377.51 377.64 377.76 377.85 377.9 377.94 378.07 378.4 379.01 379.77 379.94 378.9 377.43 375.71 373.73 371.29 367.67 363.27 359.02 355.22 351.89 349.11 347.1 346.27 346.86 348.11 349.06 349.78 350.05 348.48 345.33 341 335.14 326.63 315.45 300.11 285.48 273.79 265.12 259.36 256.5 253.89 250.93 248.71 247.47
397.93 396.15 394.52 393.09 391.89 390.94 390.25 389.85 389.83 390.32 391.47 393.3 395.1 395.07 394.6 394.09 393.56 393.02 392.47 391.59 389.08 386.4 384.47 383.33 382.81 382.73 382.92 383.25 383.59 383.88 384.06 384.12 384.11 384.09 384.16 384.39 384.74 384.98 384.69 383.76 382.04 379.56 376.35 372.54 368.51 364.61 360.96 357.63 354.71 352.46 351.32 351.82 353.89 355.72 356.19 355.7 353.72 349.91 344.57 337.1 326.79 313.53 297.35 281.97 269.75 261.17 256.43 254.89 254.11 253.06 251.88 250.73
405.83 403.78 401.81 399.97 398.32 396.9 395.75 394.93 394.54 394.7 395.55 397.16 398.91 398.92 398.43 397.91 397.41 396.93 396.45 395.57 393.12 390.68 389.04 388.2 388.01 388.27 388.8 389.44 390.07 390.59 390.93 391.07 391.03 390.88 390.67 390.46 390.26 389.97 389.4 388.33 386.58 384.14 381.08 377.62 373.97 370.29 366.68 363.19 359.96 357.23 355.42 355.01 356.33 358.66 359.56 358.81 356.49 352.29 345.83 336.61 324.16 308.63 291.6 276.17 264.45 256.86 253 251.93 252.21 252.64 252.66 252.1
413.01 410.76 408.54 406.4 404.38 402.57 401.02 399.81 399.02 398.78 399.19 400.32 401.81 402.41 402.15 401.66 401.2 400.77 400.2 398.89 396.61 394.7 393.57 393.19 393.43 394.11 395.05 396.07 397.03 397.8 398.33 398.56 398.5 398.19 397.69 397.05 396.33 395.5 394.48 393.14 391.37 389.09 386.33 383.18 379.73 376.1 372.33 368.52 364.8 361.42 358.74 357.15 356.95 358 359.19 358.85 356.56 351.96 344.49 333.57 319.07 302.24 285.78 271.83 261.23 254.16 250.17 248.89 249.35 250.55 251.68 252.16
419.42 417.04 414.66 412.3 410.02 407.89 406 404.43 403.26 402.59 402.49 403.01 404 405 405.34 405.06 404.66 404.17 403.16 401.47 399.77 398.59 398.11 398.31 399.08 400.25 401.64 403.07 404.38 405.42 406.12 406.41 406.29 405.77 404.92 403.83 402.61 401.32 399.97 398.49 396.76 394.66 392.13 389.15 385.76 381.98 377.9 373.59 369.24 365.16 361.62 358.87 357.13 356.33 356.03 355.12 352.65 347.71 339.56 327.88 313 296.78 282.11 269.67 260 253.45 248.94 247.14 247.36 248.49 250.16 251.9
425.08 422.63 420.14 417.64 415.17 412.81 410.65 408.78 407.26 406.18 405.59 405.5 405.84 406.41 406.86 406.95 406.64 405.95 404.92 403.78 402.9 402.53 402.77 403.61 404.95 406.66 408.54 410.39 412.03 413.32 414.15 414.44 414.16 413.34 412.04 410.42 408.68 406.97 405.4 403.9 402.34 400.5 398.21 395.35 391.9 387.88 383.35 378.45 373.53 369.04 364.94 361.19 357.95 355.4 353.45 351.22 347.79 342.36 334.28 323.17 309.28 294.7 282.01 270.87 262.92 256.87 251.82 248.45 248.1 248.59 250 252.61
430 427.52 424.98 422.39 419.8 417.28 414.91 412.79 410.99 409.57 408.56 407.97 407.74 407.76 407.86 407.85 407.64 407.21 406.7 406.31 406.23 406.63 407.58 409.08 411.03 413.29 415.65 417.91 419.86 421.35 422.24 422.45 421.93 420.68 418.82 416.6 414.47 412.5 410.76 409.23 407.79 406.28 404.29 401.57 398.05 393.75 388.74 383.32 378.23 373.49 368.87 364.38 360.12 356.25 352.8 349.45 345.34 339.72 332.09 322.08 309.84 297.39 286.52 276.47 269.08 263.15 257.89 253.98 252.86 252.37 253 255.56
