raw_data/evaporacion/evapaug.txt
ncols         178
nrows         142
xllcorner     111.875
yllcorner     -44.625
cellsize      0.25
NODATA_value  -9999
[rows 66 to 98 of 142, columns 0 to 72 of 178]
-9999 -9999 -9999 -9999 135.48 -9999 136.27 -9999 -9999 139.07 140.49 142.13 143.95 145.92 148.03 150.26 152.57 154.94 157.38 159.93 162.66 165.63 168.85 172.17 175.21 177.65 179.4 180.36 180.62 180.29 179.59 178.98 178.66 178.64 178.85 179.15 179.42 179.58 179.59 179.44 179.13 178.68 178.2 177.7 177.35 177.15 177.07 177.09 177.2 177.4 177.67 178.01 178.37 178.73 179.12 179.56 180.09 180.7 181.38 182.11 182.88 183.65 184.41 185.12 185.74 186.27 186.69 186.99 187.13 187.08 186.83 186.33 185.54
-9999 -9999 -9999 -9999 -9999 -9999 -9999 -9999 -9999 135.42 136.73 138.25 139.96 141.85 143.88 146.05 148.32 150.68 153.17 155.86 158.86 162.27 166.08 169.88 172.67 174.37 175.72 176.86 177.73 177.84 176.71 175.37 174.4 173.88 173.68 173.64 173.6 173.46 173.19 172.8 172.34 171.88 171.47 171.15 170.97 170.95 171.07 171.31 171.66 172.09 172.58 173.11 173.66 174.22 174.81 175.44 176.12 176.86 177.65 178.47 179.33 180.19 181.03 181.82 182.55 183.18 183.7 184.1 184.34 184.41 184.27 183.89 183.22
-9999 -9999 -9999 -9999 -9999 128.87 -9999 -9999 -9999 131.72 132.91 134.31 135.89 137.65 139.56 141.61 143.78 146.06 148.53 151.28 154.48 158.25 162.46 166.08 168.02 169.37 170.6 171.76 172.82 173.51 172.89 171.1 169.59 168.64 168.12 167.82 167.57 167.24 166.81 166.31 165.78 165.31 164.95 164.75 164.72 164.86 165.18 165.64 166.23 166.91 167.66 168.44 169.24 170.04 170.83 171.63 172.44 173.28 174.15 175.04 175.94 176.85 177.73 178.58 179.36 180.06 180.65 181.12 181.44 181.59 181.54 181.26 180.68
-9999 -9999 -9999 -9999 -9999 -9999 125.79 -9999 127.08 127.98 129.06 130.31 131.74 133.34 135.08 136.95 138.95 141.09 143.45 146.17 149.42 153.34 157.65 160.76 162.39 163.68 164.89 166.03 167.1 167.99 167.93 165.96 164.13 162.94 162.24 161.8 161.44 161.04 160.57 160.06 159.57 159.17 158.9 158.81 158.9 159.19 159.67 160.33 161.15 162.08 163.09 164.13 165.17 166.19 167.18 168.14 169.07 170 170.92 171.85 172.78 173.7 174.6 175.46 176.27 177 177.62 178.13 178.49 178.69 178.7 178.46 177.92
-9999 -9999 -9999 -9999 -9999 -9999 -9999 122.81 123.46 124.27 125.22 126.32 127.57 128.96 130.48 132.12 133.89 135.82 137.99 140.55 143.66 147.47 151.68 154.74 156.34 157.61 158.81 159.95 161.02 161.91 161.83 159.87 158.05 156.86 156.15 155.71 155.36 154.98 154.57 154.13 153.74 153.44 153.28 153.28 153.46 153.85 154.46 155.29 156.33 157.52 158.81 160.12 161.42 162.66 163.84 164.96 166.01 167.03 168 168.96 169.9 170.81 171.7 172.55 173.34 174.06 174.69 175.19 175.56 175.77 175.78 175.52 174.92
-9999 -9999 -9999 -9999 -9999 -9999 -9999 -9999 119.94 120.65 121.47 122.41 123.45 124.59 125.85 127.22 128.72 130.38 132.29 134.56 137.36 140.8 144.74 148.17 149.98 151.28 152.49 153.64 154.71 155.39 154.73 152.97 151.47 150.51 149.97 149.66 149.42 149.16 148.88 148.58 148.32 148.13 148.04 148.09 148.29 148.72 149.42 150.41 151.67 153.14 154.74 156.36 157.94 159.43 160.81 162.09 163.27 164.38 165.42 166.4 167.34 168.24 169.1 169.91 170.66 171.34 171.92 172.4 172.73 172.9 172.82 172.39 171.71
-9999 -9999 -9999 -9999 -9999 -9999 -9999 -9999 116.57 117.22 117.93 118.69 119.51 120.38 121.33 122.38 123.57 124.93 126.52 128.45 130.82 133.71 137.1 140.55 143.07 144.67 145.96 147.09 147.95 148.01 146.91 145.61 144.66 144.11 143.86 143.78 143.73 143.66 143.55 143.43 143.31 143.22 143.17 143.19 143.37 143.83 144.63 145.76 147.2 148.92 150.85 152.83 154.72 156.47 158.07 159.51 160.83 162.04 163.15 164.17 165.12 166 166.83 167.59 168.28 168.9 169.41 169.82 170.07 170.08 169.75 169.19 168.43
-9999 -9999 -9999 -9999 -9999 -9999 -9999 -9999 -9999 114.08 114.71 115.32 115.89 116.46 117.06 117.76 118.6 119.64 120.9 122.46 124.37 126.69 129.36 132.24 134.92 137.11 138.68 139.57 139.81 139.49 138.84 138.25 137.91 137.84 137.95 138.15 138.36 138.52 138.63 138.7 138.73 138.72 138.67 138.65 138.88 139.64 140.75 142.03 143.46 145.1 147.23 149.55 151.77 153.8 155.61 157.23 158.68 159.99 161.17 162.24 163.21 164.09 164.88 165.6 166.22 166.76 167.19 167.5 167.59 167.31 166.78 166.07 165.19
-9999 -9999 -9999 -9999 -9999 -9999 -9999 -9999 -9999 111.31 111.9 112.36 112.72 112.95 113.17 113.47 113.95 114.65 115.61 116.84 118.35 120.16 122.2 124.38 126.5 128.36 129.76 130.65 131.06 131.17 131.18 131.27 131.5 131.88 132.37 132.87 133.35 133.77 134.12 134.4 134.59 134.66 134.63 134.67 135.31 136.42 137.73 139.14 140.64 142.24 144.14 146.64 149.16 151.43 153.44 155.21 156.78 158.18 159.44 160.56 161.56 162.44 163.21 163.88 164.44 164.9 165.25 165.43 165.3 164.78 164.05 163.16 162.11
-9999 -9999 -9999 -9999 -9999 -9999 -9999 -9999 -9999 108.74 109.19 109.5 109.76 109.77 109.67 109.58 109.69 110.07 110.76 111.74 112.98 114.42 116 117.62 119.18 120.57 121.72 122.59 123.25 123.78 124.3 124.89 125.58 126.35 127.17 127.97 128.73 129.43 130.03 130.53 130.9 131.1 131.15 131.35 132.37 133.69 135.13 136.66 138.27 139.94 141.78 144.25 146.94 149.4 151.55 153.44 155.11 156.59 157.9 159.07 160.09 160.97 161.72 162.35 162.85 163.24 163.49 163.58 163.35 162.64 161.68 160.56 159.29
-9999 -9999 -9999 -9999 -9999 -9999 -9999 -9999 -9999 -9999 105.8 105.96 106.16 106.34 106.35 106.02 105.81 105.93 106.43 107.26 108.34 109.57 110.82 112.07 113.24 114.29 115.17 115.96 116.7 117.46 118.28 119.21 120.22 121.3 122.4 123.49 124.53 125.49 126.36 127.1 127.68 128.06 128.27 128.64 129.82 131.27 132.82 134.46 136.17 137.93 139.86 142.39 145.16 147.72 149.95 151.91 153.63 155.16 156.51 157.7 158.72 159.6 160.32 160.9 161.35 161.65 161.82 161.83 161.61 160.88 159.72 158.34 156.83
-9999 -9999 -9999 -9999 -9999 -9999 -9999 -9999 -9999 -9999 -9999 102.43 102.56 102.72 102.85 102.63 102.24 102.19 102.59 103.36 104.35 105.39 106.32 107.28 108.28 109.2 109.92 110.56 111.26 112.09 113.07 114.19 115.42 116.74 118.09 119.45 120.76 122 123.13 124.12 124.93 125.55 125.97 126.44 127.58 129.11 130.76 132.5 134.31 136.18 138.28 141.01 143.81 146.36 148.61 150.58 152.33 153.87 155.22 156.4 157.41 158.25 158.93 159.46 159.83 160.06 160.14 160.07 159.82 159.27 158.12 156.55 154.77
-9999 -9999 -9999 -9999 -9999 -9999 -9999 -9999 -9999 -9999 -9999 99.12 99.17 99.27 99.39 99.31 98.87 98.77 99.15 99.87 100.61 101.31 102.03 102.84 103.74 104.68 105.53 106.09 106.69 107.5 108.53 109.77 111.17 112.7 114.3 115.93 117.52 119.04 120.42 121.65 122.69 123.54 124.22 124.85 125.76 127.23 128.92 130.75 132.69 134.78 137.27 140.08 142.8 145.27 147.48 149.44 151.16 152.68 154.01 155.15 156.11 156.89 157.5 157.95 158.25 158.4 158.4 158.24 157.91 157.39 156.55 155.08 153.16
-9999 -9999 -9999 -9999 -9999 -9999 -9999 -9999 -9999 -9999 -9999 -9999 96.04 96.08 96.14 96.05 95.65 95.61 96.02 96.55 97.04 97.58 98.21 98.94 99.75 100.65 101.56 102.21 102.75 103.51 104.57 105.91 107.48 109.24 111.14 113.09 115.02 116.83 118.46 119.87 121.06 122.06 122.93 123.76 124.71 125.94 127.48 129.37 131.57 134.04 136.71 139.42 142.02 144.4 146.55 148.47 150.15 151.62 152.87 153.93 154.8 155.48 155.99 156.34 156.55 156.61 156.54 156.31 155.91 155.34 154.57 153.49 151.81
-9999 -9999 -9999 -9999 -9999 -9999 -9999 -9999 -9999 -9999 -9999 -9999 93.14 93.15 93.12 92.89 92.62 92.72 93.14 93.47 93.84 94.3 94.87 95.52 96.26 97.1 98 98.73 99.24 100 101.11 102.58 104.38 106.47 108.77 111.18 113.56 115.74 117.6 119.1 120.28 121.24 122.1 123 124.06 125.36 126.98 128.93 131.19 133.68 136.29 138.9 141.41 143.74 145.85 147.72 149.34 150.71 151.85 152.76 153.47 153.98 154.33 154.54 154.63 154.62 154.49 154.23 153.81 153.21 152.42 151.45 150.2
-9999 -9999 -9999 -9999 -9999 -9999 -9999 -9999 -9999 -9999 -9999 -9999 -9999 90.38 90.21 89.97 89.93 90.17 90.48 90.72 91.02 91.42 91.92 92.51 93.19 93.97 94.82 95.54 96.07 96.88 98.1 99.78 101.92 104.5 107.42 110.51 113.51 116.17 118.26 119.73 120.66 121.28 121.82 122.5 123.46 124.78 126.45 128.46 130.75 133.24 135.84 138.46 141 143.37 145.49 147.33 148.85 150.07 150.99 151.66 152.1 152.35 152.45 152.45 152.39 152.3 152.16 151.93 151.56 151 150.23 149.26 148.15
-9999 -9999 -9999 -9999 -9999 -9999 -9999 -9999 -9999 -9999 -9999 -9999 87.54 87.49 87.46 87.52 87.74 88.01 88.15 88.32 88.57 88.9 89.33 89.84 90.45 91.16 91.95 92.65 93.22 94.13 95.54 97.52 100.14 103.4 107.18 111.21 115.06 118.21 120.48 121.87 122.36 122.29 122.14 122.27 122.87 124.01 125.64 127.68 130.03 132.62 135.36 138.15 140.87 143.41 145.63 147.45 148.84 149.81 150.41 150.69 150.73 150.57 150.31 150.01 149.76 149.59 149.48 149.36 149.13 148.69 148.01 147.1 146.01
-9999 -9999 -9999 -9999 -9999 -9999 -9999 -9999 -9999 -9999 -9999 -9999 84.77 85.04 85.39 85.75 85.99 86.04 86.08 86.18 86.38 86.66 87.02 87.45 87.97 88.6 89.32 90.06 90.74 91.77 93.37 95.72 98.93 103.03 107.85 112.84 117.15 120.2 122.4 124.11 124.57 124 122.93 122.22 122.23 123.04 124.54 126.59 129.08 131.88 134.91 138.04 141.13 143.97 146.38 148.21 149.43 150.06 150.18 149.92 149.39 148.71 148.04 147.47 147.05 146.79 146.67 146.61 146.55 146.32 145.8 144.98 143.95
-9999 -9999 -9999 -9999 -9999 -9999 -9999 -9999 -9999 -9999 -9999 -9999 -9999 83.54 84.14 84.38 84.35 84.24 84.19 84.22 84.36 84.59 84.89 85.26 85.69 86.23 86.9 87.7 88.59 89.77 91.55 94.25 98.04 102.99 108.7 113.5 116.4 118.67 120.76 122.76 124.43 125.13 123.65 122.07 121.41 121.81 123.16 125.25 127.91 131.03 134.48 138.1 141.64 144.74 147.27 149.08 150.21 150.55 150.21 149.36 148.19 147.01 146.25 145.8 145.47 145.12 144.67 144.17 144 143.96 143.63 142.95 141.99
-9999 -9999 -9999 -9999 -9999 -9999 -9999 -9999 -9999 -9999 -9999 -9999 -9999 82.85 83.09 83.02 82.84 82.62 82.48 82.44 82.48 82.65 82.93 83.26 83.64 84.11 84.7 85.49 86.55 87.97 89.94 92.85 97.06 102.62 108.53 111.89 114.16 116.22 118.27 120.33 122.36 123.91 123.35 121.33 120.13 120.23 121.47 123.63 126.53 130.01 133.95 138.08 141.71 144.32 146.49 148.28 149.58 150.2 149.94 148.82 147.26 145.9 145.06 144.59 144.24 143.82 143.24 142.51 141.84 141.8 141.62 141.05 140.16
-9999 -9999 -9999 -9999 -9999 -9999 -9999 -9999 -9999 -9999 -9999 -9999 -9999 81.89 81.93 81.86 81.66 81.32 81.06 80.9 80.83 80.9 81.17 81.53 81.89 82.29 82.79 83.5 84.51 86.02 88.24 91.28 95.6 101.19 106.51 109.45 111.63 113.63 115.61 117.64 119.68 121.45 121.63 119.53 118.13 118.14 119.41 121.71 124.85 128.68 133.06 137.45 140.53 142.98 145.14 146.99 148.42 149.21 149.1 148.04 146.42 144.97 144.03 143.49 143.09 142.62 141.98 141.15 140.3 140.04 139.88 139.35 138.47
-9999 -9999 -9999 -9999 -9999 -9999 -9999 -9999 -9999 -9999 -9999 -9999 -9999 -9999 81.27 81.59 81.39 80.73 80.04 79.58 79.35 79.37 79.69 80.07 80.35 80.67 81.11 81.72 82.62 84 86.17 89.3 93.4 98.65 103.71 106.65 108.81 110.74 112.64 114.56 116.5 118.18 118.24 116.36 115.24 115.47 116.94 119.43 122.79 126.89 131.52 135.87 138.84 141.35 143.6 145.56 147.12 148.05 148.1 147.17 145.6 144.08 143.05 142.43 141.98 141.45 140.76 139.89 138.99 138.69 138.45 137.86 136.93
-9999 -9999 -9999 -9999 -9999 -9999 -9999 -9999 -9999 -9999 -9999 -9999 -9999 -9999 81.67 82.51 82.13 81.05 79.82 78.79 78.11 77.99 78.28 78.54 78.77 79.09 79.53 80.11 80.9 82.1 84.01 86.91 90.48 95.04 99.97 103.05 105.14 106.97 108.72 110.46 112.21 113.6 113.13 111.88 111.49 112.25 114.07 116.8 120.32 124.54 129.28 133.78 136.92 139.57 141.95 144.03 145.71 146.8 147.02 146.26 144.76 143.21 142.11 141.41 140.89 140.32 139.6 138.73 137.97 137.73 137.32 136.57 135.53
-9999 -9999 -9999 -9999 -9999 -9999 -9999 -9999 -9999 -9999 -9999 -9999 -9999 -9999 -9999 81.36 81.16 80.61 79.71 78.43 77.01 76.48 76.6 76.82 77.1 77.48 77.96 78.56 79.3 80.35 81.96 84.32 87.13 90.57 94.48 97.75 99.69 101.23 102.7 104.19 105.67 106.67 106.46 106.38 107.07 108.59 110.88 113.86 117.47 121.67 126.37 131.1 134.73 137.62 140.16 142.38 144.2 145.42 145.8 145.19 143.84 142.38 141.26 140.5 139.93 139.33 138.63 137.9 137.5 137.08 136.38 135.4 134.21
-9999 -9999 -9999 -9999 -9999 -9999 -9999 -9999 -9999 -9999 -9999 -9999 -9999 -9999 -9999 78.64 78.49 78.21 77.72 76.8 75.24 74.42 74.39 74.71 75.16 75.69 76.29 76.96 77.72 78.7 80.07 81.88 83.79 85.95 88.31 90.46 91.85 92.88 93.93 95.09 96.36 97.53 98.7 100.23 102.23 104.66 107.5 110.74 114.38 118.46 122.91 127.56 131.89 135.27 138.07 140.45 142.38 143.68 144.02 143.52 142.66 141.7 140.82 140.06 139.42 138.88 138.37 137.84 -9999 -9999 -9999 -9999 -9999
-9999 -9999 -9999 -9999 -9999 -9999 -9999 -9999 -9999 -9999 -9999 -9999 -9999 -9999 -9999 75.17 74.84 74.44 73.91 73.19 72.26 71.72 71.75 72.18 72.8 73.52 74.31 75.16 76.07 77.11 78.37 79.77 80.94 81.92 82.64 83.04 83.21 83.36 83.77 84.65 86.01 87.83 90.52 93.81 97.22 100.63 104.05 107.55 111.21 115.12 119.28 123.58 127.84 131.68 134.97 137.59 139.5 140.71 141.28 141.38 141.23 140.92 140.53 140.09 139.61 -9999 -9999 -9999 -9999 -9999 -9999 -9999 -9999
-9999 -9999 -9999 -9999 -9999 -9999 -9999 -9999 -9999 -9999 -9999 -9999 -9999 -9999 -9999 71.41 70.85 70.22 69.55 68.9 68.64 68.87 69.23 69.69 70.31 71.08 72.02 73.2 74.39 75.62 76.97 78.27 79.06 79.19 78.65 77.69 76.38 74.99 74.27 74.93 76.96 79.71 83.01 87.58 92.35 96.72 100.7 104.44 108.11 111.86 115.74 119.72 123.66 127.39 130.72 133.5 135.68 137.29 138.42 139.18 139.65 139.91 139.96 -9999 -9999 -9999 -9999 -9999 -9999 -9999 -9999 -9999 -9999
-9999 -9999 -9999 -9999 -9999 -9999 -9999 -9999 -9999 -9999 -9999 -9999 -9999 -9999 -9999 68.39 67.66 66.89 66.11 65.52 65.72 66.58 67.07 67.48 68.04 68.82 69.95 71.39 72.81 74.33 76.05 77.66 78.52 78.39 77.3 75.17 71.86 68.35 66.22 66.62 69.5 73.86 78.24 82.66 88.1 93.21 97.63 101.54 105.2 108.81 112.47 116.19 119.89 123.46 126.76 -9999 -9999 -9999 -9999 -9999 -9999 -9999 -9999 -9999 -9999 -9999 -9999 -9999 -9999 -9999 -9999 -9999 -9999
-9999 -9999 -9999 -9999 -9999 -9999 -9999 -9999 -9999 -9999 -9999 -9999 -9999 -9999 -9999 67.34 66.55 65.69 64.79 64.05 64.23 64.99 65.25 65.51 66.07 67.02 68.32 69.77 71.36 73.29 75.61 77.81 79.2 79.51 78.53 75.51 70.43 66.22 64.46 64.4 65.89 70.21 75.91 80.5 85.21 90.45 95.04 98.98 102.57 106.03 109.51 113.03 116.58 -9999 -9999 -9999 -9999 -9999 -9999 -9999 -9999 -9999 -9999 -9999 -9999 -9999 -9999 -9999 -9999 -9999 -9999 -9999 -9999
-9999 -9999 -9999 -9999 -9999 -9999 -9999 -9999 -9999 -9999 -9999 -9999 -9999 -9999 -9999 67.54 66.97 66.19 65.15 63.89 63.13 63.16 63.41 63.88 64.63 65.6 66.79 68.18 69.97 72.39 75.38 78.39 80.85 82.5 82.47 79.55 74.19 69.52 67.09 66.55 67.38 70.22 75.94 80.43 84.03 88.71 93.08 96.84 100.25 -9999 -9999 -9999 -9999 -9999 -9999 -9999 -9999 -9999 -9999 -9999 -9999 -9999 -9999 -9999 -9999 -9999 -9999 -9999 -9999 -9999 -9999 -9999 -9999
-9999 -9999 -9999 -9999 -9999 -9999 -9999 -9999 -9999 -9999 -9999 -9999 -9999 -9999 -9999 66.54 66.47 66.03 64.89 62.84 60.79 60.11 60.53 61.59 62.83 63.96 65.12 66.57 68.61 71.45 75.05 79.02 83.03 86.52 87.21 84.73 80.24 75.47 72.35 71.5 72.32 74.49 78.48 81.82 84.52 88.04 91.76 95.12 98.23 -9999 -9999 -9999 -9999 -9999 -9999 -9999 -9999 -9999 -9999 -9999 -9999 -9999 -9999 -9999 -9999 -9999 -9999 -9999 -9999 -9999 -9999 -9999 -9999
-9999 -9999 -9999 -9999 -9999 -9999 -9999 -9999 -9999 -9999 -9999 -9999 -9999 -9999 -9999 63.32 63.72 63.62 62.49 60.29 58.34 57.55 57.8 59.11 60.91 62.33 63.56 65.08 67.26 70.38 74.41 79.17 84.47 89.12 89.66 88.12 85.2 81.47 78.64 77.8 78.55 80.15 82.14 83.79 85.51 88 90.92 93.74 96.47 -9999 -9999 -9999 -9999 -9999 -9999 -9999 -9999 -9999 -9999 -9999 -9999 -9999 -9999 -9999 -9999 -9999 -9999 -9999 -9999 -9999 -9999 -9999 -9999
-9999 -9999 -9999 -9999 -9999 -9999 -9999 -9999 -9999 -9999 -9999 -9999 -9999 57.57 58.41 59.25 59.96 60.24 59.61 58.29 57.26 56.92 57.29 58.53 60.31 61.79 62.96 64.26 66.18 69.3 73.42 78.4 84.08 89.3 90.59 89.88 88.05 85.43 83.26 82.53 82.99 84.02 84.98 85.42 86.37 88.11 90.29 -9999 -9999 -9999 -9999 -9999 -9999 -9999 -9999 -9999 -9999 -9999 -9999 -9999 -9999 -9999 -9999 -9999 -9999 -9999 -9999 -9999 -9999 -9999 -9999 -9999 -9999
