raw_data/evaporacion/evapoct.txt
ncols         178
nrows         142
xllcorner     111.875
yllcorner     -44.625
cellsize      0.25
NODATA_value  -9999
[rows 64 to 95 of 142, columns 0 to 71 of 178]
-9999 -9999 -9999 -9999 -9999 -9999 -9999 -9999 252.46 255.89 260.46 267.5 275.14 282.59 289.76 296.71 303.48 310.05 316.37 322.43 328.18 333.65 338.82 343.65 348.05 351.89 355.07 357.58 359.52 361.09 362.49 363.91 365.45 367.09 368.79 370.45 371.97 373.27 374.26 374.56 372.81 370.21 367.89 365.95 364.29 362.85 361.58 360.48 359.59 358.94 358.61 358.66 359.16 360.13 361.19 361.26 361.02 360.9 360.92 361.04 361.23 361.43 361.52 361.37 361.06 360.6 359.95 359.1 358 356.53 354.6 352.31
-9999 -9999 -9999 -9999 238.56 -9999 -9999 -9999 247.25 251.1 256.73 263.68 270.91 278.09 285.19 292.2 299.11 305.88 312.46 318.84 325.02 331.06 336.96 342.64 347.87 352.37 355.88 358.31 359.79 360.62 361.17 361.75 362.51 363.46 364.51 365.51 366.32 366.84 367.01 366.71 365.37 362.93 360.67 358.81 357.32 356.14 355.19 354.46 353.94 353.66 353.66 353.99 354.66 355.58 356.16 356.28 356.42 356.67 357.01 357.43 357.89 358.36 358.75 358.9 358.86 358.64 358.24 357.61 356.71 355.4 353.71 351.68
-9999 -9999 -9999 -9999 235.74 -9999 237.49 -9999 -9999 248.09 253.81 260.18 266.85 273.66 280.55 287.5 294.44 301.32 308.08 314.76 321.41 328.13 334.92 341.6 347.62 352.52 356.19 358.54 359.69 359.84 359.33 358.83 358.66 358.83 359.2 359.57 359.75 359.61 359.11 358.27 357.08 355.58 354.02 352.41 351.14 350.22 349.57 349.14 348.91 348.88 349.09 349.51 349.97 350.39 350.77 351.17 351.64 352.2 352.82 353.48 354.16 354.83 355.43 355.89 356.12 356.14 355.95 355.52 354.74 353.63 352.19 350.41
-9999 -9999 -9999 -9999 -9999 -9999 -9999 -9999 -9999 245.78 250.92 256.63 262.73 269.13 275.74 282.52 289.36 296.21 303.05 309.94 317.01 324.41 332.12 339.53 345.19 349.01 352.11 354.74 356.83 357.67 356.51 354.91 353.76 353.14 352.88 352.69 352.35 351.7 350.72 349.46 348.05 346.62 345.29 344.12 343.24 342.65 342.33 342.24 342.35 342.61 343.02 343.53 344.09 344.68 345.32 346.01 346.76 347.56 348.39 349.24 350.09 350.91 351.66 352.3 352.75 352.98 352.97 352.69 352.12 351.24 350.04 348.49
-9999 -9999 -9999 -9999 -9999 231.65 -9999 -9999 -9999 243.06 247.66 252.81 258.41 264.38 270.66 277.15 283.76 290.45 297.22 304.18 311.53 319.45 327.76 334.92 339.29 342.6 345.54 348.22 350.62 352.33 351.94 349.67 347.67 346.39 345.61 344.99 344.27 343.29 342.02 340.55 339.02 337.57 336.33 335.38 334.74 334.42 334.39 334.62 335.06 335.67 336.41 337.23 338.1 339 339.92 340.87 341.83 342.81 343.8 344.79 345.77 346.7 347.56 348.29 348.87 349.26 349.41 349.31 348.93 348.26 347.27 345.92
-9999 -9999 -9999 -9999 -9999 -9999 230.63 -9999 236.13 239.75 243.93 248.62 253.77 259.32 265.2 271.31 277.58 283.97 290.5 297.35 304.74 312.87 321.31 327.7 331.62 334.84 337.77 340.43 342.84 344.86 345.33 342.77 340.29 338.62 337.52 336.65 335.72 334.59 333.22 331.72 330.23 328.88 327.79 327.01 326.56 326.46 326.67 327.18 327.93 328.88 329.96 331.11 332.29 333.46 334.62 335.77 336.9 338.02 339.12 340.21 341.27 342.27 343.18 343.99 344.66 345.15 345.42 345.45 345.22 344.71 343.87 342.63
-9999 -9999 -9999 -9999 -9999 -9999 -9999 229.71 232.58 235.93 239.75 244.04 248.77 253.88 259.31 264.98 270.81 276.79 282.96 289.49 296.63 304.56 312.85 319.13 323 326.2 329.12 331.79 334.21 336.23 336.67 334.12 331.63 329.93 328.79 327.88 326.93 325.8 324.49 323.1 321.75 320.57 319.64 319 318.7 318.74 319.14 319.88 320.94 322.22 323.66 325.15 326.63 328.07 329.44 330.75 332.01 333.23 334.41 335.54 336.64 337.66 338.61 339.46 340.16 340.71 341.05 341.16 341.02 340.6 339.82 338.3
-9999 -9999 -9999 -9999 -9999 -9999 -9999 -9999 228.59 231.65 235.14 239.05 243.35 248.02 252.99 258.17 263.53 269.03 274.74 280.81 287.44 294.8 302.67 309.51 313.69 316.91 319.83 322.52 324.94 326.64 326.19 323.94 321.93 320.56 319.65 318.9 318.08 317.11 315.98 314.78 313.64 312.63 311.82 311.26 311 311.1 311.61 312.55 313.91 315.57 317.4 319.28 321.1 322.81 324.38 325.84 327.21 328.49 329.7 330.85 331.94 332.96 333.89 334.72 335.43 335.97 336.33 336.46 336.35 335.89 334.75 332.25
-9999 -9999 -9999 -9999 -9999 -9999 -9999 -9999 224.2 226.95 230.08 233.6 237.49 241.73 246.24 250.97 255.87 260.91 266.16 271.71 277.72 284.29 291.35 298.24 303.47 307.07 310.08 312.68 314.76 315.51 314.38 312.8 311.59 310.83 310.34 309.91 309.37 308.65 307.79 306.86 305.93 305.08 304.33 303.75 303.44 303.58 304.22 305.34 306.93 308.9 311.17 313.49 315.68 317.68 319.47 321.06 322.51 323.83 325.05 326.18 327.23 328.2 329.08 329.85 330.5 331 331.31 331.41 331.19 330.25 328.15 325.32
-9999 -9999 -9999 -9999 -9999 -9999 -9999 -9999 -9999 221.79 224.53 227.66 231.16 235.01 239.14 243.49 248.02 252.7 257.58 262.71 268.17 273.98 280.06 286.11 291.56 295.97 299.26 301.36 302.38 302.47 301.95 301.41 301.12 301.06 301.1 301.09 300.92 300.55 300.01 299.37 298.68 297.95 297.22 296.58 296.33 296.87 297.94 299.26 300.78 302.59 305.09 307.84 310.43 312.73 314.71 316.44 317.94 319.28 320.48 321.56 322.55 323.44 324.23 324.91 325.45 325.85 326.07 326.05 325.48 323.71 321.25 318.41
-9999 -9999 -9999 -9999 -9999 -9999 -9999 -9999 -9999 216.16 218.51 221.26 224.41 227.94 231.8 235.89 240.2 244.7 249.42 254.38 259.56 264.89 270.19 275.24 279.74 283.44 286.19 287.99 289.03 289.58 289.96 290.38 290.92 291.54 292.13 292.58 292.83 292.85 292.69 292.37 291.91 291.32 290.61 290.04 290.37 291.4 292.73 294.2 295.78 297.47 299.57 302.51 305.44 308 310.16 311.98 313.53 314.86 316.02 317.05 317.96 318.74 319.42 319.97 320.38 320.64 320.73 320.51 319.47 317.36 314.78 311.88
-9999 -9999 -9999 -9999 -9999 -9999 -9999 -9999 -9999 210.23 212.29 214.73 217.5 220.73 224.36 228.35 232.62 237.18 242.05 247.22 252.56 257.83 262.75 267.04 270.5 273.1 274.94 276.21 277.17 278.05 278.99 280.07 281.25 282.44 283.54 284.46 285.15 285.61 285.84 285.87 285.69 285.28 284.68 284.32 285.17 286.48 287.95 289.54 291.22 292.96 294.91 297.74 300.83 303.57 305.84 307.72 309.28 310.59 311.71 312.67 313.49 314.17 314.71 315.12 315.39 315.49 315.41 315.05 313.96 311.73 308.98 305.93
-9999 -9999 -9999 -9999 -9999 -9999 -9999 -9999 -9999 -9999 206.51 208.69 211.11 213.87 217.12 221.06 225.48 230.36 235.73 241.53 247.49 253.14 257.85 261.6 264.31 265.92 266.62 266.97 267.39 268.11 269.21 270.62 272.22 273.86 275.41 276.79 277.93 278.83 279.49 279.9 280.04 279.89 279.5 279.37 280.41 281.86 283.44 285.14 286.9 288.72 290.71 293.54 296.69 299.48 301.78 303.66 305.21 306.49 307.57 308.46 309.19 309.76 310.18 310.45 310.57 310.51 310.25 309.77 308.85 306.85 303.98 300.71
-9999 -9999 -9999 -9999 -9999 -9999 -9999 -9999 -9999 -9999 -9999 202.76 204.93 207.4 210.37 214.22 218.91 224.32 230.46 237.16 243.74 249.4 253.14 256.27 259.03 260.69 260.68 259.88 259.38 259.58 260.5 261.99 263.84 265.83 267.81 269.64 271.26 272.62 273.71 274.51 275 275.17 275.07 275.02 275.97 277.47 279.15 280.93 282.77 284.67 286.85 289.9 293.01 295.72 297.97 299.81 301.33 302.57 303.6 304.42 305.07 305.55 305.86 306 305.97 305.76 305.34 304.7 303.78 302.32 299.71 296.3
-9999 -9999 -9999 -9999 -9999 -9999 -9999 -9999 -9999 -9999 -9999 196.88 198.87 201.18 204.06 207.96 212.97 218.98 225.93 233.13 238.71 242.57 245.65 248.57 251.44 254.04 255.36 254.03 252.54 252.04 252.63 254.08 256.11 258.44 260.86 263.21 265.36 267.23 268.75 269.91 270.71 271.18 271.38 271.5 272.03 273.37 275.03 276.87 278.84 280.99 283.67 286.76 289.69 292.24 294.38 296.16 297.63 298.84 299.81 300.58 301.15 301.53 301.74 301.76 301.6 301.25 300.69 299.9 298.85 297.51 295.58 292.55
-9999 -9999 -9999 -9999 -9999 -9999 -9999 -9999 -9999 -9999 -9999 -9999 192.99 195.25 198.21 202.34 207.69 214.21 221.58 227.91 232.01 235.09 237.95 240.76 243.58 246.42 248.68 248.19 246.15 245.06 245.35 246.79 249.06 251.83 254.85 257.87 260.71 263.17 265.14 266.57 267.51 268.07 268.4 268.68 269.14 270.03 271.38 273.22 275.5 278.12 280.99 283.89 286.58 288.96 291.01 292.72 294.15 295.31 296.23 296.92 297.4 297.67 297.76 297.65 297.37 296.91 296.24 295.34 294.18 292.74 291 288.72
-9999 -9999 -9999 -9999 -9999 -9999 -9999 -9999 -9999 -9999 -9999 -9999 187.41 189.79 193.05 197.52 203.16 209.97 217.13 221.94 225.25 228.06 230.78 233.49 236.24 239.05 241.59 241.97 239.73 238.33 238.54 240.15 242.84 246.3 250.23 254.27 258.08 261.32 263.74 265.27 266.02 266.26 266.29 266.4 266.8 267.63 268.97 270.81 273.08 275.66 278.38 281.07 283.6 285.88 287.87 289.55 290.94 292.04 292.87 293.44 293.78 293.89 293.8 293.54 293.13 292.56 291.83 290.88 289.69 288.2 286.42 284.36
-9999 -9999 -9999 -9999 -9999 -9999 -9999 -9999 -9999 -9999 -9999 -9999 -9999 185.15 188.91 193.73 199.65 206.35 212.21 216.05 218.96 221.58 224.18 226.82 229.54 232.35 234.94 235.56 233.33 231.94 232.29 234.28 237.68 242.22 247.52 253.11 258.36 262.65 265.55 266.91 266.97 266.25 265.32 264.67 264.58 265.18 266.43 268.23 270.45 272.95 275.59 278.23 280.76 283.06 285.09 286.78 288.12 289.11 289.78 290.15 290.24 290.08 289.73 289.24 288.66 288.02 287.28 286.38 285.25 283.81 282.05 280.01
-9999 -9999 -9999 -9999 -9999 -9999 -9999 -9999 -9999 -9999 -9999 -9999 178.31 181.58 185.86 191.19 197.31 203.21 207.46 210.6 213.26 215.76 218.27 220.89 223.63 226.5 229.15 229.84 227.72 226.41 226.96 229.44 233.8 239.81 247.05 254.79 261.97 267.4 270.67 271.82 270.77 268.35 265.67 263.55 262.43 262.41 263.36 265.06 267.29 269.85 272.6 275.41 278.13 280.64 282.81 284.56 285.84 286.66 287.06 287.07 286.76 286.18 285.43 284.61 283.82 283.1 282.43 281.69 280.74 279.48 277.84 275.87
-9999 -9999 -9999 -9999 -9999 -9999 -9999 -9999 -9999 -9999 -9999 -9999 175.01 178.88 183.88 189.61 195.09 199.41 202.85 205.74 208.28 210.68 213.15 215.81 218.65 221.61 224.49 225.95 224.2 222.69 223.1 225.88 231.19 238.9 248.41 258.31 266.53 271.71 274.81 276.67 275.54 271.92 267.02 262.84 260.23 259.28 259.77 261.33 263.63 266.41 269.48 272.67 275.82 278.71 281.16 283.01 284.22 284.77 284.75 284.25 283.37 282.23 281.06 279.96 279 278.2 277.53 276.88 276.17 275.19 273.77 271.94
-9999 -9999 -9999 -9999 -9999 -9999 -9999 -9999 -9999 -9999 -9999 -9999 -9999 176.89 182.2 187.05 191.2 195.01 198.5 201.52 204.09 206.37 208.74 211.43 214.38 217.43 220.48 222.98 223.1 221.57 221.17 223.64 229.51 238.7 249.98 259.27 264.12 267.47 270.34 272.9 274.61 273.94 268.1 261.84 257.59 255.63 255.63 257.08 259.54 262.67 266.23 270.01 273.71 276.98 279.67 281.61 282.83 283.2 282.78 281.72 280.2 278.59 277.43 276.59 275.81 274.92 273.82 272.6 271.75 271.02 269.87 268.22
-9999 -9999 -9999 -9999 -9999 -9999 -9999 -9999 -9999 -9999 -9999 -9999 -9999 174.62 178.53 182.15 185.99 190.09 193.72 196.89 199.91 202.43 204.74 207.48 210.53 213.56 216.43 219.18 221.39 221.96 221.09 222.42 227.97 237.75 249.04 254.69 258 260.89 263.67 266.4 268.98 270.37 266.69 259.42 253.88 251.15 250.81 252.28 255 258.59 262.77 267.19 271.13 274.06 276.54 278.6 280.13 280.88 280.63 279.35 277.52 275.85 274.71 273.91 273.15 272.21 270.97 269.43 267.92 267.2 266.26 264.76
-9999 -9999 -9999 -9999 -9999 -9999 -9999 -9999 -9999 -9999 -9999 -9999 -9999 169.96 172.89 176.23 180.17 184.21 187.54 190.88 194.46 197.94 200.79 203.93 207.14 210.03 212.5 214.8 217.16 219.48 220.83 221.33 225.55 234.37 243.64 248.03 251.07 253.83 256.53 259.22 261.88 263.84 261.93 254.48 248.47 245.52 245.2 246.87 249.96 254.05 258.83 263.68 267.26 270.2 272.82 275.12 276.93 277.99 278.01 276.9 275.11 273.44 272.26 271.43 270.65 269.67 268.37 266.74 264.98 263.97 263.05 261.62
-9999 -9999 -9999 -9999 -9999 -9999 -9999 -9999 -9999 -9999 -9999 -9999 -9999 -9999 167.8 171.45 175.07 178.24 181.04 184.37 188.31 192.53 196.54 200.37 203.47 206.08 208.39 210.48 212.26 214.5 217.08 218.79 221.36 228.32 236.41 240.54 243.46 246.09 248.63 251.18 253.71 255.55 253.37 246.43 241.03 238.6 238.72 240.8 244.32 248.89 254.13 259.14 262.81 266.01 268.92 271.49 273.58 274.95 275.27 274.42 272.77 271.11 269.89 269.03 268.23 267.22 265.88 264.19 262.39 261.33 260.32 258.82
-9999 -9999 -9999 -9999 -9999 -9999 -9999 -9999 -9999 -9999 -9999 -9999 -9999 -9999 164.97 169.01 171.44 173.23 175.22 178.04 181.74 186.31 191.3 195.36 198.53 201.14 203.44 205.52 207.29 208.98 211.49 214.01 214.85 219.47 227 231.38 234.14 236.58 238.91 241.17 243.41 244.64 241.14 235.54 231.75 230.5 231.45 234.13 238.1 243.04 248.62 254.02 258.07 261.62 264.85 267.73 270.13 271.8 272.45 271.9 270.44 268.83 267.59 266.71 265.87 264.84 263.48 261.81 260.21 259.24 258.02 256.31
-9999 -9999 -9999 -9999 -9999 -9999 -9999 -9999 -9999 -9999 -9999 -9999 -9999 -9999 -9999 163.31 165.2 167.12 169.26 171.65 174.2 178.96 184.79 189.36 192.88 195.71 198.1 200.22 202.01 203.28 205.22 207 206.1 207.93 213.24 218.48 221.22 223.25 225.2 227.12 228.91 229.19 225.91 222.69 221.19 221.58 223.62 226.98 231.36 236.55 242.34 248.21 252.98 257 260.6 263.82 266.53 268.52 269.48 269.24 268.07 266.63 265.45 264.54 263.68 262.65 261.34 259.89 258.79 257.6 256 254
-9999 -9999 -9999 -9999 -9999 -9999 -9999 -9999 -9999 -9999 -9999 -9999 -9999 -9999 -9999 155.41 156.79 158.46 160.55 163.02 165.57 170.58 176.88 182.17 186.33 189.62 192.29 194.49 196.07 197.13 198.47 198.88 195.88 195.05 197.32 200.87 203.16 204.72 206.21 207.78 209.25 209.67 209.01 208.95 210.04 212.26 215.49 219.55 224.3 229.64 235.44 241.47 247.17 251.9 255.97 259.56 262.58 264.83 265.95 266.05 265.57 264.8 263.93 263.04 262.13 261.2 260.19 259.03 -9999 -9999 -9999 -9999
-9999 -9999 -9999 -9999 -9999 -9999 -9999 -9999 -9999 -9999 -9999 -9999 -9999 -9999 -9999 146.41 147.03 147.91 149.29 151.54 155.29 161.24 167.89 173.76 178.59 182.45 185.56 187.94 189.29 190.32 190.89 189.55 184.84 181.97 181.41 182.12 182.9 183.75 184.81 186.2 187.9 189.75 192.05 195.19 198.86 202.92 207.32 212.05 217.12 222.54 228.28 234.2 240.06 245.48 250.27 254.32 257.53 259.89 261.46 262.36 262.8 262.88 262.66 262.2 261.53 -9999 -9999 -9999 -9999 -9999 -9999 -9999
-9999 -9999 -9999 -9999 -9999 -9999 -9999 -9999 -9999 -9999 -9999 -9999 -9999 -9999 -9999 136.82 136.69 136.82 137.48 139.44 144.26 151.75 158.97 165.09 170.18 174.34 177.71 180.17 181.78 182.67 182.13 178.98 173.69 169.72 167.42 166.53 166.17 166.03 166.43 167.79 170.14 173.06 176.67 182.06 188.06 193.84 199.33 204.66 210.01 215.5 221.18 226.97 232.75 238.28 243.35 247.77 251.47 254.45 256.77 258.52 259.78 260.6 260.99 -9999 -9999 -9999 -9999 -9999 -9999 -9999 -9999 -9999
-9999 -9999 -9999 -9999 -9999 -9999 -9999 -9999 -9999 -9999 -9999 -9999 -9999 -9999 -9999 128.41 127.87 127.6 127.91 129.71 135.06 143.39 150.72 156.75 161.83 166.01 169.43 172.02 173.68 174.07 172.45 168.49 163.58 159.91 157.79 156.37 154.81 153.35 152.89 154.18 157.21 161.34 165.72 170.9 178.13 185.31 191.72 197.57 203.14 208.68 214.31 220.04 225.77 231.36 236.61 -9999 -9999 -9999 -9999 -9999 -9999 -9999 -9999 -9999 -9999 -9999 -9999 -9999 -9999 -9999 -9999 -9999
-9999 -9999 -9999 -9999 -9999 -9999 -9999 -9999 -9999 -9999 -9999 -9999 -9999 -9999 -9999 123.65 123.1 122.76 122.88 124.38 129.41 136.76 143.16 148.71 153.61 157.79 161.18 163.66 165.03 164.9 162.85 159.33 155.88 153.66 152.3 150.57 147.99 146.22 146.12 147.18 149.34 153.49 158.7 163.57 169.87 177.65 184.71 190.91 196.62 202.17 207.76 213.45 219.2 -9999 -9999 -9999 -9999 -9999 -9999 -9999 -9999 -9999 -9999 -9999 -9999 -9999 -9999 -9999 -9999 -9999 -9999 -9999
-9999 -9999 -9999 -9999 -9999 -9999 -9999 -9999 -9999 -9999 -9999 -9999 -9999 -9999 -9999 121.88 121.78 121.69 121.78 122.66 125.99 131.05 136.19 141.23 145.97 150.07 153.32 155.55 156.66 156.43 154.83 152.58 150.91 150.27 149.79 148.27 145.78 143.95 143.57 144.42 146.2 149.4 154.56 159.06 163.75 171.21 178.49 184.8 190.52 -9999 -9999 -9999 -9999 -9999 -9999 -9999 -9999 -9999 -9999 -9999 -9999 -9999 -9999 -9999 -9999 -9999 -9999 -9999 -9999 -9999 -9999 -9999
