raw_data/evaporacion/evapoct.txt
ncols         178
nrows         142
xllcorner     111.875
yllcorner     -44.625
cellsize      0.25
NODATA_value  -9999
[rows 64 to 95 of 142, columns 72 to 143 of 178]
349.62 346.48 342.83 338.67 334.12 329.38 324.69 320.34 316.51 313.29 310.7 308.69 307.17 306.06 305.29 304.79 304.52 304.5 304.75 305.35 306.37 307.9 309.98 312.58 315.61 318.86 322.09 325.04 327.46 329.18 330.05 329.94 328.78 326.57 323.62 320.94 319.7 318.78 317.86 317.02 316.71 317.68 318.74 319 318.22 316.41 313.71 310.52 307.72 304.9 302 299.02 296.01 293.1 290.35 287.66 284.65 280.77 275.71 269.35 261.84 254.3 247.39 240.74 234.85 230.07 225.88 222.7 220.27 218.18 217.18 218.06
349.25 346.35 342.92 338.96 334.51 329.75 324.98 320.46 316.41 312.92 310.04 307.75 305.98 304.65 303.71 303.09 302.78 302.79 303.14 303.91 305.17 306.98 309.36 312.28 315.58 319.05 322.41 325.39 327.77 329.38 330.07 329.65 328.02 325.2 321.99 320.53 319.82 319.08 318.17 317.13 316.18 316.19 317.54 318.27 317.74 315.97 313.16 309.84 306.86 303.84 300.73 297.55 294.33 291.17 288.1 285.03 281.8 278.16 273.87 268.91 263.43 257.88 252.51 247.26 242.19 237.44 232.91 228.54 224.18 220.07 217.11 216.45
348.23 345.57 342.36 338.52 334.07 329.18 324.37 319.87 315.76 312.1 308.98 306.44 304.43 302.9 301.79 301.07 300.74 300.79 301.28 302.25 303.78 305.91 308.64 311.89 315.47 319.12 322.56 325.53 327.85 329.36 329.89 329.28 327.35 324.28 321.44 320.61 320.1 319.43 318.57 317.54 316.4 315.69 316.91 317.83 317.42 315.65 312.77 309.24 305.92 302.67 299.39 296.07 292.77 289.57 286.42 283.24 279.95 276.48 272.83 269.1 265.38 261.71 258.16 254.75 251.17 246.77 241.36 234.8 227.55 220.13 213.58 210.06
346.54 344.08 340.91 336.81 332.03 327.2 322.58 318.27 314.31 310.74 307.59 304.9 302.67 300.9 299.59 298.76 298.42 298.54 299.16 300.35 302.15 304.6 307.69 311.3 315.22 319.03 322.47 325.38 327.6 329.01 329.48 328.83 326.9 323.87 321.17 320.5 320.11 319.57 318.83 317.92 316.88 316.13 317.19 317.98 317.42 315.52 312.54 308.84 304.99 301.42 297.97 294.56 291.24 288.02 284.83 281.6 278.27 274.87 271.55 268.57 266.1 264.16 262.69 261.49 259.32 254.96 248.89 240.06 229.06 216.72 204.56 198.04
344.12 341.6 337.94 333.43 328.73 324.14 319.77 315.66 311.88 308.44 305.38 302.73 300.5 298.7 297.36 296.49 296.11 296.23 296.9 298.14 300 302.55 305.81 309.84 314.44 318.66 322.08 324.84 326.92 328.26 328.75 328.24 326.61 323.88 320.98 320.18 319.93 319.61 319.15 318.57 317.92 317.6 318.63 318.95 317.89 315.6 312.37 308.5 304.33 300.2 296.45 292.91 289.53 286.24 282.97 279.67 276.27 272.85 269.68 267.07 265.33 264.65 264.98 265.44 262.86 258.15 251.89 242.73 228.54 211.21 194.67 191.5
340.67 337.47 333.34 328.91 324.47 320.14 315.99 312.06 308.42 305.1 302.13 299.53 297.34 295.58 294.25 293.39 293.02 293.17 293.86 295.14 297.07 299.7 303.1 307.34 312.44 317.73 321.33 323.88 325.78 327.03 327.59 327.34 326.21 324.21 321.77 320.24 319.99 320.11 320.25 320.39 320.6 321.09 321.59 320.95 319 315.98 312.23 308.03 303.63 299.2 294.93 290.95 287.36 283.93 280.54 277.14 273.62 270.17 267.08 264.68 263.28 263.23 264.44 265.7 263.27 258.53 252.01 242.31 226.91 207.88 191.02 189.62
335.48 331.79 327.73 323.56 319.38 315.27 311.29 307.51 303.98 300.74 297.83 295.29 293.14 291.42 290.14 289.33 289.01 289.23 290.01 291.4 293.46 296.24 299.83 304.29 309.71 315.69 320.1 322.52 324.15 325.27 325.89 325.94 325.4 324.31 322.92 321.74 321.37 322.18 323.38 324.67 325.93 326.66 326.2 324.23 320.96 316.8 312.15 307.33 302.5 297.73 293.05 288.54 284.45 280.79 277.26 273.79 270.25 266.84 263.79 261.44 260.14 260.23 261.41 262.59 261.34 256.96 250.07 239.57 225.26 208.25 192.19 189.24
328.99 325.36 321.53 317.58 313.59 309.64 305.79 302.11 298.66 295.48 292.63 290.15 288.06 286.4 285.21 284.5 284.31 284.68 285.63 287.21 289.48 292.49 296.33 301.08 306.8 313.28 318.59 320.81 322.08 323.01 323.61 323.91 323.91 323.71 323.56 323.78 324.75 326.7 329.21 331.5 333.27 333.74 332.38 328.92 323.93 318.16 312.19 306.39 300.86 295.54 290.34 285.25 280.62 276.72 273.07 269.52 266.07 262.73 259.73 257.36 256.06 256.1 256.96 257.5 256.3 252.28 245.19 235.26 223.52 210.95 199.1 193.05
322.11 318.63 314.96 311.15 307.28 303.43 299.67 296.06 292.66 289.55 286.76 284.35 282.36 280.83 279.79 279.27 279.3 279.91 281.13 283 285.58 288.91 293.08 298.15 304.2 311.08 316.93 318.8 319.63 320.28 320.79 321.21 321.62 322.19 323.19 324.96 327.77 331.58 335.47 337.81 339.07 339.37 338.26 334.11 327.61 319.93 312.28 305.19 298.71 292.67 286.82 281.09 276.02 271.92 268.09 264.43 260.98 257.75 254.82 252.46 251.14 251.08 251.68 251.73 250.08 246.02 239.35 230.58 220.94 211.88 204.51 200.17
315.26 311.85 308.24 304.5 300.69 296.89 293.17 289.61 286.28 283.23 280.55 278.27 276.45 275.13 274.34 274.11 274.47 275.44 277.06 279.34 282.33 286.08 290.64 296.09 302.48 309.58 315.15 316.48 316.84 317.14 317.46 317.88 318.54 319.67 321.63 324.8 329.41 334.97 339.01 340.36 340.6 340.13 338.87 336.15 330.46 321.44 312.04 303.54 296.04 289.22 282.69 276.35 271.04 266.7 262.66 258.86 255.37 252.19 249.36 246.98 245.48 245.09 244.9 244.07 242.01 238.23 232.52 225.15 216.99 209.64 204.31 200.83
308.69 305.26 301.64 297.89 294.08 290.3 286.61 283.1 279.84 276.92 274.4 272.33 270.78 269.78 269.37 269.56 270.39 271.86 274 276.82 280.35 284.61 289.65 295.51 302.26 309.22 313.18 313.72 313.63 313.58 313.66 313.97 314.71 316.19 318.81 323.04 329.1 335.8 338.56 338.93 338.52 337.56 336.04 333.83 329.89 321.41 310.82 301.12 292.75 285.29 278.22 271.43 265.98 261.45 257.33 253.54 249.96 246.62 243.77 241.29 239.46 238.53 237.53 235.92 233.44 229.85 225 218.98 212.17 205.48 200.47 196.52
302.61 299.07 295.37 291.57 287.73 283.94 280.29 276.86 273.74 271.01 268.74 267 265.84 265.3 265.4 266.17 267.61 269.74 272.56 276.06 280.24 285.13 290.72 297.04 303.86 309.48 310.61 310.29 309.85 309.5 309.32 309.46 310.14 311.71 314.63 319.39 326.24 333.5 335.11 334.93 334.27 333.15 331.56 329.42 326.09 318.87 307.87 297.54 288.72 280.96 273.66 266.66 261.03 256.4 252.3 248.52 244.89 241.46 238.49 235.84 233.84 232.64 231.14 229.05 226.33 222.9 218.68 213.65 207.87 201.64 195.98 191.39
297.19 293.49 289.66 285.76 281.88 278.11 274.53 271.24 268.33 265.9 264 262.71 262.08 262.14 262.92 264.42 266.65 269.6 273.25 277.57 282.56 288.17 294.27 300.25 305.38 306.8 306.49 305.89 305.25 304.68 304.29 304.23 304.74 306.17 309 313.68 320.46 327.74 329.65 329.46 328.75 327.64 326.1 324.05 320.81 313.61 302.75 292.57 283.9 276.28 269.15 262.25 256.31 251.61 247.46 243.67 240.06 236.64 233.62 230.91 229.08 227.57 225.64 223.22 220.39 217.15 213.44 209.17 204.24 198.58 192.62 187.68
292.55 288.65 284.66 280.67 276.76 273.03 269.59 266.52 263.93 261.9 260.51 259.82 259.87 260.7 262.31 264.72 267.9 271.83 276.47 281.72 287.23 292.8 298.07 300.55 301.56 301.46 300.99 300.35 299.65 298.96 298.41 298.14 298.4 299.51 301.88 305.93 311.87 318.69 322.42 322.89 322.31 321.3 319.88 317.86 314.05 305.69 295.53 286.29 278.34 271.3 264.71 258.22 252.06 247.15 242.93 239.1 235.55 232.25 229.22 226.67 224.81 222.78 220.34 217.61 214.72 211.71 208.53 205.01 200.96 196.22 190.89 185.82
288.72 284.62 280.48 276.41 272.51 268.89 265.66 262.92 260.76 259.27 258.53 258.59 259.48 261.24 263.85 267.33 271.58 276.32 281.29 286.46 290.48 292.57 294.06 294.73 294.9 294.78 294.42 293.84 293.12 292.34 291.63 291.13 291.06 291.7 293.4 296.46 301.05 306.81 312.1 314.36 314.49 313.76 312.31 309.68 303.86 295.42 286.81 279.05 272.23 266.09 260.26 254.5 248.79 243.5 238.97 235.13 231.61 228.32 225.51 223.03 220.49 217.62 214.51 211.38 208.44 205.76 203.22 200.58 197.58 194.04 189.96 185.78
285.44 281.39 277.15 273.04 269.22 265.79 262.87 260.57 258.97 258.16 258.21 259.17 261.06 263.88 267.42 271.37 275.79 279.55 281.64 283.41 284.88 285.84 286.59 287.17 287.55 287.67 287.5 287.01 286.25 285.29 284.28 283.4 282.86 282.91 283.81 285.76 288.86 292.91 297.27 300.71 302.59 302.57 300.47 296.44 290.63 283.98 277.42 271.35 265.83 260.69 255.72 250.76 245.81 240.99 236.53 232.54 228.97 225.69 222.53 219.23 215.57 211.6 207.56 203.88 200.87 198.61 196.94 195.45 193.74 191.57 188.97 186.31
281.87 278.59 274.61 270.58 266.91 263.76 261.27 259.52 258.61 258.62 259.61 261.52 263.99 267.13 270.15 271.64 272.95 274.19 275.12 276.03 276.97 277.94 278.94 279.91 280.77 281.38 281.57 281.22 280.3 278.91 277.26 275.64 274.31 273.55 273.53 274.39 276.13 278.59 281.37 283.89 285.49 285.65 284.17 281.2 277.21 272.7 268.1 263.65 259.37 255.2 251.04 246.83 242.58 238.37 234.32 230.47 226.8 223.14 219.24 214.87 209.96 204.76 199.81 195.6 192.54 190.65 189.85 189.57 189.32 188.62 187.46 186.25
277.74 275.24 272.32 268.8 265.5 262.76 260.8 259.74 259.6 260.24 261.73 263.71 264.46 264.97 265.52 265.85 266.24 266.78 267.46 268.29 269.33 270.64 272.25 274.12 276.05 277.71 278.69 278.63 277.39 275.11 272.18 269.1 266.37 264.32 263.15 262.9 263.5 264.74 266.34 267.91 269.04 269.39 268.8 267.3 265.07 262.37 259.41 256.29 253.07 249.73 246.26 242.67 238.99 235.29 231.61 227.94 224.2 220.18 215.62 210.3 204.3 198.64 193.87 189.82 186.79 184.83 183.89 183.83 184.74 185.39 185.45 185.35
273.65 271.34 269.05 266.75 264.39 262.26 260.88 260.37 260.57 260.47 260.25 260.1 259.73 259.39 259.2 259.18 259.32 259.64 260.19 261.09 262.48 264.57 267.48 271.14 275.18 278.88 281.39 281.94 280.18 276.33 271.1 265.46 260.29 256.19 253.4 251.89 251.45 251.82 252.71 253.81 254.86 255.62 255.92 255.68 254.9 253.6 251.85 249.72 247.25 244.51 241.54 238.41 235.16 231.84 228.46 224.97 221.26 217.11 212.23 206.42 200.12 194.77 189.59 185.75 182.88 180.64 180.02 180.19 181.1 182.53 183.39 183.94
269.8 267.54 265.36 263.4 261.68 260.23 259.09 258.22 257.48 256.66 255.79 254.97 254.26 253.68 253.25 252.98 252.87 253.01 253.51 254.64 256.75 260.25 265.39 272.08 279.63 286.77 291.87 293.52 291.02 284.72 275.88 266.21 257.27 250.06 244.96 241.86 240.38 240.09 240.63 241.72 243.11 244.59 245.95 246.96 247.43 247.23 246.3 244.69 242.55 240.01 237.22 234.29 231.28 228.21 225.09 221.85 218.37 214.47 209.87 204.45 198.88 193.44 188.27 185 182.28 179.82 178.6 179.09 179.58 181.01 182.02 182.67
266.19 264 261.85 259.91 258.25 256.85 255.62 254.47 253.34 252.23 251.16 250.17 249.31 248.57 247.94 247.44 247.1 247.05 247.57 249.1 252.29 257.81 266.13 277.1 289.54 300.74 307.74 310.01 306.97 298.93 286.69 271.8 257.73 246.35 238.23 233.16 230.55 229.75 230.27 231.77 234.01 236.72 239.58 242.13 243.94 244.66 244.15 242.52 240.05 237.08 233.92 230.76 227.68 224.68 221.74 218.82 215.85 212.69 209.16 205.07 200.58 195.39 190.2 186.85 184.1 181.68 180.59 181.06 181.25 181.82 182.19 182.4
262.83 260.7 258.58 256.63 254.92 253.41 252.02 250.69 249.38 248.13 246.97 245.95 245.06 244.28 243.56 242.87 242.29 242.04 242.54 244.52 248.94 256.81 268.83 284.65 301.23 312.04 313.96 313.17 311.09 307.22 298.05 280.3 260.76 244.61 233.08 225.85 222.09 220.95 221.78 224.21 227.96 232.69 237.81 242.57 246.11 247.76 247.27 244.89 241.19 236.88 232.52 228.46 224.81 221.56 218.66 216.08 213.83 211.9 210.24 208.4 205.13 200.85 196.13 192.23 189.27 187.03 186.31 186.1 185.78 185.37 184.62 183.99
259.73 257.62 255.5 253.53 251.75 250.12 248.59 247.11 245.7 244.42 243.34 242.47 241.78 241.15 240.46 239.66 238.83 238.29 238.65 240.89 246.29 256.21 271.56 290.81 305.17 308.7 308.12 306.56 304.59 302.03 297.47 285.76 263.84 243.49 228.81 219.63 214.93 213.71 215.26 219.2 225.27 232.98 241.46 249.3 254.67 256.93 256.19 252.8 247.24 240.53 233.95 228.12 223.23 219.25 216.08 213.72 212.25 211.84 212.57 213.52 211.48 208.6 205.57 202.46 199.43 196.65 194.51 192.9 191.8 190.94 189.28 187.79
256.88 254.74 252.59 250.57 248.71 246.95 245.28 243.71 242.3 241.15 240.35 239.89 239.65 239.42 238.97 238.17 237.09 236.15 236.12 238.2 243.91 254.83 271.88 291.29 299.29 300.46 299.58 297.88 295.76 293.15 289.51 282.3 263.37 241.26 224.52 214.06 208.84 207.86 210.5 216.49 225.6 237.17 249.36 259.21 264.11 265.14 264.17 261.38 255.46 247.03 238.48 230.25 223.4 218.09 214.2 211.74 210.87 211.88 214.94 218.56 217.77 216.51 215.31 213.35 210.41 206.63 202.57 199.21 196.85 195.17 193.53 191.72
254.24 252.02 249.81 247.71 245.73 243.85 242.07 240.45 239.14 238.27 237.96 238.15 238.56 238.62 238.25 237.42 236.21 235.03 234.7 236.43 241.64 251.98 267.76 283.09 288.92 290.66 290.3 288.63 286.13 282.7 277.86 270.9 257.2 236.61 219.57 208.76 203.5 203.03 206.94 215.19 227.64 242.79 254.91 260.32 262.76 263.1 261.51 258.16 253.51 248.35 242.54 233.61 225.22 218.22 213.11 210.06 209.3 211.19 215.94 221.5 221.98 222.11 221.28 219.07 216.42 213.16 208.01 202.98 199.25 196.62 194.57 192.45
251.74 249.39 247.09 244.89 242.79 -9999 238.89 237.26 236.1 235.61 235.89 236.79 237.33 236.22 234.66 233.23 232.07 231.45 231.85 234.01 238.45 246.66 258.55 268.71 274.99 278.35 279.16 277.65 274.34 269.19 262.11 253.44 242.47 227.75 213.3 203.46 198.56 198.58 203.58 213.75 228.84 244.86 252.55 256.71 258.26 258 256.26 252.13 246.38 241.1 236.68 232.1 226.4 219.06 212.58 208.46 207.18 209.12 214.52 221.25 222.6 223.38 222.42 220.13 217.57 214.42 209.04 203.17 198.83 196.22 194.72 192.85
-9999 -9999 -9999 -9999 -9999 -9999 -9999 234.02 233 232.84 233.65 234.74 233.83 231.75 229.73 228.04 226.71 226.05 226.19 227.45 230.29 235.33 242.57 250.38 257.37 262.23 264.1 262.67 258.15 251.05 242.14 232.31 222.24 212.28 203.44 196.96 193 193.42 199.12 210.38 225.92 239.06 246.22 250.65 251.55 250.77 248.6 244.12 237.23 230.98 226.72 224.12 222.06 218.38 211.9 206.58 204.24 205.4 210.27 217.07 218.96 219.69 219.4 217.48 214.88 211.38 205.57 199.97 196.17 194.48 193.63 190.61
-9999 -9999 -9999 -9999 -9999 -9999 -9999 -9999 -9999 229.61 -9999 -9999 229.5 227.06 224.97 223.16 221.68 220.88 221 221.84 223.25 225.22 228.1 232.36 237.66 242.47 244.74 243.12 237.81 230.25 222.13 214.4 207.01 199.69 192.88 187.59 184.76 185.76 191.84 202.93 216.97 228.55 236.76 242.24 243.6 242.61 239.58 233.88 226.48 220.37 216.45 214.39 214.3 213.84 209.89 204.02 200.44 200.31 203.75 209.32 211.41 211.51 211.24 210.02 207.39 203.44 198.74 194.64 192.04 191.1 189.82 186.22
-9999 -9999 -9999 -9999 -9999 -9999 -9999 -9999 -9999 -9999 -9999 -9999 -9999 -9999 -9999 218.41 216.93 216.52 217.46 219.08 220.02 219.88 219.02 218.41 219.51 221.95 223.37 221.7 217.23 212.35 208.96 206.23 201.92 195.46 187.69 180.73 176.64 176.48 180.7 189.63 201.91 213.83 223.19 229.72 233.01 232.59 229.03 222.74 216.29 211.82 208.95 207.12 206.94 208.06 206.57 200.54 195.92 194.51 196.33 200.09 201.21 200.49 199.5 198.16 196.13 193.58 191.08 189.14 187.97 187.29 185.42 181.33
-9999 -9999 -9999 -9999 -9999 -9999 -9999 -9999 -9999 -9999 -9999 -9999 -9999 -9999 -9999 -9999 -9999 212.6 214.74 216.81 216.24 214.65 212.58 208.67 205.28 204.34 204.23 202.96 201.05 201.23 203.86 203.54 197.98 190.63 182.38 173.98 168.15 167.4 170.7 177.31 186.85 197.45 206.73 213.55 217.64 218.67 216.61 212.02 207.48 204.67 202.84 201.57 201.73 203.22 202.4 196.29 191.1 188.8 189.3 190.94 190.23 188.84 187.54 186.36 185.29 184.57 184.58 185.27 185.55 184.59 181.38 176.47
-9999 -9999 -9999 -9999 -9999 -9999 -9999 -9999 -9999 -9999 -9999 -9999 -9999 -9999 -9999 -9999 -9999 207.65 209.77 209.65 207.35 204.61 201.95 198.61 193.43 190.47 189.46 188.99 189.86 194.07 197.65 193.81 187.03 179.46 171.46 163.55 157.53 157.35 162.19 168.43 175.71 183.76 191.44 197.78 202.35 204.95 205.35 203.62 200.9 199.17 198.22 197.82 199.01 199.98 198.51 192.05 186.56 183.82 183.15 182.13 180.2 178.28 176.79 175.96 175.87 176.84 179.24 182.16 182.51 180.64 176.96 171.56
-9999 -9999 -9999 -9999 -9999 -9999 -9999 -9999 -9999 -9999 -9999 -9999 -9999 -9999 -9999 -9999 -9999 200.16 200.6 198.52 195.1 191.56 188.18 184.85 181 178.67 178.07 178.53 180.89 186.01 187.37 -9999 -9999 168.22 161.09 154.61 149.53 148.28 155 162.49 168.9 174.98 180.83 186.2 190.88 194.57 196.96 197.91 197.72 197.28 197.15 197.48 198.08 197.92 195.58 188.8 183.07 179.87 177.59 174.81 171.85 169.33 167.67 167.17 167.64 169.5 172.74 175.82 176.7 175.2 171.69 165.91
