raw_data/evaporacion/evapaug.txt
ncols         178
nrows         142
xllcorner     111.875
yllcorner     -44.625
cellsize      0.25
NODATA_value  -9999
[rows 66 to 98 of 142, columns 73 to 145 of 178]
184.38 182.81 180.82 178.48 176.03 173.47 170.83 168.19 165.66 163.57 161.97 160.71 159.72 159.02 158.59 158.46 158.62 159.08 159.9 161.12 162.77 164.87 167.35 170.08 172.84 175.42 177.61 179.27 180.3 180.59 180.04 178.54 176.23 174.08 173.35 172.85 172.27 171.57 170.77 169.92 169.4 170.26 170.96 170.75 169.62 167.76 165.47 163.37 161.35 159.31 157.25 155.18 153.13 151.1 149.07 147.06 145.12 143.31 141.68 140.24 138.9 137.6 136.32 134.85 132.79 130 126.38 122.24 117.92 114.11 112.06 113.17 117.45
182.19 180.77 179 177.04 174.92 172.66 170.29 167.86 165.45 163.19 161.16 159.37 157.89 156.77 156.12 155.93 156.09 156.61 157.53 158.92 160.75 163.02 165.67 168.52 171.36 173.93 176.06 177.63 178.58 178.82 178.23 176.72 174.43 172.39 171.77 171.37 170.88 170.28 169.57 168.81 168.28 169.05 169.69 169.41 168.23 166.33 163.96 161.51 159.27 157.11 154.97 152.85 150.75 148.66 146.59 144.58 142.73 141.18 140.1 139.54 139.39 139.54 139.78 139.29 137.25 134.03 128.91 122.39 115.19 108.29 104.65 106.59 114.19
179.75 178.48 176.97 175.27 173.4 171.38 169.27 167.11 164.95 162.87 160.92 159.18 157.71 156.57 155.81 155.48 155.55 156.03 156.92 158.22 159.91 161.98 164.39 167.1 169.91 172.4 174.41 175.87 176.75 176.99 176.49 175.19 173.12 170.93 170.22 169.93 169.6 169.19 168.72 168.23 168 168.79 169.12 168.54 167.13 165.09 162.63 159.97 157.33 154.94 152.66 150.46 148.31 146.17 144.06 142.06 140.27 138.84 138.02 137.98 138.72 140.1 141.49 140.74 138.48 135.12 129.84 121.38 111.35 102.09 100.17 104.15 112.86
177.04 175.89 174.54 173.01 171.32 169.5 167.58 165.62 163.66 161.77 159.99 158.4 157.04 155.97 155.23 154.85 154.85 155.25 156.03 157.2 158.75 160.67 162.96 165.61 168.45 170.83 172.66 173.97 174.78 175.06 174.75 173.8 172.24 170.37 169.14 168.83 168.8 168.8 168.82 168.9 169.25 169.69 169.4 168.24 166.37 164.01 161.36 158.57 155.73 152.94 150.3 147.94 145.72 143.54 141.42 139.44 137.69 136.3 135.55 135.75 136.92 138.91 140.85 140.2 137.92 134.39 128.76 119.56 108.57 99.12 98.14 102.8 111.77
174.05 172.97 171.71 170.28 168.7 167 165.22 163.4 161.58 159.82 158.17 156.69 155.42 154.42 153.72 153.35 153.33 153.68 154.41 155.51 157 158.87 161.14 163.81 166.75 169.21 170.83 171.95 172.66 172.98 172.88 172.35 171.43 170.28 169.27 168.84 169.25 169.94 170.72 171.51 172.03 171.83 170.66 168.64 166.03 163.11 160.08 157.03 153.98 150.93 147.92 145.2 142.89 140.71 138.59 136.65 134.92 133.54 132.8 133.01 134.23 136.17 138.04 138.2 136.16 132.36 126.12 117.5 107.61 98.62 96.88 101.24 110.24
170.84 169.77 168.54 167.14 165.61 163.97 162.26 160.52 158.79 157.12 155.57 154.18 153 152.07 151.43 151.11 151.13 151.5 152.24 153.36 154.87 156.78 159.1 161.85 164.93 167.61 168.99 169.85 170.43 170.75 170.83 170.68 170.37 170.08 170.01 170.45 171.56 173.08 174.5 175.63 175.95 175.13 172.97 169.83 166.2 162.44 158.79 155.3 151.93 148.58 145.22 142.18 139.8 137.63 135.55 133.61 131.9 130.53 129.77 129.88 130.95 132.61 134.02 134.2 132.39 128.41 122.45 115.26 107.76 101.01 97.71 100.12 107.94
167.5 166.39 165.11 163.69 162.15 160.52 158.83 157.12 155.45 153.85 152.38 151.08 150 149.17 148.64 148.42 148.54 149.02 149.86 151.07 152.68 154.69 157.13 160.01 163.26 166.09 167.19 167.74 168.13 168.39 168.57 168.71 168.93 169.41 170.38 172.03 174.32 176.71 178.17 178.94 179.11 178.4 175.76 171.64 166.78 161.94 157.47 153.39 149.58 145.85 142.15 138.94 136.5 134.31 132.25 130.35 128.67 127.3 126.44 126.37 127.25 128.66 129.69 129.53 127.65 123.9 118.57 112.51 106.87 102.49 100.12 100.75 104.42
164.14 162.93 161.57 160.07 158.48 156.81 155.11 153.41 151.78 150.24 148.86 147.68 146.73 146.06 145.69 145.64 145.94 146.59 147.61 149.01 150.8 152.99 155.59 158.65 162.02 164.69 165.41 165.64 165.8 165.95 166.13 166.45 167.06 168.18 170.07 172.87 176.29 178.78 179.58 179.68 179.33 178.49 176.73 173.09 167.36 161.4 156.02 151.29 146.99 142.87 138.86 135.6 133.1 130.85 128.78 126.89 125.23 123.85 122.86 122.55 123.11 123.96 124.36 123.86 122.11 118.91 114.36 109.01 104.18 100.91 99.08 98.41 98.85
160.9 159.54 158.04 156.44 154.76 153.03 151.31 149.63 148.04 146.59 145.33 144.31 143.55 143.09 142.95 143.15 143.71 144.63 145.92 147.58 149.62 152.05 154.88 158.12 161.47 163.35 163.59 163.51 163.44 163.43 163.55 163.94 164.78 166.34 168.91 172.64 176.8 178.46 178.61 178.28 177.59 176.56 175.09 172.54 167.12 160.39 154.24 148.94 144.24 139.8 135.56 132.29 129.72 127.45 125.4 123.49 121.77 120.34 119.22 118.64 118.83 119.07 118.88 118.04 116.37 113.7 110.01 105.4 100.61 97.43 95.45 93.85 92.96
157.88 156.34 154.69 152.96 151.18 149.4 147.67 146.02 144.51 143.2 142.11 141.3 140.8 140.63 140.8 141.34 142.25 143.53 145.17 147.17 149.54 152.26 155.34 158.66 161.36 161.83 161.57 161.25 160.97 160.8 160.82 161.17 162.08 163.83 166.75 170.98 175.48 176.4 176.19 175.67 174.86 173.75 172.31 170.12 165.47 158.46 151.88 146.28 141.38 136.79 132.44 129.08 126.47 124.21 122.15 120.24 118.47 116.98 115.75 115.07 115.06 114.9 114.32 113.27 111.67 109.41 106.37 102.47 97.89 93.9 91.55 89.56 88.57
155.19 153.45 151.63 149.78 147.92 146.11 144.39 142.82 141.45 140.33 139.48 138.97 138.79 138.99 139.57 140.53 141.88 143.6 145.68 148.11 150.87 153.87 156.8 159.29 159.87 159.58 159.14 158.68 158.26 157.96 157.85 158.1 158.92 160.61 163.48 167.67 172.17 173.26 173.02 172.44 171.62 170.52 169.1 166.94 162.27 155.31 148.8 143.27 138.43 133.94 129.64 126.06 123.38 121.09 119.03 117.12 115.37 113.86 112.63 112.11 111.87 111.39 110.56 109.41 107.9 105.97 103.44 100.17 96.03 91.57 88.7 86.72 85.58
152.9 150.96 148.99 147.02 145.11 143.31 141.67 140.24 139.07 138.2 137.68 137.53 137.78 138.43 139.5 140.97 142.85 145.1 147.67 150.39 153.13 155.72 156.86 157.23 157.03 156.64 156.17 155.66 155.17 154.77 154.54 154.64 155.25 156.66 159.13 162.77 166.96 169.2 169.35 168.83 168.04 166.98 165.55 162.99 157.56 151 145.04 139.93 135.44 131.25 127.19 123.41 120.53 118.17 116.08 114.21 112.51 111.06 110.03 109.53 108.99 108.19 107.16 105.96 104.59 102.97 100.94 98.32 94.92 90.87 87.27 85.37 84.27
151.06 148.94 146.83 144.79 142.87 141.13 139.63 138.4 137.51 136.99 136.87 137.18 137.92 139.12 140.76 142.81 145.12 147.54 150.07 152 152.92 153.52 153.72 153.66 153.45 153.13 152.69 152.19 151.66 151.17 150.82 150.72 151.06 152.04 153.88 156.66 160.16 163.36 164.63 164.53 163.88 162.77 160.92 157.04 151.52 145.89 140.83 136.4 132.42 128.69 125.05 121.5 118.3 115.67 113.54 111.68 110.04 108.82 107.93 107.09 106.09 104.94 103.7 102.47 101.27 100.01 98.53 96.63 94.15 91.05 87.72 85.3 84.51
149.66 147.4 145.19 143.13 141.26 139.65 138.35 137.41 136.87 136.77 137.14 137.99 139.31 141 142.88 145.01 146.77 147.64 148.35 148.91 149.23 149.46 149.62 149.68 149.61 149.4 149.04 148.53 147.93 147.3 146.75 146.4 146.39 146.89 148.03 149.86 152.27 154.85 156.84 157.82 157.59 156.03 153.23 149.33 144.88 140.51 136.47 132.81 129.42 126.18 123 119.89 116.93 114.28 112.02 110.13 108.54 107.18 105.88 104.47 102.93 101.33 99.83 98.58 97.59 96.79 95.94 94.84 93.3 91.31 88.99 86.79 85.5
148.47 146.3 144.07 142.04 140.28 138.87 137.85 137.28 137.18 137.59 138.47 139.61 141.09 142.47 142.98 143.39 143.78 144.02 144.27 144.57 144.9 145.26 145.63 145.95 146.16 146.16 145.89 145.32 144.52 143.58 142.65 141.89 141.44 141.4 141.87 142.85 144.24 145.81 147.18 147.95 147.79 146.58 144.43 141.61 138.48 135.3 132.23 129.3 126.47 123.68 120.92 118.2 115.57 113.13 110.93 108.98 107.19 105.45 103.61 101.6 99.48 97.43 95.66 94.38 93.61 93.27 93.08 92.79 92.17 91.16 89.87 88.52 87.45
146.87 145.31 143.35 141.48 139.92 138.78 138.12 137.95 138.18 138.85 139.74 139.88 139.86 139.86 139.73 139.65 139.67 139.78 140 140.35 140.86 141.55 142.39 143.28 144.04 144.45 144.34 143.63 142.39 140.81 139.16 137.67 136.54 135.87 135.7 135.97 136.6 137.41 138.16 138.6 138.52 137.83 136.55 134.81 132.77 130.57 128.28 125.96 123.59 121.19 118.76 116.34 113.97 111.72 109.6 107.59 105.61 103.54 101.26 98.74 96.3 94.16 92.35 91.07 90.37 90.16 90.26 90.62 90.76 90.53 90.02 89.39 88.82
144.84 143.64 142.41 141.07 139.84 139 138.64 138.63 138.39 138.04 137.69 137.2 136.72 136.31 136.01 135.8 135.71 135.77 136.02 136.55 137.47 138.83 140.59 142.56 144.37 145.58 145.8 144.83 142.8 140.06 137.1 134.37 132.18 130.65 129.78 129.46 129.56 129.91 130.35 130.71 130.86 130.69 130.17 129.29 128.08 126.6 124.87 122.97 120.91 118.76 116.56 114.34 112.16 110.04 107.99 105.98 103.93 101.72 99.23 96.53 94.03 91.55 89.8 88.61 87.78 87.84 88.25 88.79 89.37 89.63 89.6 89.42 89.25
142.8 141.66 140.61 139.64 138.8 138.08 137.47 136.9 136.23 135.51 134.79 134.13 133.53 133.02 132.59 132.27 132.07 132.1 132.46 133.36 134.99 137.49 140.8 144.56 148.13 150.67 151.45 150.11 146.84 142.26 137.25 132.59 128.81 126.09 124.38 123.49 123.21 123.35 123.76 124.31 124.89 125.36 125.59 125.46 124.9 123.88 122.44 120.67 118.69 116.59 114.44 112.31 110.23 108.21 106.26 104.34 102.42 100.38 98.1 95.63 92.97 90.45 88.99 87.87 86.94 86.69 87.35 87.85 88.45 88.82 88.96 89 89.07
140.88 139.74 138.68 137.74 136.9 136.12 135.34 134.53 133.71 132.9 132.12 131.41 130.77 130.18 129.64 129.19 128.89 128.89 129.44 130.86 133.51 137.62 143.11 149.36 155 158.5 159.59 157.99 153.83 147.53 139.86 132.58 126.66 122.39 119.66 118.18 117.63 117.77 118.44 119.51 120.84 122.23 123.41 124.09 124.07 123.27 121.75 119.72 117.41 115.01 112.67 110.43 108.33 106.36 104.54 102.86 101.31 99.83 98.25 96.19 93.62 91.07 89.55 88.4 87.49 87.3 87.92 88.26 88.43 88.47 88.47 88.51 88.67
139.07 137.94 136.86 135.87 134.96 134.07 133.19 132.3 131.43 130.61 129.88 129.22 128.62 128.02 127.41 126.81 126.35 126.28 126.99 128.98 132.79 138.76 146.7 155.06 160.49 161.39 160.93 159.82 157.8 153.09 143.97 133.91 125.55 119.52 115.67 113.6 112.9 113.25 114.51 116.53 119.12 121.92 124.46 126.21 126.74 125.9 123.85 120.99 117.77 114.56 111.59 108.95 106.63 104.63 102.94 101.61 100.69 100.18 99.75 98.25 96.11 93.81 92 90.72 89.87 89.81 89.97 89.87 89.43 88.81 88.39 88.23 88.33
137.39 136.24 135.14 134.09 133.1 132.13 131.17 130.25 129.43 128.74 128.21 127.78 127.36 126.85 126.19 125.41 124.7 124.42 125.12 127.5 132.26 139.88 149.55 156.79 158.51 158.14 157.29 156.25 154.93 152.62 146.64 135.39 124.87 117.22 112.35 109.79 109.07 109.88 112.09 115.56 120.02 124.93 129.41 132.29 133.17 132.1 129.35 125.23 120.43 115.76 111.63 108.18 105.37 103.15 101.52 100.58 100.43 101.16 102.18 101.27 99.86 98.47 97.08 95.74 94.51 93.57 92.77 91.98 91.03 89.73 88.78 88.24 88.06
135.82 134.64 133.48 132.38 131.31 130.26 129.28 128.42 127.76 127.37 127.23 127.24 127.22 126.94 126.29 125.27 124.15 123.41 123.78 126.12 131.26 139.68 149.43 153.47 154.02 153.56 152.69 151.6 150.29 148.53 144.97 135.33 123.92 115.17 109.58 106.71 106.12 107.59 111.05 116.42 123.3 130.57 136.32 138.89 138.94 137.66 135.17 130.71 124.71 118.73 113.06 108.37 104.72 102.04 100.31 99.63 100.21 102.15 104.55 104.27 103.76 103.36 102.58 101.24 99.36 97.18 95.16 93.39 91.75 90.22 88.98 88.02 87.32
134.34 133.1 131.88 130.7 129.55 128.46 127.5 126.77 126.41 126.47 126.93 127.56 127.86 127.72 127.01 125.75 124.22 122.98 122.82 124.6 129.26 136.97 144.72 147.77 148.74 148.63 147.87 146.68 145.08 142.86 139.63 132.89 122.31 113.31 107.4 104.37 103.96 106.1 110.89 118.31 127.44 134.65 137.63 138.66 138.26 136.52 133.57 129.76 125.67 121.26 115.09 109.42 104.75 101.34 99.24 98.58 99.59 102.38 105.76 106.16 106.42 106.19 105.2 103.96 102.28 99.32 96.12 93.38 91.15 89.48 88.26 87.2 86.14
132.91 131.6 130.3 129.04 -9999 126.69 125.77 125.23 125.22 125.84 126.97 127.85 127.41 126.45 125.28 123.92 122.5 121.41 121.17 122.24 125.61 131.33 136.6 140.11 142.12 142.8 142.3 140.92 138.68 135.56 131.7 126.61 119.24 111.52 105.93 102.79 102.37 104.93 110.73 119.68 129.28 133.68 135.9 136.33 135.51 133.66 130.16 125.54 121.28 117.66 114.07 109.98 105.11 100.91 98.2 97.21 98.18 101.26 105.2 106.06 106.67 106.31 105.22 103.94 102.21 98.95 95.11 91.94 89.77 88.51 87.6 86.57 85.22
-9999 -9999 -9999 -9999 -9999 -9999 124.01 123.63 123.95 125.07 126.48 126.41 125.43 124.17 122.74 121.2 119.47 117.89 116.91 116.99 118.66 122.04 126.24 130.34 133.46 135.06 134.96 133.32 130.41 126.6 122.26 117.61 112.69 108.01 104.24 101.31 100.75 103.38 109.51 118.45 126.04 130.05 132.4 132.36 131.17 129.04 125.31 119.94 115.03 111.49 109.12 107.23 104.52 100.36 96.97 95.37 95.83 98.5 102.36 103.48 104.02 104.02 103.06 101.67 99.61 95.99 92.27 89.46 87.9 87.15 85.9 84.65 83.43
-9999 -9999 -9999 -9999 -9999 -9999 -9999 -9999 122.3 -9999 -9999 124.19 122.96 121.44 119.79 118.07 116.22 114.26 112.76 111.97 112.07 113.33 115.87 119.36 122.86 125.17 125.53 123.95 121.15 117.99 114.81 111.37 107.42 103.3 99.77 97.48 97.34 100.09 105.75 113.35 119.67 124.2 127.17 127.41 126.08 123.36 118.84 113.16 108.38 105.1 103.1 102.46 101.7 99.03 95.35 93.01 92.65 94.37 97.36 98.5 98.62 98.57 97.96 96.47 94.09 91.11 88.37 86.44 85.52 84.8 83.4 81.96 80.54
-9999 -9999 -9999 -9999 -9999 -9999 -9999 -9999 -9999 -9999 -9999 -9999 -9999 -9999 116.69 114.76 112.83 110.96 109.55 108.44 107.56 107.12 107.52 109.21 111.89 114.3 115.19 114.5 113.5 113.25 112.97 111.01 107 101.64 96.5 93.02 91.97 93.5 97.75 104.04 110.34 115.39 118.92 120.45 119.51 116.46 111.57 106.59 102.95 100.43 98.63 97.96 98.2 96.95 93.19 90.21 88.99 89.58 91.29 91.77 91.36 90.85 90.13 88.97 87.43 85.85 84.58 83.78 83.32 82.48 80.85 79.06 77.18
-9999 -9999 -9999 -9999 -9999 -9999 -9999 -9999 -9999 -9999 -9999 -9999 -9999 -9999 -9999 -9999 109.24 107.77 106.59 105.06 103.66 102.57 101.49 101.29 102.58 104.56 106.03 107.03 109.19 112.7 113.52 110.08 105.12 99.39 93.26 88.3 86.48 87.19 89.87 94.31 99.57 104.35 107.91 109.89 109.93 107.95 104.31 100.71 98.28 96.52 95.16 94.76 95.26 94.4 90.58 87.18 85.28 84.85 85.16 84.56 83.75 83.03 82.39 81.81 81.42 81.46 81.94 82.28 82.01 80.66 78.57 76.1 73.58
-9999 -9999 -9999 -9999 -9999 -9999 -9999 -9999 -9999 -9999 -9999 -9999 -9999 -9999 -9999 -9999 105.2 103.93 102.32 100.43 98.73 97.36 96.2 95.13 95.47 97.04 98.97 101.56 106.12 109.75 107.48 102.87 97.65 92.11 86.55 81.93 80.37 81.65 83.86 86.76 90.28 93.88 96.95 99.13 100.18 99.88 98.24 95.98 94.39 93.33 92.63 92.98 93.2 91.96 87.93 84.27 81.92 80.63 79.51 78.25 77.11 76.26 75.78 75.74 76.37 77.92 79.9 80.58 80.1 78.71 76.45 73.2 69.99
-9999 -9999 -9999 -9999 -9999 -9999 -9999 -9999 -9999 -9999 -9999 -9999 -9999 -9999 -9999 -9999 100.56 99 97.04 94.98 93.13 91.54 90.28 89.45 89.78 91.24 93.34 96.45 101.17 102.77 -9999 -9999 89.69 84.76 80.21 76.43 74.6 76.88 79.63 81.91 84.16 86.5 88.8 90.88 92.53 93.51 93.67 93.17 92.54 92.13 92.03 92.1 91.68 89.95 85.76 81.9 79.18 77.08 75.15 73.34 71.86 70.86 70.47 70.64 71.74 73.9 76.22 77.4 77.3 76.14 73.79 69.9 66.31
-9999 -9999 -9999 -9999 -9999 -9999 -9999 -9999 -9999 -9999 -9999 -9999 -9999 -9999 -9999 -9999 -9999 -9999 91.08 89.02 87.18 85.57 84.34 83.98 84.83 86.42 88.39 90.89 94.21 -9999 -9999 87.31 83.07 79.14 75.74 73.08 71.78 73.64 76.61 78.73 80.31 81.87 83.67 85.75 87.9 89.77 91.08 91.74 91.92 91.83 91.61 91.19 90.31 88.38 84.52 80.47 77.23 74.43 72.02 69.86 68.67 68.04 67.73 67.73 68.33 69.83 71.9 73.53 73.91 72.86 70.14 65.78 62.4
-9999 -9999 -9999 -9999 -9999 -9999 -9999 -9999 -9999 -9999 -9999 -9999 -9999 -9999 -9999 -9999 -9999 -9999 -9999 83.41 81.75 80.32 79.28 79.28 80.58 82.3 84.05 85.69 87.39 -9999 -9999 81.76 78.53 75.68 73.32 71.58 70.82 71.83 74.24 76.16 77.47 78.7 80.33 82.55 85.3 88.31 90.82 92.34 92.9 92.5 91.49 90.33 89 87.05 83.88 79.8 75.87 72.71 70.11 67.97 67.1 66.72 66.51 66.38 66.43 66.91 68.02 69.32 69.78 68.58 65.34 61.2 58.95
-9999 -9999 -9999 -9999 -9999 -9999 -9999 -9999 -9999 -9999 -9999 -9999 -9999 -9999 -9999 -9999 -9999 -9999 -9999 -9999 77.48 76.32 75.54 75.69 77.06 78.86 80.55 -9999 -9999 -9999 81.3 78.99 76.71 74.63 72.83 71.39 70.68 71.33 73.23 75.15 76.44 77.38 78.57 80.41 83.04 86.41 90.04 93.1 94.84 94.53 92.61 90.36 88.1 85.76 82.78 78.95 74.99 71.79 69.32 67.45 66.84 66.8 66.82 66.65 66.24 65.76 65.52 65.54 65.18 63.62 60.74 57.82 56.75
