raw_data/evaporacion/evapjul.txt
ncols         178
nrows         142
xllcorner     111.875
yllcorner     -44.625
cellsize      0.25
NODATA_value  -9999
[rows 66 to 98 of 142, columns 0 to 74 of 178]
-9999 -9999 -9999 -9999 108.15 -9999 108.85 -9999 -9999 110.61 111.41 112.32 113.3 114.36 115.47 116.62 117.79 118.98 120.17 121.41 122.73 124.17 125.73 127.36 128.86 130.1 131.03 131.61 131.87 131.88 131.74 131.67 131.76 132.02 132.42 132.9 133.38 133.81 134.17 134.43 134.56 134.56 134.48 134.31 134.15 134.01 133.88 133.75 133.62 133.5 133.38 133.26 133.12 132.97 132.84 132.77 132.78 132.88 133.05 133.29 133.59 133.92 134.26 134.58 134.84 135.05 135.19 135.24 135.17 134.95 134.57 133.98 133.14 131.99 130.49
-9999 -9999 -9999 -9999 -9999 -9999 -9999 -9999 -9999 108.44 109.17 109.99 110.89 111.85 112.86 113.9 114.97 116.06 117.2 118.42 119.79 121.36 123.13 124.92 126.25 127.09 127.77 128.39 128.89 129.06 128.67 128.2 127.93 127.89 128.03 128.26 128.51 128.71 128.85 128.91 128.91 128.86 128.8 128.74 128.7 128.71 128.76 128.83 128.94 129.05 129.17 129.28 129.37 129.46 129.55 129.66 129.82 130.04 130.3 130.63 130.99 131.38 131.78 132.17 132.51 132.8 133 133.12 133.12 132.98 132.68 132.18 131.43 130.39 129.03
-9999 -9999 -9999 -9999 -9999 104.56 -9999 -9999 -9999 106.38 107.03 107.75 108.54 109.37 110.24 111.14 112.06 113.02 114.05 115.21 116.58 118.25 120.14 121.77 122.64 123.26 123.84 124.42 124.97 125.38 125.18 124.45 123.87 123.59 123.52 123.57 123.66 123.72 123.72 123.68 123.6 123.53 123.49 123.5 123.57 123.71 123.92 124.2 124.53 124.89 125.26 125.63 125.98 126.3 126.6 126.88 127.18 127.49 127.84 128.21 128.62 129.05 129.48 129.9 130.28 130.6 130.86 131.02 131.07 130.99 130.76 130.32 129.65 128.72 127.64
-9999 -9999 -9999 -9999 -9999 -9999 103.14 -9999 103.96 104.46 105.02 105.62 106.25 106.92 107.6 108.31 109.04 109.82 110.7 111.75 113.06 114.72 116.59 117.92 118.59 119.13 119.66 120.19 120.7 121.16 121.2 120.35 119.59 119.16 118.97 118.92 118.92 118.9 118.85 118.78 118.7 118.65 118.66 118.73 118.89 119.14 119.5 119.95 120.49 121.09 121.72 122.34 122.93 123.48 123.98 124.44 124.86 125.27 125.68 126.1 126.53 126.97 127.4 127.83 128.22 128.56 128.83 129.01 129.09 129.04 128.83 128.44 127.84 127.11 126.26
-9999 -9999 -9999 -9999 -9999 -9999 -9999 101.87 102.26 102.7 103.15 103.6 104.06 104.51 104.96 105.43 105.93 106.49 107.18 108.06 109.23 110.76 112.52 113.77 114.37 114.86 115.35 115.84 116.33 116.76 116.76 115.89 115.11 114.65 114.44 114.36 114.34 114.32 114.28 114.23 114.2 114.19 114.24 114.36 114.58 114.9 115.37 115.98 116.72 117.56 118.45 119.35 120.19 120.98 121.68 122.31 122.87 123.38 123.86 124.31 124.76 125.19 125.62 126.02 126.4 126.72 126.98 127.16 127.23 127.18 126.98 126.61 126.12 125.5 124.72
-9999 -9999 -9999 -9999 -9999 -9999 -9999 -9999 100.76 101.15 101.51 101.81 102.05 102.23 102.39 102.56 102.78 103.09 103.54 104.2 105.15 106.44 108.02 109.4 110.07 110.53 110.99 111.46 111.93 112.24 111.94 111.16 110.51 110.15 110 109.98 110.01 110.03 110.05 110.06 110.08 110.12 110.19 110.32 110.53 110.87 111.41 112.16 113.11 114.22 115.4 116.59 117.72 118.75 119.67 120.48 121.19 121.82 122.37 122.88 123.34 123.77 124.17 124.55 124.88 125.17 125.39 125.53 125.57 125.48 125.26 124.91 124.42 123.79 123
-9999 -9999 -9999 -9999 -9999 -9999 -9999 -9999 99.55 99.96 100.27 100.42 100.41 100.26 100.04 99.83 99.7 99.7 99.88 100.29 100.97 101.95 103.23 104.59 105.56 106.14 106.62 107.06 107.41 107.42 106.9 106.32 105.93 105.76 105.75 105.83 105.95 106.06 106.17 106.26 106.34 106.41 106.47 106.54 106.7 107.07 107.69 108.56 109.69 111.03 112.53 114.06 115.49 116.79 117.94 118.94 119.81 120.56 121.21 121.78 122.27 122.71 123.1 123.43 123.72 123.95 124.11 124.19 124.16 124 123.7 123.27 122.71 122 121.14
-9999 -9999 -9999 -9999 -9999 -9999 -9999 -9999 -9999 99.29 99.64 99.68 99.37 98.8 98.09 97.39 96.81 96.45 96.32 96.45 96.85 97.52 98.43 99.49 100.52 101.37 101.97 102.29 102.34 102.17 101.86 101.61 101.51 101.57 101.73 101.95 102.19 102.43 102.64 102.83 102.97 103.05 103.07 103.08 103.27 103.88 104.76 105.79 106.91 108.2 109.9 111.76 113.52 115.09 116.46 117.66 118.69 119.57 120.33 120.98 121.52 121.98 122.36 122.66 122.9 123.07 123.16 123.16 123.03 122.71 122.26 121.7 121.01 120.18 119.21
-9999 -9999 -9999 -9999 -9999 -9999 -9999 -9999 -9999 99.26 99.72 99.65 99.09 98.02 96.68 95.35 94.22 93.41 92.95 92.8 92.94 93.33 93.92 94.64 95.4 96.1 96.62 96.95 97.08 97.11 97.12 97.2 97.38 97.65 97.99 98.37 98.76 99.13 99.47 99.76 99.97 100.08 100.07 100.09 100.62 101.53 102.59 103.74 104.94 106.22 107.75 109.79 111.84 113.66 115.25 116.62 117.79 118.81 119.67 120.4 121.01 121.49 121.88 122.16 122.36 122.47 122.49 122.4 122.12 121.62 120.99 120.25 119.39 118.41 117.3
-9999 -9999 -9999 -9999 -9999 -9999 -9999 -9999 -9999 99.35 99.67 99.44 98.9 97.55 95.72 93.7 91.94 90.64 89.82 89.41 89.34 89.52 89.88 90.34 90.84 91.33 91.75 92.08 92.35 92.59 92.86 93.18 93.58 94.05 94.56 95.1 95.63 96.15 96.63 97.04 97.34 97.51 97.53 97.68 98.52 99.61 100.79 102.04 103.35 104.72 106.23 108.28 110.51 112.53 114.28 115.79 117.09 118.21 119.17 119.97 120.63 121.15 121.54 121.81 121.97 122.03 121.99 121.82 121.44 120.77 119.93 118.98 117.92 116.76 115.48
-9999 -9999 -9999 -9999 -9999 -9999 -9999 -9999 -9999 -9999 97.45 97.05 96.59 95.91 94.59 92.21 89.85 88.07 86.93 86.31 86.09 86.13 86.32 86.61 86.95 87.3 87.63 87.95 88.29 88.66 89.08 89.58 90.15 90.78 91.44 92.13 92.82 93.48 94.11 94.66 95.09 95.37 95.5 95.77 96.74 97.95 99.23 100.59 102.01 103.48 105.09 107.22 109.56 111.7 113.56 115.16 116.55 117.74 118.75 119.6 120.29 120.83 121.22 121.47 121.6 121.62 121.51 121.28 120.88 120.14 119.11 117.94 116.66 115.29 113.84
-9999 -9999 -9999 -9999 -9999 -9999 -9999 -9999 -9999 -9999 -9999 94.17 93.7 93.18 92.34 90.39 87.73 85.59 84.22 83.46 83.13 83.07 83.12 83.29 83.57 83.88 84.16 84.46 84.81 85.24 85.77 86.38 87.07 87.82 88.63 89.46 90.3 91.13 91.91 92.61 93.2 93.64 93.94 94.28 95.22 96.5 97.89 99.35 100.88 102.47 104.26 106.59 108.98 111.15 113.05 114.69 116.12 117.34 118.39 119.25 119.94 120.46 120.83 121.06 121.14 121.1 120.93 120.64 120.21 119.57 118.5 117.14 115.64 114.07 112.45
-9999 -9999 -9999 -9999 -9999 -9999 -9999 -9999 -9999 -9999 -9999 91.32 90.81 90.28 89.56 88.06 85.34 83.07 81.61 80.79 80.33 80.13 80.11 80.24 80.49 80.82 81.17 81.46 81.81 82.26 82.84 83.53 84.32 85.2 86.15 87.14 88.14 89.13 90.06 90.92 91.66 92.29 92.8 93.29 94.04 95.28 96.72 98.28 99.95 101.76 103.91 106.34 108.69 110.82 112.71 114.36 115.79 117.01 118.03 118.87 119.52 120 120.32 120.48 120.51 120.41 120.18 119.83 119.35 118.72 117.84 116.52 114.88 113.12 111.33
-9999 -9999 -9999 -9999 -9999 -9999 -9999 -9999 -9999 -9999 -9999 -9999 88.01 87.45 86.67 85.17 82.59 80.46 79.09 78.2 77.67 77.44 77.43 77.54 77.76 78.09 78.48 78.83 79.17 79.63 80.24 81 81.9 82.92 84.05 85.23 86.44 87.6 88.69 89.67 90.54 91.3 92 92.69 93.5 94.55 95.89 97.53 99.46 101.62 103.96 106.34 108.61 110.69 112.55 114.17 115.57 116.74 117.7 118.46 119.02 119.4 119.62 119.69 119.64 119.48 119.2 118.81 118.28 117.61 116.8 115.75 114.26 112.43 110.52
-9999 -9999 -9999 -9999 -9999 -9999 -9999 -9999 -9999 -9999 -9999 -9999 85.3 84.67 83.67 81.86 79.61 77.85 76.68 75.81 75.31 75.09 75.08 75.18 75.38 75.68 76.09 76.47 76.82 77.29 77.95 78.8 79.84 81.07 82.44 83.91 85.38 86.77 88.01 89.06 89.95 90.73 91.48 92.29 93.25 94.41 95.86 97.59 99.6 101.82 104.14 106.47 108.71 110.77 112.61 114.2 115.53 116.6 117.42 118.02 118.41 118.62 118.67 118.6 118.45 118.22 117.91 117.51 116.99 116.33 115.51 114.55 113.38 111.85 109.99
-9999 -9999 -9999 -9999 -9999 -9999 -9999 -9999 -9999 -9999 -9999 -9999 -9999 81.62 80.23 78.38 76.69 75.43 74.46 73.73 73.3 73.09 73.05 73.13 73.31 73.61 74 74.38 74.73 75.22 75.95 76.93 78.18 79.7 81.46 83.34 85.21 86.89 88.27 89.31 90.06 90.67 91.27 92.01 92.98 94.24 95.79 97.62 99.69 101.95 104.33 106.71 109.02 111.15 113.03 114.59 115.81 116.7 117.29 117.61 117.71 117.62 117.41 117.12 116.82 116.52 116.22 115.88 115.44 114.85 114.08 113.15 112.09 110.9 109.5
-9999 -9999 -9999 -9999 -9999 -9999 -9999 -9999 -9999 -9999 -9999 -9999 78.52 77.56 76.37 75.17 74.17 73.34 72.57 72.02 71.67 71.45 71.37 71.41 71.57 71.85 72.21 72.57 72.9 73.43 74.23 75.38 76.92 78.87 81.16 83.62 86.01 88 89.49 90.49 90.98 91.18 91.39 91.84 92.65 93.85 95.44 97.36 99.55 101.97 104.53 107.14 109.68 112.01 114 115.55 116.62 117.22 117.43 117.31 116.94 116.41 115.79 115.18 114.67 114.3 114.06 113.86 113.6 113.18 112.53 111.68 110.66 109.56 108.45
-9999 -9999 -9999 -9999 -9999 -9999 -9999 -9999 -9999 -9999 -9999 -9999 74.11 73.65 73.14 72.64 72.08 71.47 70.98 70.6 70.32 70.12 70.01 70.01 70.13 70.36 70.69 71.05 71.39 71.92 72.8 74.14 76.03 78.49 81.42 84.48 87.16 89.09 90.54 91.73 92.21 92.11 91.77 91.72 92.21 93.26 94.83 96.84 99.22 101.9 104.8 107.82 110.78 113.48 115.67 117.22 118.08 118.27 117.93 117.18 116.18 115.04 113.97 113.06 112.38 111.93 111.69 111.57 111.51 111.33 110.89 110.17 109.23 108.17 107.11
-9999 -9999 -9999 -9999 -9999 -9999 -9999 -9999 -9999 -9999 -9999 -9999 -9999 70.85 70.86 70.58 70.19 69.85 69.58 69.35 69.13 68.94 68.81 68.78 68.86 69.04 69.33 69.72 70.14 70.69 71.62 73.12 75.34 78.32 81.79 84.73 86.54 87.99 89.37 90.74 91.96 92.64 92.06 91.5 91.59 92.44 93.98 96.1 98.71 101.76 105.15 108.73 112.2 115.17 117.49 119 119.73 119.59 118.7 117.27 115.53 113.82 112.63 111.85 111.27 110.72 110.13 109.55 109.39 109.44 109.23 108.67 107.83 106.83 105.79
-9999 -9999 -9999 -9999 -9999 -9999 -9999 -9999 -9999 -9999 -9999 -9999 -9999 69.07 68.99 68.76 68.56 68.42 68.28 68.11 67.95 67.77 67.63 67.6 67.66 67.8 68.03 68.39 68.91 69.62 70.6 72.18 74.61 77.93 81.52 83.57 84.99 86.31 87.65 89.06 90.5 91.7 91.69 90.86 90.65 91.34 92.87 95.12 98.01 101.47 105.41 109.55 113.1 115.49 117.37 118.81 119.72 119.88 119.08 117.33 115.12 113.19 111.9 111.08 110.48 109.86 109.14 108.33 107.64 107.71 107.68 107.26 106.51 105.55 104.53
-9999 -9999 -9999 -9999 -9999 -9999 -9999 -9999 -9999 -9999 -9999 -9999 -9999 67.41 67.33 67.26 67.22 67.13 66.97 66.8 66.66 66.55 66.5 66.54 66.62 66.71 66.84 67.09 67.56 68.34 69.51 71.13 73.58 76.89 80.09 81.86 83.22 84.49 85.79 87.17 88.61 89.94 90.37 89.51 89.19 89.87 91.46 93.87 97.03 100.87 105.29 109.69 112.58 114.73 116.56 118.06 119.09 119.42 118.76 117.05 114.77 112.72 111.31 110.41 109.75 109.08 108.3 107.39 106.52 106.37 106.37 106.01 105.29 104.35 103.34
-9999 -9999 -9999 -9999 -9999 -9999 -9999 -9999 -9999 -9999 -9999 -9999 -9999 -9999 66.13 66.32 66.35 66.14 65.82 65.55 65.37 65.32 65.44 65.59 65.61 65.62 65.71 65.89 66.23 66.91 68.09 69.8 72.08 75.12 78.11 79.87 81.2 82.41 83.64 84.94 86.29 87.55 87.92 87.23 87.12 87.96 89.71 92.3 95.66 99.76 104.43 108.74 111.46 113.65 115.55 117.14 118.28 118.75 118.24 116.66 114.4 112.27 110.74 109.76 109.03 108.31 107.48 106.53 105.62 105.43 105.37 104.96 104.2 103.24 102.2
-9999 -9999 -9999 -9999 -9999 -9999 -9999 -9999 -9999 -9999 -9999 -9999 -9999 -9999 65.49 65.98 65.94 65.57 65.04 64.53 64.15 64.07 64.26 64.34 64.33 64.37 64.48 64.67 64.97 65.52 66.55 68.15 70.07 72.63 75.45 77.22 78.46 79.58 80.69 81.83 83.03 84.1 84.21 84 84.41 85.63 87.63 90.38 93.85 98.04 102.78 107.23 110.09 112.4 114.41 116.09 117.35 117.95 117.62 116.21 114.01 111.83 110.2 109.12 108.32 107.55 106.69 105.75 105.01 104.9 104.67 104.09 103.22 102.19 101.11
-9999 -9999 -9999 -9999 -9999 -9999 -9999 -9999 -9999 -9999 -9999 -9999 -9999 -9999 -9999 64.69 64.75 64.64 64.31 63.7 62.87 62.53 62.64 62.73 62.82 62.96 63.15 63.4 63.72 64.18 65.03 66.32 67.74 69.51 71.57 73.25 74.26 75.1 75.96 76.88 77.87 78.76 79.22 79.9 81.12 82.91 85.25 88.15 91.64 95.74 100.37 105.03 108.42 110.97 113.12 114.92 116.29 117.03 116.83 115.56 113.52 111.4 109.75 108.6 107.72 106.92 106.09 105.32 104.97 104.68 104.14 103.33 102.31 101.19 100.05
-9999 -9999 -9999 -9999 -9999 -9999 -9999 -9999 -9999 -9999 -9999 -9999 -9999 -9999 -9999 62.79 62.87 62.88 62.74 62.26 61.21 60.46 60.32 60.52 60.84 61.19 61.57 61.95 62.34 62.82 63.57 64.54 65.4 66.27 67.13 67.8 68.18 68.51 68.95 69.56 70.38 71.51 73.13 75.11 77.37 79.88 82.65 85.71 89.16 93.05 97.35 101.87 106.02 109.08 111.48 113.44 114.89 115.67 115.39 114.21 112.68 111.12 109.73 108.56 107.62 106.88 106.26 105.71 -9999 -9999 -9999 -9999 -9999 -9999 -9999
-9999 -9999 -9999 -9999 -9999 -9999 -9999 -9999 -9999 -9999 -9999 -9999 -9999 -9999 -9999 60.7 60.71 60.66 60.48 60.01 58.99 57.91 57.5 57.72 58.2 58.8 59.44 60.11 60.75 61.43 62.24 63.04 63.45 63.48 63.04 62.26 61.54 60.96 60.71 61.03 61.92 63.47 66.31 69.81 73.32 76.68 79.93 83.18 86.58 90.22 94.12 98.2 102.22 105.77 108.69 110.88 112.27 112.9 112.84 112.31 111.56 110.72 109.86 109.04 108.27 -9999 -9999 -9999 -9999 -9999 -9999 -9999 -9999 -9999 -9999
-9999 -9999 -9999 -9999 -9999 -9999 -9999 -9999 -9999 -9999 -9999 -9999 -9999 -9999 -9999 58.75 58.65 58.49 58.21 57.67 56.68 55.51 54.98 55.02 55.38 55.98 56.82 57.99 59.09 60.11 61.19 62.14 62.43 61.86 60.45 58.57 56.36 54.09 52.59 52.65 54.27 56.72 59.85 64.44 69.23 73.49 77.25 80.7 84.05 87.47 91.02 94.67 98.29 101.66 104.59 106.91 108.57 109.62 110.17 110.35 110.29 110.05 109.68 -9999 -9999 -9999 -9999 -9999 -9999 -9999 -9999 -9999 -9999 -9999 -9999
-9999 -9999 -9999 -9999 -9999 -9999 -9999 -9999 -9999 -9999 -9999 -9999 -9999 -9999 -9999 57.46 57.27 56.99 56.6 55.98 54.99 53.85 53.03 52.78 52.95 53.49 54.58 56.13 57.56 59 60.64 62.14 62.75 62.1 60.29 57.24 52.85 48.23 45.17 44.94 47.5 51.73 55.98 60.25 65.64 70.63 74.81 78.41 81.72 84.95 88.22 91.54 94.84 97.99 100.84 -9999 -9999 -9999 -9999 -9999 -9999 -9999 -9999 -9999 -9999 -9999 -9999 -9999 -9999 -9999 -9999 -9999 -9999 -9999 -9999
-9999 -9999 -9999 -9999 -9999 -9999 -9999 -9999 -9999 -9999 -9999 -9999 -9999 -9999 -9999 57.1 56.86 56.49 55.94 55.08 53.89 52.65 51.51 50.95 51.04 51.78 53.1 54.6 56.19 58.15 60.58 62.9 64.21 64.17 62.56 58.58 52.23 46.84 44.19 43.46 44.47 48.66 54.4 58.85 63.4 68.48 72.83 76.45 79.65 82.7 85.75 88.83 91.93 -9999 -9999 -9999 -9999 -9999 -9999 -9999 -9999 -9999 -9999 -9999 -9999 -9999 -9999 -9999 -9999 -9999 -9999 -9999 -9999 -9999 -9999
-9999 -9999 -9999 -9999 -9999 -9999 -9999 -9999 -9999 -9999 -9999 -9999 -9999 -9999 -9999 56.69 56.57 56.22 55.47 54.04 52.09 50.69 49.91 49.7 49.99 50.71 51.76 53.09 54.88 57.43 60.72 64.02 66.62 68.16 67.7 63.87 57.19 51.25 47.85 46.59 46.86 49.4 55.19 59.58 62.92 67.38 71.48 74.89 77.9 -9999 -9999 -9999 -9999 -9999 -9999 -9999 -9999 -9999 -9999 -9999 -9999 -9999 -9999 -9999 -9999 -9999 -9999 -9999 -9999 -9999 -9999 -9999 -9999 -9999 -9999
-9999 -9999 -9999 -9999 -9999 -9999 -9999 -9999 -9999 -9999 -9999 -9999 -9999 -9999 -9999 54.85 55 54.75 53.69 51.36 48.52 47.02 46.82 47.44 48.33 49.16 50.09 51.45 53.53 56.62 60.66 65.1 69.52 73.23 73.6 70.26 64.57 58.51 54.31 52.68 52.95 54.75 58.63 61.78 64.17 67.38 70.77 73.75 76.43 -9999 -9999 -9999 -9999 -9999 -9999 -9999 -9999 -9999 -9999 -9999 -9999 -9999 -9999 -9999 -9999 -9999 -9999 -9999 -9999 -9999 -9999 -9999 -9999 -9999 -9999
-9999 -9999 -9999 -9999 -9999 -9999 -9999 -9999 -9999 -9999 -9999 -9999 -9999 -9999 -9999 51.52 51.84 51.64 50.29 47.69 45.2 43.87 43.69 44.69 46.26 47.41 48.41 49.84 52.14 55.6 60.16 65.55 71.5 76.56 76.78 74.51 70.6 65.71 61.8 60.17 60.36 61.54 63.22 64.54 65.89 67.99 70.52 72.92 75.21 -9999 -9999 -9999 -9999 -9999 -9999 -9999 -9999 -9999 -9999 -9999 -9999 -9999 -9999 -9999 -9999 -9999 -9999 -9999 -9999 -9999 -9999 -9999 -9999 -9999 -9999
-9999 -9999 -9999 -9999 -9999 -9999 -9999 -9999 -9999 -9999 -9999 -9999 -9999 46.89 47.49 48.08 48.49 48.37 47.22 45.32 43.78 43.01 43.04 44.06 45.66 46.94 47.9 49.06 51.02 54.51 59.22 64.89 71.29 77.06 78.15 76.85 74.18 70.52 67.35 65.86 65.75 66.32 66.85 66.87 67.4 68.71 70.44 -9999 -9999 -9999 -9999 -9999 -9999 -9999 -9999 -9999 -9999 -9999 -9999 -9999 -9999 -9999 -9999 -9999 -9999 -9999 -9999 -9999 -9999 -9999 -9999 -9999 -9999 -9999 -9999
