raw_data/evaporacion/evapjan.txt
ncols         178
nrows         142
xllcorner     111.875
yllcorner     -44.625
cellsize      0.25
NODATA_value  -9999
[rows 32 to 63 of 142, columns 0 to 71 of 178]
-9999 -9999 -9999 -9999 -9999 -9999 -9999 -9999 -9999 -9999 -9999 -9999 -9999 -9999 -9999 -9999 -9999 -9999 -9999 -9999 -9999 -9999 -9999 -9999 -9999 -9999 -9999 -9999 -9999 -9999 -9999 -9999 -9999 -9999 -9999 -9999 -9999 -9999 -9999 -9999 -9999 239.05 237.55 236.73 237.47 239.06 -9999 242.58 244.69 247.34 250.63 254.41 258.24 261.66 264.28 265.96 266.77 266.88 266.49 265.76 264.83 263.77 262.62 261.43 260.22 259 257.77 256.58 255.44 254.4 253.48 252.74
-9999 -9999 -9999 -9999 -9999 -9999 -9999 -9999 -9999 -9999 -9999 -9999 -9999 -9999 -9999 -9999 -9999 -9999 -9999 -9999 -9999 -9999 -9999 -9999 -9999 -9999 -9999 -9999 -9999 -9999 -9999 -9999 -9999 -9999 -9999 -9999 -9999 -9999 -9999 -9999 -9999 244.24 242.63 241.31 241 242.82 245.11 247.3 249.59 252.27 255.49 259.12 262.79 266.05 268.56 270.18 270.98 271.12 270.81 270.19 269.37 268.38 267.24 266.1 265 263.9 262.75 261.63 260.61 259.73 259.01 258.5
-9999 -9999 -9999 -9999 -9999 -9999 -9999 -9999 -9999 -9999 -9999 -9999 -9999 -9999 -9999 -9999 -9999 -9999 -9999 -9999 -9999 -9999 -9999 -9999 -9999 -9999 -9999 -9999 -9999 -9999 -9999 -9999 -9999 -9999 -9999 -9999 -9999 -9999 -9999 -9999 -9999 250.39 248.77 247.31 246.49 247.87 250.37 252.8 255.16 257.79 260.85 264.26 267.69 270.72 273.03 274.52 275.24 275.37 275.1 274.55 273.74 272.7 271.6 270.53 269.53 268.59 267.62 266.58 265.64 264.88 264.31 263.99
-9999 -9999 -9999 -9999 -9999 -9999 -9999 -9999 -9999 -9999 -9999 -9999 -9999 -9999 -9999 -9999 -9999 -9999 -9999 -9999 -9999 -9999 -9999 -9999 -9999 -9999 -9999 -9999 -9999 -9999 -9999 -9999 -9999 -9999 -9999 -9999 -9999 -9999 -9999 -9999 -9999 -9999 255.7 254.23 253.3 254.46 256.94 259.32 261.57 264 266.8 269.9 272.98 275.68 277.72 278.99 279.57 279.63 279.34 278.8 277.94 276.88 275.85 274.86 273.93 273.1 272.29 271.33 270.44 269.73 269.27 269.08
-9999 -9999 -9999 -9999 -9999 -9999 -9999 -9999 -9999 -9999 -9999 -9999 -9999 -9999 -9999 -9999 -9999 -9999 -9999 -9999 -9999 -9999 -9999 -9999 -9999 -9999 -9999 -9999 -9999 -9999 -9999 -9999 -9999 -9999 -9999 -9999 -9999 -9999 -9999 -9999 -9999 265.11 263.55 262.11 261.36 262.77 264.99 267.03 268.94 271.01 273.41 276.07 278.7 280.97 282.63 283.6 283.98 283.9 283.55 283 282.09 281.06 280.08 279.15 278.28 277.52 276.78 275.86 274.92 274.18 273.72 273.61
-9999 -9999 -9999 -9999 -9999 -9999 -9999 -9999 -9999 -9999 -9999 -9999 -9999 -9999 -9999 -9999 -9999 -9999 -9999 -9999 -9999 -9999 -9999 -9999 -9999 -9999 -9999 -9999 -9999 -9999 -9999 -9999 -9999 -9999 -9999 -9999 -9999 -9999 -9999 -9999 275.47 273.92 272.46 271.39 271.4 272.88 274.54 275.97 277.35 278.9 280.75 282.83 284.88 286.6 287.79 288.38 288.47 288.21 287.76 287.19 286.32 285.31 284.36 283.48 282.68 281.98 281.24 280.19 279.05 278.1 277.48 277.32
-9999 -9999 -9999 -9999 -9999 -9999 -9999 -9999 -9999 -9999 -9999 -9999 -9999 -9999 -9999 -9999 -9999 -9999 -9999 -9999 -9999 -9999 -9999 -9999 -9999 -9999 -9999 -9999 -9999 -9999 -9999 -9999 -9999 -9999 -9999 -9999 -9999 -9999 -9999 288.27 285.88 284.34 283.21 283.08 283.65 284.57 285.41 286.1 286.8 287.69 288.86 290.22 291.55 292.6 293.21 293.34 293.08 292.6 292.03 291.47 290.78 289.84 288.92 288.09 287.36 286.67 285.8 284.39 282.78 281.33 280.29 279.86
-9999 -9999 -9999 -9999 -9999 -9999 -9999 -9999 -9999 -9999 -9999 -9999 -9999 -9999 -9999 -9999 -9999 -9999 -9999 -9999 -9999 -9999 -9999 -9999 -9999 -9999 -9999 -9999 -9999 -9999 -9999 -9999 -9999 -9999 -9999 -9999 -9999 -9999 -9999 301.57 299.66 298.29 297.46 297.21 297.27 297.38 297.4 297.32 297.28 297.41 297.76 298.26 298.73 298.99 298.91 298.5 297.85 297.11 296.44 295.96 295.57 294.8 293.94 293.17 292.44 291.64 290.49 288.52 286.07 283.73 281.9 280.95
-9999 -9999 -9999 -9999 -9999 -9999 -9999 -9999 -9999 -9999 -9999 -9999 -9999 -9999 -9999 -9999 -9999 -9999 -9999 -9999 -9999 -9999 -9999 -9999 -9999 -9999 -9999 -9999 -9999 -9999 -9999 -9999 -9999 -9999 -9999 -9999 -9999 -9999 316.38 315.31 314.24 313.31 312.6 312.06 311.56 310.99 310.3 309.5 308.71 308 307.43 306.94 306.42 305.77 304.91 303.89 302.79 301.79 301.03 300.67 300.6 300.15 299.37 298.58 297.77 296.74 295.15 292.55 289.01 285.45 282.61 281.02
-9999 -9999 -9999 -9999 -9999 -9999 -9999 -9999 -9999 -9999 -9999 -9999 -9999 -9999 -9999 -9999 -9999 -9999 -9999 -9999 -9999 -9999 -9999 -9999 -9999 -9999 -9999 -9999 -9999 -9999 -9999 -9999 -9999 -9999 -9999 -9999 -9999 328.63 328.91 328.91 328.68 328.29 327.76 327.09 326.25 325.19 323.92 322.49 320.95 319.37 317.79 316.22 314.61 312.94 311.22 309.51 307.93 306.64 305.81 305.59 305.83 305.6 304.81 303.96 302.98 301.64 299.55 296.3 291.95 287.51 284.23 282.64
-9999 -9999 -9999 -9999 -9999 -9999 -9999 -9999 -9999 -9999 -9999 -9999 -9999 -9999 -9999 -9999 -9999 -9999 -9999 -9999 -9999 -9999 -9999 -9999 -9999 -9999 -9999 -9999 -9999 -9999 -9999 -9999 -9999 -9999 -9999 335.88 338.11 339.93 341.37 342.43 343.07 343.26 343.01 342.33 341.26 339.83 338.08 336.06 333.8 331.35 328.74 326.02 323.25 320.5 317.84 315.39 313.26 311.63 310.68 310.56 311.03 310.75 309.9 308.95 307.77 306.19 303.69 299.96 295.22 290.55 287.23 285.71
-9999 -9999 -9999 -9999 -9999 -9999 -9999 -9999 -9999 -9999 -9999 -9999 -9999 -9999 -9999 -9999 -9999 -9999 -9999 -9999 -9999 -9999 -9999 -9999 -9999 -9999 -9999 -9999 -9999 309.34 -9999 321.48 329.38 335.69 340.66 344.69 348.16 351.25 353.96 356.18 357.77 358.6 358.65 357.96 356.64 354.81 352.57 349.97 347.02 343.71 340.09 336.23 332.29 328.41 324.78 321.52 318.79 316.74 315.56 315.39 315.89 315.48 314.51 313.29 311.92 310.2 307.58 303.57 298.62 293.88 290.56 289.18
-9999 -9999 -9999 -9999 -9999 -9999 -9999 -9999 -9999 -9999 -9999 -9999 -9999 -9999 -9999 -9999 -9999 -9999 -9999 -9999 -9999 -9999 -9999 -9999 -9999 -9999 -9999 -9999 313.08 313.81 316.63 325.34 334.54 342.11 348.26 353.5 358.28 362.8 366.98 370.59 373.3 374.84 375.13 374.27 372.49 370.07 367.2 363.95 360.3 356.19 351.63 346.71 341.63 336.65 332.01 327.91 324.51 321.95 320.39 319.93 320.27 319.87 318.77 317.4 315.9 314.05 311.29 307.14 302.1 297.35 294.07 292.77
-9999 -9999 -9999 -9999 -9999 -9999 -9999 -9999 -9999 -9999 -9999 -9999 -9999 -9999 -9999 -9999 -9999 -9999 -9999 -9999 -9999 -9999 -9999 -9999 326.05 321.68 319.24 318.13 318.02 318.96 321.89 330.89 340.67 348.97 356.01 362.39 368.58 374.77 380.77 386.09 390.16 392.47 392.87 391.54 388.94 385.57 381.8 377.76 373.37 368.53 363.14 357.28 351.18 345.15 339.54 334.59 330.47 327.3 325.2 324.22 324.17 324 322.89 321.49 319.9 317.9 314.95 310.76 305.73 301.03 297.83 296.51
-9999 -9999 -9999 -9999 -9999 -9999 -9999 -9999 -9999 -9999 -9999 -9999 -9999 -9999 -9999 -9999 -9999 -9999 -9999 355.59 352.73 -9999 -9999 336.83 331.13 326.84 324.35 323.33 323.44 324.7 328.39 337.93 347.71 356.23 363.89 371.34 379.08 387.21 395.36 402.67 407.88 410.83 411.4 409.66 405.87 401.14 396.16 391.14 385.99 380.49 374.42 367.8 360.82 353.88 347.35 341.57 336.71 332.88 330.13 328.47 327.79 327.59 326.83 325.49 323.86 321.73 318.7 314.57 309.65 305.07 301.92 300.58
-9999 -9999 -9999 -9999 -9999 -9999 -9999 -9999 -9999 -9999 -9999 -9999 -9999 -9999 -9999 -9999 -9999 362.43 360.85 358.82 356.12 352.25 347.09 341.45 336.34 332.5 330.22 329.35 329.58 331.21 336.67 346.01 355.24 363.64 371.73 380.18 389.51 399.71 409.98 418.3 422.82 425.67 427.27 426.77 422.57 416.34 409.92 403.82 397.92 391.86 385.29 378.11 370.47 362.76 355.44 348.89 343.32 338.82 335.4 333.01 331.53 330.7 330.03 329.13 327.7 325.51 322.44 318.62 314.36 310.26 307.06 305.6
-9999 -9999 -9999 -9999 -9999 -9999 -9999 -9999 -9999 -9999 -9999 -9999 -9999 -9999 -9999 -9999 366.66 365.18 363.71 361.85 359.18 355.46 350.79 345.76 341.22 337.88 336.06 335.58 336.06 338.14 345.14 354.06 362.65 370.84 379.23 388.56 399.33 411.28 422.08 428.26 432.29 435.36 437.53 438.52 436.9 430.26 422.56 415.49 408.95 402.49 395.61 388.09 380 371.73 363.77 356.56 350.35 345.24 341.21 338.15 335.92 334.33 333.08 331.85 330.33 328.36 325.87 323 319.97 317.11 314.87 313.79
-9999 -9999 -9999 -9999 -9999 -9999 -9999 -9999 -9999 -9999 -9999 -9999 -9999 -9999 373.98 371.45 369.62 368.19 366.76 364.96 362.41 358.92 354.56 349.72 345.14 341.84 340.54 340.99 342.36 345.08 352.75 361.34 369.49 377.5 386.09 396.03 407.82 420.63 430.2 435.74 439.93 443.28 445.74 447.27 446.98 441.62 433.46 425.77 418.89 412.25 405.29 397.65 389.35 380.73 372.32 364.59 357.87 352.25 347.7 344.09 341.28 339.07 337.25 335.6 333.94 332.14 330.17 328.08 326.03 324.21 322.91 322.41
-9999 -9999 -9999 -9999 -9999 -9999 -9999 -9999 -9999 -9999 -9999 -9999 385.36 380.98 377.21 374.52 372.79 371.68 370.7 369.3 367.01 363.68 359.23 353.72 348.17 344.42 343.42 344.93 347.91 351.63 359.32 367.71 375.63 383.52 392.14 402.27 414.43 427.54 436.72 442.35 446.76 450.34 453.02 454.78 454.89 450.24 442.14 434.43 427.61 421.1 414.27 406.72 398.42 389.68 381.02 372.97 365.89 359.9 354.97 350.98 347.74 345.1 342.88 340.94 339.13 337.39 335.68 334.04 332.56 331.34 330.56 330.4
-9999 -9999 -9999 -9999 -9999 -9999 -9999 -9999 389.45 -9999 -9999 389.67 388.23 383.95 380.05 377.5 376.2 375.82 375.87 375.6 373.98 370.77 365.89 359.27 353.36 350.34 348.89 349.2 353.26 357.98 365.39 373.57 381.31 388.99 397.39 407.25 419.03 431.96 442.21 448.3 452.91 456.66 459.53 461.43 461.33 456.13 448.55 441.47 435.16 429.04 422.54 415.26 407.14 398.49 389.81 381.64 374.39 368.2 363.06 358.82 355.33 352.42 349.95 347.79 345.85 344.08 342.45 340.98 339.72 338.74 338.14 338.05
-9999 -9999 -9999 -9999 -9999 -9999 -9999 -9999 388.29 -9999 389.58 390.01 389.47 385.7 382.2 380.22 379.77 380.61 382.33 383.94 383.35 380.55 375.69 368.66 362.88 359.45 357.3 356.77 360.31 365.01 371.86 379.54 386.88 394.18 402.09 411.26 422.04 434.2 445.8 453.24 458.43 462.38 465.32 466.72 465.19 459.54 453.09 447.17 441.68 436.18 430.14 423.21 415.23 406.73 398.32 390.45 383.29 377.1 371.9 367.58 363.98 360.93 358.31 356.02 353.97 352.12 350.45 348.97 347.7 346.7 346.05 345.84
-9999 -9999 -9999 -9999 -9999 -9999 -9999 385.38 386.58 387.73 388.82 389.68 389.2 386.06 383.48 382.53 383.33 385.83 389.78 393.8 394.28 392.8 389.36 383.06 376.44 371.32 367.9 366.83 369.84 373.53 379.38 386.08 392.68 399.36 406.58 414.8 424.27 434.83 445.69 455.12 462.04 466.41 469.04 468.67 465.73 461.25 456.51 451.95 447.44 442.63 437.05 430.08 421.54 413.04 405.45 398.81 392.39 386.44 381.36 377.1 373.51 370.43 367.76 365.38 363.25 361.31 359.55 357.96 356.57 355.42 354.57 354.1
-9999 -9999 -9999 -9999 -9999 -9999 -9999 382.38 384.09 385.75 387.32 388.23 387.18 385.1 383.92 384.33 386.62 390.98 397.3 403.66 405.6 406.53 405.24 400.36 393.77 387.08 382.13 380.78 381.76 383.63 387.97 393.27 398.86 404.75 411.17 418.4 426.53 435.41 444.53 453.04 459.93 464.58 466.95 466.96 465.24 462.59 459.52 456.25 452.66 448.42 442.67 434.58 426 418.21 411.58 406.09 401.24 395.98 391.18 387.1 383.62 380.61 377.94 375.55 373.37 371.36 369.5 367.78 366.23 364.87 363.75 362.94
-9999 -9999 -9999 -9999 -9999 -9999 -9999 -9999 379.87 382.12 383.97 384.31 383.7 383.22 383.68 385.58 389.34 395.38 403.67 411.79 415.78 418.7 417.84 414.96 410.71 404.93 398.93 395.72 394.51 394.73 397.13 400.89 405.4 410.47 416.12 422.42 429.4 436.86 444.43 451.54 457.56 462.02 464.71 465.74 465.49 464.34 462.6 460.34 457.4 452.86 445.62 437.4 429.72 423.04 417.48 413.07 409.46 405.33 401.03 397.22 393.92 391.03 388.44 386.08 383.9 381.85 379.92 378.09 376.38 374.8 373.41 372.25
-9999 -9999 -9999 -9999 -9999 -9999 -9999 -9999 371.84 374.69 376.88 378.32 379.47 380.87 382.97 386.26 391.24 398.46 408.09 417.92 423.39 427.33 427.5 426.27 424.01 419.44 413.42 409.37 406.72 405.31 406.13 408.66 412.25 416.59 421.54 427.08 433.13 439.52 445.94 451.99 457.28 461.48 464.43 466.18 466.89 466.74 465.86 464.11 460.7 454.31 446.81 439.6 433.17 427.72 423.33 420.04 417.5 414.35 410.53 407.04 403.99 401.26 398.79 396.51 394.37 392.33 390.36 388.45 386.61 384.85 383.21 381.73
-9999 -9999 -9999 -9999 -9999 -9999 -9999 357.41 361.15 364.94 368.55 371.89 375.07 378.32 381.97 386.45 392.29 400.04 410.13 421.26 428.26 433.35 435.21 435.3 433.97 429.73 424.99 420.99 416.89 414.6 414.66 416.46 419.42 423.17 427.55 432.45 437.77 443.34 448.92 454.22 458.95 462.9 465.92 468.02 469.23 469.56 468.71 466.08 460.54 453.96 447.52 441.63 436.51 432.32 429.14 427 425.47 422.83 419.42 416.26 413.46 410.94 408.62 406.45 404.38 402.38 400.4 398.45 396.51 394.61 392.77 391.02
-9999 -9999 -9999 -9999 -9999 -9999 -9999 345.27 349.49 354.55 359.99 365.42 370.64 375.68 380.77 386.27 392.68 400.48 410.04 420.95 430.34 436.14 439.61 440.86 439.89 437.17 433.78 428.91 424.77 422.78 422.82 424.38 426.98 430.32 434.22 438.58 443.28 448.18 453.08 457.76 462.01 465.65 468.57 470.7 471.84 471.58 468.93 464.37 458.92 453.44 448.29 443.7 439.85 436.89 434.89 433.86 433.16 430.61 427.51 424.67 422.13 419.82 417.68 415.65 413.69 411.74 409.78 407.8 405.8 403.78 401.79 399.82
-9999 -9999 -9999 -9999 -9999 -9999 330.36 333.31 337.93 343.99 351.26 358.88 366.19 373.01 379.48 385.93 392.78 400.44 409.16 418.83 428.58 436.65 441.28 443.46 443.74 441.67 437.92 434.07 431.46 430.49 430.99 432.63 435.08 438.12 441.61 445.47 449.59 453.86 458.13 462.21 465.95 469.19 471.74 473.08 472.76 470.12 466.35 462.04 457.6 453.3 449.35 445.95 443.27 441.44 440.53 440.44 440.11 437.55 434.73 432.19 429.91 427.82 425.87 424.01 422.17 420.3 418.37 416.37 414.3 412.19 410.06 407.93
-9999 -9999 -9999 -9999 -9999 -9999 323.07 326.33 330.21 335.13 342.87 352.48 361.86 370.42 378.24 385.63 392.98 400.59 408.66 417.1 425.5 433.03 438.55 441.82 442.94 442.24 440.57 439.03 438.25 438.44 439.55 441.4 443.8 446.6 449.72 453.08 456.63 460.25 463.85 467.27 470.36 472.8 474.01 472.7 470.35 467.32 463.97 460.49 457.02 453.74 450.84 448.48 446.82 445.98 446 446.58 445.98 443.57 441.06 438.8 436.77 434.91 433.17 431.47 429.72 427.89 426.01 424.04 421.95 419.75 417.51 415.26
-9999 -9999 -9999 -9999 -9999 -9999 318.54 321.93 325.73 330.09 336.27 346.91 358.06 368.18 377.26 385.61 393.56 401.38 409.2 416.97 424.42 431.14 436.65 440.62 443.03 444.24 444.79 445.23 445.92 447.07 448.69 450.71 453.05 455.63 458.38 461.26 464.2 467.15 470.01 472.65 474.62 474.81 473.18 470.78 468.2 465.53 462.78 460.02 457.35 454.92 452.88 451.37 450.53 450.46 451.22 452.19 451.02 448.74 446.51 444.52 442.72 441.08 439.52 437.85 436.09 434.3 432.49 430.62 428.66 426.45 424.13 421.78
-9999 -9999 -9999 -9999 -9999 -9999 -9999 318.49 322.45 326.93 332.8 343.18 355.34 366.65 376.78 386.01 394.66 402.94 410.94 418.61 425.85 432.42 438.13 442.82 446.48 449.25 451.39 453.17 454.83 456.54 458.38 460.4 462.57 464.87 467.23 469.61 471.95 474.19 476.26 477.86 477.73 475.36 472.58 469.99 467.56 465.22 462.94 460.75 458.72 456.94 455.55 454.66 454.41 454.89 456.06 456.92 455.24 453.08 451.11 449.34 447.76 446.31 444.85 443.21 441.51 439.79 438.04 436.24 434.36 432.26 429.91 427.51
-9999 -9999 -9999 -9999 -9999 -9999 -9999 315.64 319.79 324.52 330.69 341.46 354.17 366.12 376.96 386.92 396.27 405.16 413.64 421.69 429.24 436.23 442.59 448.22 453.06 457.1 460.35 462.92 464.99 466.76 468.43 470.13 471.93 473.82 475.73 477.58 479.3 480.81 482.05 482.5 480.18 476.66 473.5 470.83 468.51 466.43 464.51 462.75 461.17 459.85 458.88 458.38 458.47 459.23 460.4 460.36 458.57 456.62 454.85 453.27 451.87 450.58 449.21 447.66 446.07 444.43 442.76 441.02 439.19 437.19 434.85 432.44
