raw_data/evaporacion/evapapr.txt
ncols         178
nrows         142
xllcorner     111.875
yllcorner     -44.625
cellsize      0.25
NODATA_value  -9999
[rows 64 to 95 of 142, columns 72 to 143 of 178]
243.01 240.92 238.44 235.55 232.34 228.98 225.66 222.6 219.94 217.72 215.92 214.5 213.39 212.56 212.05 211.87 212.07 212.66 213.63 214.97 216.68 218.78 221.3 224.24 227.5 230.94 234.31 237.36 239.87 241.67 242.62 242.6 241.53 239.43 236.6 234.03 232.84 231.94 231.06 230.23 229.93 230.86 231.88 232.15 231.41 229.69 227.11 224.11 221.55 219.02 216.47 213.89 211.34 208.92 206.69 204.58 202.28 199.3 195.31 190.2 184.11 178.05 172.59 167.38 162.85 159.31 156.3 154.17 152.65 151.29 150.66 151.55
242.42 240.48 238.13 235.34 232.18 228.78 225.37 222.15 219.27 216.82 214.86 213.36 212.24 211.46 211 210.86 211.06 211.62 212.54 213.86 215.62 217.86 220.6 223.8 227.34 231 234.51 237.62 240.12 241.84 242.61 242.3 240.79 238.1 235.03 233.64 232.97 232.26 231.39 230.39 229.48 229.5 230.83 231.56 231.09 229.43 226.8 223.7 221.01 218.33 215.62 212.9 210.21 207.65 205.23 202.88 200.45 197.69 194.37 190.45 186.08 181.69 177.49 173.44 169.59 166.05 162.73 159.55 156.34 153.2 150.8 150.08
241.42 239.63 237.42 234.73 231.62 228.29 224.96 221.75 218.74 216 213.76 212.07 210.81 209.93 209.41 209.26 209.47 210.06 211.04 212.48 214.44 216.94 219.99 223.52 227.33 231.19 234.81 237.93 240.38 242.01 242.65 242.15 240.36 237.44 234.72 233.94 233.46 232.82 232 231.01 229.92 229.26 230.48 231.42 231.08 229.46 226.78 223.51 220.52 217.64 214.8 211.98 209.26 206.7 204.26 201.86 199.4 196.8 194.03 191.17 188.31 185.52 182.88 180.39 177.8 174.55 170.44 165.36 159.68 153.84 148.63 145.6
240.01 238.35 236.21 233.52 230.46 227.32 224.24 221.26 218.44 215.82 213.5 211.52 209.91 208.69 207.9 207.6 207.82 208.47 209.58 211.2 213.4 216.18 219.53 223.36 227.46 231.47 235.12 238.2 240.57 242.12 242.71 242.18 240.38 237.49 234.91 234.27 233.91 233.38 232.68 231.8 230.81 230.12 231.18 232 231.54 229.8 227.05 223.64 220.15 216.99 214.01 211.14 208.42 205.87 203.41 200.97 198.46 195.9 193.4 191.18 189.41 188.11 187.26 186.68 185.29 182.05 177.36 170.34 161.59 152.03 142.82 137.56
238.16 236.52 234.24 231.5 228.62 225.74 222.91 220.19 217.61 215.21 213.06 211.18 209.62 208.43 207.65 207.32 207.47 208.09 209.22 210.87 213.06 215.83 219.17 223.11 227.51 231.76 235.37 238.33 240.59 242.08 242.69 242.3 240.78 238.18 235.4 234.63 234.39 234.07 233.62 233.06 232.44 232.15 233.19 233.55 232.61 230.51 227.53 223.98 220.18 216.49 213.24 210.26 207.51 204.9 202.37 199.84 197.24 194.62 192.23 190.33 189.18 188.97 189.67 190.52 188.77 185.21 180.34 173.08 161.84 148.65 136.38 133.13
235.74 233.83 231.42 228.81 226.16 223.51 220.92 218.41 216.03 213.84 211.86 210.14 208.72 207.64 206.95 206.66 206.81 207.42 208.53 210.15 212.31 215.03 218.37 222.34 226.97 231.8 235.49 238.27 240.37 241.79 242.48 242.35 241.33 239.43 237.09 235.6 235.33 235.43 235.54 235.66 235.85 236.33 236.84 236.28 234.47 231.66 228.18 224.32 220.31 216.34 212.6 209.22 206.27 203.52 200.84 198.19 195.44 192.76 190.42 188.69 187.83 188.16 189.62 191.15 189.52 185.92 180.81 173.1 160.91 146.48 133.93 131.79
232.4 230.3 227.99 225.58 223.13 220.68 218.26 215.93 213.73 211.68 209.85 208.27 206.97 205.99 205.38 205.16 205.36 206 207.13 208.76 210.93 213.69 217.07 221.13 225.92 231.16 235.33 237.96 239.85 241.18 241.95 242.13 241.68 240.67 239.33 238.16 237.78 238.52 239.64 240.85 242.03 242.73 242.28 240.42 237.32 233.39 229.03 224.56 220.14 215.85 211.73 207.86 204.44 201.44 198.59 195.82 193.02 190.34 188.02 186.32 185.54 185.98 187.41 188.87 188.25 184.95 179.51 171.03 159.59 146.56 134.6 131.51
228.36 226.32 224.16 221.9 219.6 217.29 215.02 212.82 210.75 208.83 207.12 205.65 204.46 203.59 203.08 202.95 203.24 203.97 205.18 206.89 209.14 211.99 215.48 219.68 224.63 230.19 234.95 237.4 239 240.2 241.01 241.45 241.55 241.41 241.27 241.46 242.35 244.18 246.54 248.7 250.35 250.76 249.43 246.09 241.3 235.79 230.15 224.71 219.61 214.79 210.18 205.77 201.83 198.56 195.54 192.66 189.9 187.27 184.97 183.22 182.44 182.84 183.99 184.89 184.31 181.33 175.69 167.62 158.07 148.12 139.05 134.12
224.06 222.11 220.05 217.89 215.69 213.49 211.31 209.21 207.23 205.42 203.81 202.46 201.4 200.66 200.28 200.3 200.73 201.61 202.96 204.83 207.24 210.25 213.91 218.28 223.44 229.25 234.38 236.54 237.82 238.82 239.61 240.23 240.76 241.39 242.38 244.08 246.75 250.36 254.04 256.22 257.35 257.57 256.45 252.41 246.12 238.74 231.44 224.74 218.71 213.19 207.96 202.94 198.57 195.05 191.83 188.8 186.01 183.44 181.18 179.44 178.63 178.94 179.86 180.34 179.38 176.36 171.1 163.99 156.07 148.65 142.7 139.11
219.74 217.84 215.81 213.71 211.56 209.41 207.3 205.27 203.38 201.66 200.17 198.96 198.05 197.48 197.3 197.51 198.16 199.27 200.86 202.96 205.61 208.86 212.75 217.34 222.71 228.66 233.57 235.32 236.25 237.03 237.73 238.43 239.27 240.49 242.44 245.51 249.94 255.24 259.06 260.25 260.37 259.82 258.51 255.83 250.29 241.58 232.54 224.45 217.4 211.12 205.24 199.64 194.99 191.21 187.75 184.56 181.69 179.15 176.94 175.17 174.19 174.2 174.41 174.09 172.77 170.02 165.64 159.82 153.25 147.25 142.92 140.17
215.56 213.64 211.61 209.51 207.38 205.25 203.19 201.23 199.42 197.82 196.48 195.44 194.73 194.41 194.48 194.99 195.94 197.37 199.29 201.72 204.7 208.26 212.43 217.29 222.87 228.71 232.42 233.59 234.21 234.77 235.34 236.04 237.04 238.67 241.32 245.45 251.3 257.73 260.3 260.54 260.02 258.96 257.37 255.13 251.25 243.02 232.8 223.51 215.59 208.66 202.25 196.2 191.36 187.37 183.79 180.58 177.59 174.87 172.63 170.75 169.45 168.94 168.4 167.4 165.71 163.13 159.54 155 149.82 144.71 140.91 138.14
211.64 209.66 207.59 205.47 203.33 201.22 199.2 197.32 195.63 194.18 193.03 192.23 191.81 191.79 192.22 193.11 194.47 196.32 198.68 201.54 204.94 208.89 213.42 218.56 224.17 229.01 230.64 231.16 231.54 231.91 232.36 233 234.05 235.85 238.87 243.58 250.23 257.22 258.69 258.4 257.62 256.39 254.7 252.49 249.17 242.11 231.46 221.51 213.12 205.86 199.18 192.9 187.86 183.73 180.13 176.88 173.82 170.98 168.6 166.53 165.03 164.23 163.23 161.8 159.9 157.48 154.48 150.89 146.78 142.39 138.48 135.48
208.1 206.03 203.89 201.73 199.58 197.5 195.54 193.77 192.24 191.01 190.12 189.63 189.57 189.97 190.86 192.23 194.12 196.51 199.41 202.82 206.73 211.16 216.01 220.87 225.24 227.02 227.55 227.85 228.09 228.33 228.67 229.21 230.2 231.96 234.97 239.67 246.31 253.36 255.14 254.84 254.01 252.78 251.11 248.96 245.68 238.6 228.03 218.18 209.88 202.7 196.13 189.89 184.55 180.33 176.66 173.35 170.27 167.4 164.92 162.72 161.28 160.16 158.75 157.01 155.01 152.78 150.28 147.44 144.17 140.46 136.61 133.51
205.03 202.85 200.63 198.42 196.27 194.24 192.39 190.78 189.47 188.52 187.99 187.91 188.31 189.23 190.67 192.65 195.18 198.23 201.79 205.81 210.07 214.44 218.67 221.03 222.4 223.01 223.36 223.59 223.76 223.92 224.16 224.59 225.42 226.95 229.6 233.76 239.64 246.28 249.86 250.22 249.5 248.35 246.77 244.62 240.75 232.5 222.55 213.56 205.9 199.22 193.08 187.16 181.61 177.2 173.43 170.06 166.99 164.17 161.59 159.4 157.82 156.15 154.22 152.15 150.11 148.14 146.17 144.08 141.67 138.82 135.57 132.48
202.44 200.16 197.87 195.63 193.52 191.58 189.88 188.5 187.49 186.91 186.81 187.24 188.21 189.75 191.87 194.58 197.83 201.42 205.21 209.17 212.38 214.3 215.83 216.83 217.5 218 218.35 218.56 218.68 218.75 218.86 219.12 219.7 220.86 222.92 226.19 230.81 236.46 241.57 243.66 243.63 242.72 241.09 238.31 232.44 224.07 215.57 207.95 201.32 195.43 189.95 184.64 179.46 174.7 170.67 167.25 164.14 161.24 158.71 156.44 154.1 151.52 148.85 146.35 144.25 142.63 141.37 140.21 138.84 137.06 134.84 132.44
200.2 197.97 195.65 193.42 191.37 189.58 188.1 187.02 186.39 186.28 186.71 187.74 189.39 191.65 194.4 197.44 200.81 203.74 205.55 207.16 208.56 209.63 210.57 211.41 212.12 212.68 213.07 213.27 213.29 213.19 213.05 213.01 213.22 213.89 215.24 217.48 220.69 224.71 228.91 232.13 233.78 233.53 231.23 227.03 221.14 214.43 207.85 201.82 196.37 191.38 186.64 182.02 177.48 173.11 169.11 165.54 162.33 159.31 156.33 153.13 149.56 145.74 142.02 138.89 136.73 135.59 135.3 135.39 135.35 134.88 133.91 132.66
197.83 196.08 193.93 191.78 189.86 188.27 187.09 186.39 186.23 186.66 187.73 189.41 191.45 193.95 196.36 197.75 199 200.2 201.19 202.16 203.14 204.15 205.17 206.17 207.12 207.91 208.45 208.65 208.48 208.02 207.4 206.8 206.41 206.41 206.98 208.21 210.14 212.61 215.27 217.57 218.9 218.77 217 213.78 209.56 204.86 200.12 195.58 191.27 187.16 183.13 179.15 175.21 171.37 167.7 164.23 160.86 157.39 153.57 149.16 144.16 138.98 134.3 130.66 128.46 127.67 128.26 129.63 131.17 132.19 132.53 132.46
195.17 193.89 192.41 190.59 188.93 187.63 186.82 186.58 186.94 187.81 189.22 190.96 191.87 192.61 193.36 193.94 194.55 195.25 196.03 196.9 197.9 199.06 200.42 201.93 203.49 204.88 205.83 206.13 205.67 204.55 203.01 201.38 199.98 199.02 198.66 198.92 199.78 201.08 202.56 203.89 204.69 204.66 203.67 201.77 199.18 196.14 192.9 189.58 186.23 182.86 179.46 176.02 172.59 169.19 165.84 162.49 158.99 155.09 150.47 144.92 138.67 133.18 129.16 126.02 123.9 122.84 122.83 124.08 126.8 129.27 130.83 131.75
192.56 191.41 190.32 189.27 188.22 187.33 186.91 187.06 187.66 188.05 188.34 188.66 188.81 188.96 189.19 189.51 189.93 190.45 191.12 191.99 193.18 194.8 196.93 199.54 202.38 205 206.86 207.46 206.58 204.36 201.26 197.89 194.81 192.41 190.85 190.1 190.06 190.52 191.27 192.07 192.7 192.96 192.71 191.91 190.59 188.81 186.66 184.22 181.55 178.71 175.76 172.74 169.7 166.65 163.58 160.38 156.86 152.73 147.63 141.39 134.87 130.22 126.14 123.31 121.38 120.02 120.12 121.11 123.49 126.81 129.28 130.86
190.13 189.01 188 187.17 186.53 186.08 185.84 185.75 185.73 185.63 185.48 185.33 185.22 185.18 185.22 185.35 185.59 185.97 186.58 187.58 189.19 191.68 195.2 199.69 204.72 209.48 212.92 214.15 212.72 208.85 203.36 197.32 191.72 187.21 184.04 182.14 181.25 181.12 181.5 182.19 183.02 183.82 184.43 184.67 184.42 183.58 182.14 180.16 177.77 175.13 172.35 169.53 166.73 163.94 161.12 158.15 154.82 150.83 145.82 139.82 134.3 129.85 125.86 123.57 121.79 120.25 119.8 120.89 122.43 125.81 128.57 130.38
187.88 186.8 185.81 185.01 184.41 183.99 183.68 183.4 183.11 182.79 182.46 182.16 181.9 181.71 181.59 181.55 181.62 181.87 182.48 183.74 186.03 189.79 195.31 202.5 210.6 217.89 222.48 224.04 222.2 217.16 209.42 199.96 191 183.74 178.53 175.26 173.55 173.01 173.32 174.29 175.76 177.53 179.34 180.85 181.69 181.61 180.49 178.46 175.79 172.78 169.71 166.74 163.93 161.26 158.67 156.03 153.15 149.78 145.62 140.75 136.51 132.41 128.45 126.12 124.32 122.83 122.5 123.57 124.71 127.2 129.49 131.04
185.8 184.75 183.78 182.98 182.35 181.86 181.44 181.02 180.58 180.12 179.68 179.28 178.94 178.66 178.42 178.24 178.14 178.28 178.91 180.47 183.56 188.82 196.7 206.95 217.65 224.64 225.92 225.46 224.18 221.76 215.95 204.62 192.1 181.72 174.25 169.52 167.02 166.23 166.79 168.49 171.16 174.56 178.23 181.52 183.76 184.38 183.2 180.47 176.71 172.53 168.46 164.79 161.59 158.82 156.37 154.12 151.93 149.65 147.1 144.19 141.27 138.04 134.52 131.72 129.75 128.44 128.49 129.07 129.84 131.31 132.67 133.62
183.87 182.84 181.89 181.08 180.41 179.84 179.3 178.75 178.2 177.66 177.17 176.77 176.44 176.15 175.87 175.58 175.34 175.34 175.94 177.74 181.52 188.12 198.12 210.55 219.8 222.07 221.69 220.7 219.46 217.85 214.99 207.53 193.47 180.34 170.8 164.76 161.62 160.8 161.94 164.87 169.43 175.27 181.69 187.52 191.22 192.24 190.68 186.9 181.4 175.13 169.18 164.1 160.01 156.81 154.33 152.43 151.05 150.16 149.7 149.27 147.61 145.63 143.55 141.44 139.44 137.73 136.67 136.22 136.52 137.5 138.09 138.44
182.1 181.07 180.11 179.28 178.55 177.89 177.24 176.58 175.95 175.4 174.97 174.67 174.46 174.28 174.05 173.72 173.37 173.22 173.71 175.53 179.61 186.93 198.05 210.58 215.72 216.43 215.85 214.76 213.4 211.76 209.52 205.03 192.95 178.67 167.74 160.8 157.28 156.66 158.65 163.22 170.26 179.28 188.8 196.32 199.63 199.52 197.5 193.82 187.59 179.58 171.84 164.85 159.36 155.35 152.58 150.88 150.22 150.7 152.37 154.35 153.89 153.32 152.8 151.66 149.79 147.31 144.77 143.07 142.55 142.91 143.37 143.41
180.44 179.39 178.41 177.53 176.74 175.97 175.22 174.48 173.82 173.32 173.03 172.94 172.94 172.8 172.54 172.18 171.81 171.64 172.1 173.88 177.8 184.86 195.22 205.14 208.87 209.92 209.66 208.6 207.03 204.94 202.06 197.92 189.39 176.14 164.94 157.64 153.97 153.61 156.52 162.83 172.56 184.55 194.09 198.12 199.5 198.77 196 191.43 185.69 179.72 173.62 165.92 159.35 154.38 151.08 149.32 149.1 150.6 153.89 157.73 158.41 159.02 158.85 157.57 155.97 153.99 150.68 147.78 146.24 145.71 145.49 144.91
178.86 177.77 176.76 175.83 174.94 -9999 173.21 172.41 171.75 171.34 171.23 171.36 171.32 170.55 169.67 169.02 168.71 168.91 169.87 171.99 175.54 181.35 189.28 195.9 199.89 201.97 202.46 201.55 199.6 196.6 192.51 187.5 181 171.77 162.23 155.42 151.7 151.41 154.89 162.54 174.28 186.92 192.9 196.1 196.62 195.23 192.29 186.8 179.66 173.16 167.89 163.14 158.39 153.44 149.63 147.57 147.4 149.31 153.45 158.46 159.94 161.12 160.88 159.58 158.11 156.3 152.9 149.38 147.27 146.44 146.21 145.49
-9999 -9999 -9999 -9999 -9999 -9999 -9999 170.31 169.64 169.31 169.36 169.49 168.67 167.34 166.2 165.43 165.04 165.32 166.24 167.87 170.42 174.2 179.15 184.27 188.73 191.81 193.07 192.36 189.85 185.85 180.79 175.16 169.24 163.15 157.48 153.06 149.72 149.32 152.92 160.97 172.65 182.64 188.16 191.49 191.22 189.24 185.81 179.93 171.52 163.95 158.75 155.61 153.62 151.23 147.83 145.45 144.97 146.68 150.77 156.07 158.02 159.2 159.55 158.59 157.15 155.09 151.38 148.01 146.09 145.63 145.6 143.99
-9999 -9999 -9999 -9999 -9999 -9999 -9999 -9999 -9999 167.08 -9999 -9999 165.73 164.2 163.12 162.34 161.89 162.08 163.1 164.53 166.15 167.92 170.06 172.91 176.34 179.5 181.2 180.62 177.86 173.78 169.35 165.04 160.64 155.91 151.2 147.32 144.93 145.13 148.88 156.2 165.97 174.16 180.25 184.35 184.41 182.14 177.75 170.53 161.55 154.14 149.31 146.73 146.6 146.77 145.2 142.85 141.9 143 146.32 150.95 153.08 153.8 154.21 153.86 152.41 149.97 147.02 144.61 143.33 143.18 142.79 140.84
-9999 -9999 -9999 -9999 -9999 -9999 -9999 -9999 -9999 -9999 -9999 -9999 -9999 -9999 -9999 159.44 159.08 159.58 161.18 163.11 164.39 164.73 164.42 164.13 164.93 166.71 168.1 167.75 165.76 163.56 162.32 161.24 158.6 154.03 148.24 142.83 139.29 138.42 140.52 145.87 153.74 161.68 168.21 172.9 174.8 173.01 167.97 160.07 152.14 146.53 142.86 140.55 140.3 141.91 142.04 139.84 138.43 138.83 141.17 144.65 146.18 146.31 146.2 145.78 144.79 143.32 141.77 140.57 139.92 139.75 139.05 137.02
-9999 -9999 -9999 -9999 -9999 -9999 -9999 -9999 -9999 -9999 -9999 -9999 -9999 -9999 -9999 -9999 -9999 157.6 159.94 162.07 162.26 161.58 160.44 157.99 155.89 155.58 156.16 156.26 156.07 157.31 160.11 160.35 156.37 150.94 144.81 138.41 133.4 131.64 132.51 135.59 140.83 147.21 153.17 157.7 160.13 159.73 156.21 150.11 144.22 140.42 137.89 136.2 136.35 138.35 138.91 136.71 134.96 134.79 136.27 138.34 138.62 138.31 138.02 137.8 137.57 137.31 137.15 137.13 136.94 136.34 134.86 132.64
-9999 -9999 -9999 -9999 -9999 -9999 -9999 -9999 -9999 -9999 -9999 -9999 -9999 -9999 -9999 -9999 -9999 155.06 157.3 157.86 156.79 155.27 153.7 151.61 148.22 146.53 146.56 147.26 148.93 152.81 155.87 153.14 148.14 142.57 136.73 130.9 126.08 124.44 125.6 127.66 130.62 134.59 138.94 142.83 145.63 146.77 145.82 142.75 138.77 136.1 134.5 133.76 135.08 136.57 136.52 133.93 131.86 131.32 131.93 132.13 131.51 130.82 130.56 130.91 131.72 132.72 133.73 134.46 133.93 132.54 130.44 127.77
-9999 -9999 -9999 -9999 -9999 -9999 -9999 -9999 -9999 -9999 -9999 -9999 -9999 -9999 -9999 -9999 -9999 150.81 151.9 151.09 149.16 147.02 144.91 142.74 140.04 138.52 138.69 139.96 142.52 146.75 147.9 -9999 -9999 134.09 128.99 124.25 120.18 117.94 119.69 121.86 123.75 126.02 128.83 131.94 134.94 137.3 138.49 138.27 137 135.67 134.94 135 135.68 135.99 135.08 131.98 129.52 128.51 127.93 126.74 125.25 124.15 124.05 125.21 127.19 129.28 130.69 131.03 130.26 128.63 126.18 122.76
