raw_data/evaporacion/evapmay.txt
ncols         178
nrows         142
xllcorner     111.875
yllcorner     -44.625
cellsize      0.25
NODATA_value  -9999
[rows 66 to 98 of 142, columns 73 to 145 of 178]
159.57 157.75 155.52 152.98 150.37 147.68 144.91 142.16 139.55 137.45 135.92 134.79 133.98 133.5 133.36 133.55 134.07 134.94 136.2 137.91 140.09 142.75 145.83 149.16 152.52 155.67 158.4 160.55 162.05 162.79 162.7 161.71 159.95 158.28 157.8 157.49 157.07 156.53 155.88 155.17 154.69 155.36 155.77 155.21 153.62 151.12 148.17 145.98 144.18 142.53 140.99 139.64 138.57 137.73 136.96 136.1 134.99 133.55 131.84 129.97 128.07 126.24 124.54 122.78 120.53 117.65 113.99 109.77 105.31 101.33 99.22 100.48 105.15
158.21 156.54 154.58 152.48 150.25 147.88 145.41 142.9 140.43 138.15 136.14 134.43 133.08 132.15 131.74 131.88 132.41 133.34 134.72 136.6 138.96 141.78 145 148.44 151.86 154.98 157.62 159.67 161.05 161.71 161.57 160.56 158.8 157.21 156.82 156.59 156.25 155.79 155.22 154.57 154.1 154.69 155.06 154.49 152.94 150.55 147.61 144.85 142.79 141.1 139.65 138.45 137.51 136.73 135.93 134.95 133.71 132.29 130.83 129.5 128.41 127.6 127.02 125.94 123.66 120.37 115.42 109.12 101.98 94.98 91.29 93.45 101.57
156.71 155.24 153.59 151.79 149.83 147.74 145.57 143.37 141.19 139.12 137.23 135.58 134.25 133.31 132.81 132.78 133.21 134.08 135.41 137.17 139.34 141.89 144.78 147.96 151.29 154.29 156.78 158.68 159.97 160.6 160.51 159.65 158.07 156.35 155.88 155.73 155.53 155.25 154.9 154.51 154.31 154.92 155.04 154.25 152.6 150.26 147.45 144.5 141.85 139.96 138.52 137.42 136.52 135.67 134.74 133.58 132.18 130.73 129.38 128.34 127.83 127.92 128.16 126.8 124.29 120.85 115.7 107.64 97.78 88.44 86.68 91.03 100.3
155.07 153.78 152.33 150.71 148.96 147.09 145.16 143.2 141.27 139.43 137.75 136.29 135.1 134.25 133.76 133.68 134.02 134.78 135.95 137.52 139.48 141.81 144.49 147.52 150.74 153.58 155.85 157.57 158.75 159.38 159.42 158.86 157.71 156.27 155.36 155.21 155.3 155.39 155.5 155.66 155.98 156.27 155.84 154.57 152.59 150.11 147.32 144.44 141.69 139.35 137.54 136.32 135.29 134.25 133.11 131.69 130.15 128.7 127.47 126.56 126.34 126.84 127.46 126.14 123.56 119.96 114.5 105.77 95.01 85.55 84.83 89.9 99.43
153.26 152.07 150.73 149.25 147.64 145.94 144.18 142.4 140.66 139 137.48 136.16 135.08 134.3 133.85 133.76 134.04 134.71 135.76 137.2 139.03 141.22 143.8 146.76 149.98 152.81 154.83 156.32 157.37 158 158.2 157.98 157.39 156.59 155.91 155.72 156.25 157.02 157.86 158.68 159.15 158.86 157.63 155.57 152.96 150.04 147.03 144.08 141.28 138.73 136.54 134.87 133.51 132.2 130.85 129.31 127.72 126.26 125.06 124.21 124.05 124.52 125.05 124.34 121.93 118.1 112.18 104.06 94.44 85.47 83.93 88.67 98.19
151.28 150.13 148.85 147.44 145.92 144.32 142.68 141.03 139.41 137.88 136.49 135.28 134.3 133.59 133.19 133.11 133.38 134.02 135.02 136.39 138.14 140.28 142.82 145.77 149.05 151.98 153.73 154.94 155.83 156.43 156.77 156.87 156.83 156.79 156.99 157.65 158.93 160.55 162.02 163.17 163.48 162.65 160.48 157.36 153.77 150.09 146.56 143.27 140.24 137.44 134.89 132.76 131.06 129.47 127.93 126.39 124.83 123.38 122.14 121.35 121.22 121.5 121.66 120.94 118.7 114.73 109.11 102.39 95.24 88.64 85.43 88.06 96.32
149.17 148.02 146.75 145.36 143.88 142.33 140.76 139.18 137.66 136.23 134.95 133.84 132.96 132.34 132 131.98 132.29 132.95 133.96 135.33 137.09 139.23 141.78 144.77 148.12 151.13 152.56 153.46 154.15 154.67 155.08 155.44 155.88 156.57 157.74 159.58 162.04 164.55 166.05 166.86 167.08 166.42 163.82 159.74 154.94 150.21 145.91 142.08 138.65 135.47 132.53 130.03 128.04 126.2 124.47 122.87 121.35 119.95 118.77 118.06 117.95 118.13 118.01 117.02 114.73 110.96 105.91 100.3 95.11 91.03 88.81 89.57 93.41
147.03 145.83 144.52 143.11 141.62 140.09 138.55 137.03 135.59 134.25 133.06 132.07 131.3 130.8 130.58 130.67 131.07 131.82 132.91 134.36 136.18 138.39 141.01 144.06 147.45 150.25 151.3 151.87 152.33 152.74 153.16 153.68 154.48 155.78 157.84 160.83 164.41 167.01 167.86 168 167.71 166.95 165.28 161.72 156.06 150.2 145.01 140.54 136.63 133.05 129.71 126.96 124.72 122.66 120.77 119.09 117.59 116.26 115.14 114.42 114.19 114.01 113.48 112.31 110.2 106.93 102.55 97.59 93.24 90.32 88.65 88.02 88.43
144.95 143.66 142.27 140.81 139.29 137.76 136.24 134.77 133.39 132.15 131.09 130.24 129.63 129.29 129.24 129.5 130.07 130.98 132.23 133.82 135.77 138.1 140.82 143.97 147.25 149.29 149.87 150.13 150.37 150.63 151 151.59 152.62 154.36 157.11 161.02 165.34 167.09 167.29 167.01 166.38 165.43 164.07 161.63 156.29 149.65 143.67 138.64 134.31 130.38 126.73 123.82 121.4 119.24 117.32 115.54 113.92 112.6 111.46 110.61 110.14 109.6 108.76 107.46 105.54 102.83 99.26 94.95 90.55 87.68 85.8 84.13 83.11
143 141.59 140.12 138.59 137.03 135.49 134 132.59 131.31 130.21 129.3 128.64 128.24 128.12 128.31 128.81 129.63 130.78 132.25 134.06 136.21 138.71 141.56 144.68 147.32 148.04 148.13 148.15 148.19 148.31 148.58 149.16 150.27 152.21 155.31 159.73 164.41 165.4 165.24 164.76 164.02 162.99 161.64 159.57 155.02 148.08 141.66 136.31 131.76 127.65 123.84 120.77 118.25 116.07 114.13 112.3 110.6 109.2 107.98 107.05 106.47 105.73 104.72 103.38 101.64 99.37 96.46 92.81 88.6 84.93 82.62 80.49 79.32
141.27 139.74 138.16 136.57 134.99 133.45 132.01 130.71 129.57 128.64 127.95 127.54 127.41 127.59 128.09 128.91 130.06 131.52 133.3 135.4 137.8 140.45 143.09 145.4 146.11 146.08 145.94 145.8 145.69 145.67 145.84 146.32 147.36 149.26 152.32 156.7 161.38 162.56 162.36 161.84 161.07 160.04 158.7 156.65 152.07 145.18 138.81 133.51 129 124.95 121.14 117.89 115.32 113.08 111.1 109.26 107.56 106.12 104.84 103.98 103.26 102.35 101.22 99.89 98.33 96.44 94.07 91.05 87.27 83.19 80.43 78.33 77.01
139.82 138.17 136.5 134.86 133.27 131.79 130.44 129.28 128.34 127.66 127.26 127.16 127.39 127.94 128.83 130.06 131.6 133.46 135.6 137.86 140.16 142.37 143.36 143.74 143.67 143.47 143.23 142.99 142.78 142.65 142.69 143.03 143.87 145.49 148.15 151.98 156.36 158.7 158.91 158.43 157.69 156.69 155.33 152.85 147.47 140.98 135.16 130.26 126.07 122.27 118.66 115.29 112.61 110.32 108.29 106.47 104.82 103.34 102.1 101.2 100.22 99.08 97.82 96.52 95.16 93.66 91.84 89.5 86.47 82.84 79.57 77.7 76.52
138.7 136.93 135.2 133.53 131.99 130.6 129.41 128.46 127.79 127.42 127.38 127.69 128.35 129.36 130.72 132.41 134.28 136.22 138.24 139.74 140.37 140.76 140.84 140.75 140.58 140.35 140.07 139.76 139.46 139.22 139.11 139.26 139.81 141 143.02 145.97 149.63 152.97 154.3 154.25 153.63 152.56 150.75 146.9 141.4 135.85 130.92 126.69 122.98 119.59 116.34 113.2 110.32 107.89 105.85 104.02 102.34 100.92 99.67 98.4 96.98 95.49 94.04 92.76 91.65 90.62 89.45 87.92 85.84 83.2 80.36 78.35 77.78
137.89 136.06 134.29 132.65 131.19 129.96 128.99 128.33 128 128.04 128.44 129.23 130.4 131.83 133.37 135.07 136.4 136.9 137.25 137.49 137.53 137.52 137.48 137.4 137.25 137.03 136.73 136.35 135.93 135.52 135.2 135.07 135.28 135.96 137.26 139.23 141.76 144.45 146.5 147.53 147.31 145.75 142.95 139.04 134.62 130.32 126.42 122.94 119.8 116.86 114.02 111.26 108.62 106.22 104.1 102.23 100.52 98.88 97.16 95.27 93.24 91.24 89.52 88.24 87.44 87 86.64 86.04 85.02 83.53 81.79 80.3 79.82
137.22 135.52 133.79 132.23 130.92 129.91 129.24 128.94 129.04 129.56 130.44 131.5 132.79 133.9 134.15 134.26 134.32 134.23 134.14 134.09 134.09 134.12 134.17 134.22 134.21 134.07 133.77 133.27 132.62 131.91 131.23 130.72 130.48 130.62 131.23 132.31 133.78 135.4 136.79 137.56 137.38 136.13 133.93 131.1 127.99 124.87 121.92 119.17 116.57 114.07 111.61 109.2 106.88 104.68 102.62 100.68 98.75 96.69 94.37 91.77 89.06 86.59 84.62 83.37 82.82 82.93 83.35 83.77 83.81 83.42 82.78 82.26 82.38
136.17 135.04 133.59 132.24 131.16 130.45 130.15 130.27 130.7 131.46 132.36 132.45 132.32 132.14 131.79 131.45 131.16 130.94 130.79 130.75 130.83 131.06 131.42 131.83 132.17 132.28 132.03 131.36 130.31 129.04 127.74 126.59 125.75 125.29 125.25 125.6 126.26 127.05 127.76 128.13 127.97 127.19 125.83 124.04 121.99 119.84 117.66 115.51 113.37 111.23 109.1 106.98 104.91 102.9 100.94 98.94 96.8 94.36 91.48 88.26 85.38 83.18 81.43 80.25 79.65 79.61 80.14 81.31 82.3 82.81 83.02 83.28 84.03
134.71 133.93 133.17 132.35 131.63 131.24 131.26 131.55 131.55 131.34 131.05 130.55 129.98 129.43 128.92 128.46 128.07 127.78 127.64 127.7 128.05 128.75 129.75 130.92 132 132.64 132.57 131.64 129.94 127.73 125.38 123.22 121.5 120.29 119.6 119.35 119.44 119.71 120.03 120.24 120.22 119.88 119.21 118.22 116.96 115.49 113.87 112.13 110.32 108.44 106.55 104.66 102.79 100.94 99.06 97.08 94.84 92.19 89 85.65 83.12 80.82 79.24 78.19 77.47 77.58 78.15 79.31 80.85 81.98 82.72 83.43 84.55
133.21 132.51 131.95 131.5 131.16 130.91 130.71 130.47 130.05 129.49 128.85 128.18 127.51 126.86 126.24 125.68 125.2 124.87 124.79 125.1 125.96 127.47 129.59 132.06 134.4 135.98 136.28 135.02 132.33 128.69 124.75 121.08 118.09 115.91 114.49 113.71 113.4 113.41 113.61 113.91 114.19 114.36 114.32 113.98 113.3 112.27 110.94 109.37 107.66 105.89 104.1 102.34 100.61 98.9 97.16 95.29 93.16 90.61 87.59 84.73 82.25 80.01 78.74 77.79 76.99 76.84 77.54 78.39 80.02 81.35 82.29 83.17 84.4
131.79 131.12 130.57 130.16 129.85 129.54 129.18 128.72 128.14 127.48 126.78 126.05 125.33 124.61 123.91 123.24 122.67 122.3 122.34 123.02 124.61 127.29 131.01 135.29 139.13 141.39 141.87 140.37 136.98 132.01 126.04 120.37 115.72 112.31 110.07 108.78 108.19 108.13 108.48 109.14 109.99 110.87 111.59 111.91 111.69 110.86 109.5 107.76 105.82 103.86 101.96 100.18 98.5 96.91 95.34 93.73 91.97 89.93 87.57 85.35 83.06 80.84 79.56 78.61 77.85 77.77 78.48 79.15 80.32 81.4 82.23 83.03 84.2
130.44 129.8 129.26 128.82 128.44 128.05 127.58 127.02 126.38 125.69 125 124.31 123.61 122.88 122.11 121.33 120.63 120.21 120.35 121.43 123.87 127.91 133.41 139.22 142.85 143.12 142.4 141.23 139.42 135.63 128.55 120.77 114.26 109.49 106.37 104.58 103.83 103.91 104.68 106.05 107.87 109.86 111.65 112.81 113.01 112.16 110.37 107.97 105.33 102.75 100.41 98.37 96.6 95.06 93.7 92.47 91.33 90.21 88.97 87.44 85.62 83.66 82.13 81.08 80.43 80.55 80.95 81.35 81.96 82.5 82.97 83.55 84.54
129.18 128.55 128 127.53 127.08 126.6 126.05 125.44 124.81 124.21 123.65 123.12 122.57 121.91 121.11 120.2 119.32 118.74 118.87 120.24 123.36 128.6 135.34 140.24 141.02 140.28 139.24 138.1 136.81 134.82 130.1 121.43 113.28 107.26 103.33 101.14 100.35 100.75 102.24 104.73 108.02 111.66 114.97 117.01 117.47 116.39 114 110.57 106.67 102.95 99.74 97.12 95.05 93.44 92.24 91.45 91.08 91.15 91.3 90.45 89.35 88.21 87.08 86.02 85.11 84.55 84.27 84.31 84.58 84.62 84.71 84.96 85.56
128.01 127.37 126.8 126.28 125.76 125.2 124.6 124 123.48 123.08 122.82 122.63 122.37 121.9 121.13 120.08 118.94 118.07 117.98 119.32 122.7 128.48 135.2 137.58 137.4 136.55 135.47 134.29 132.99 131.44 128.59 121.14 112.31 105.43 100.91 98.43 97.71 98.59 101.04 105.01 110.2 115.7 120.01 121.81 121.59 120.27 117.98 114.17 109.26 104.47 100.08 96.56 93.94 92.08 90.94 90.51 90.9 92.15 93.66 93.47 93.17 92.93 92.36 91.35 89.96 88.47 87.37 86.8 86.63 86.55 86.44 86.21 85.93
126.89 126.23 125.63 125.04 124.45 123.83 123.21 122.69 122.36 122.3 122.49 122.75 122.73 122.36 121.6 120.47 119.16 118.06 117.7 118.69 121.7 126.85 131.89 133.35 133.33 132.68 131.66 130.4 128.92 127.09 124.57 119.38 111.16 104.03 99.17 96.49 95.83 97.18 100.64 106.21 113.16 118.65 120.82 121.44 120.84 119.09 116.32 112.89 109.3 105.59 100.78 96.56 93.26 90.99 89.72 89.47 90.39 92.53 95.05 95.5 95.89 95.84 95.15 94.28 93.14 91.12 89.21 87.96 87.25 86.84 86.45 85.87 85.06
125.82 125.12 124.46 123.8 -9999 122.45 121.84 121.43 121.35 121.7 122.38 122.78 122.08 121.02 119.92 118.84 117.89 117.24 117.18 117.83 119.91 123.46 126.39 127.96 128.55 128.36 127.48 126.09 124.21 121.8 118.88 115.01 109.26 103.02 98.29 95.36 94.55 96.13 100.32 107.06 114.38 117.7 119.34 119.44 118.47 116.62 113.34 109.13 105.28 102.11 99.17 96.1 92.74 90.04 88.47 88.16 89.23 91.8 94.96 95.85 96.55 96.43 95.7 94.86 93.76 91.62 89.27 87.65 86.8 86.43 86.03 85.32 84.23
-9999 -9999 -9999 -9999 -9999 -9999 120.41 120.1 120.26 120.97 121.81 121.35 120.12 118.81 117.58 116.44 115.47 114.75 114.42 114.62 115.61 117.42 119.49 121.37 122.61 122.95 122.29 120.73 118.42 115.54 112.28 108.69 104.73 100.77 97.37 94.44 93.35 94.84 99.18 105.86 111.59 114.63 116.36 116.04 114.73 112.62 109.13 104.22 99.78 96.66 94.67 93.27 91.51 88.97 87.08 86.47 87.34 89.79 93.07 94.22 94.88 95.08 94.51 93.62 92.32 89.93 87.65 86.18 85.59 85.4 84.63 83.71 82.83
-9999 -9999 -9999 -9999 -9999 -9999 -9999 -9999 118.84 -9999 -9999 119.35 117.92 116.55 115.24 114.03 113.02 112.28 111.82 111.57 111.53 111.84 112.7 114.07 115.48 116.23 115.83 114.29 112.09 109.75 107.37 104.6 101.14 97.32 93.87 91.38 90.6 92.11 95.97 101.5 106.21 109.65 111.89 111.79 110.35 107.71 103.49 98.29 93.95 91.04 89.37 89.03 88.79 87.38 85.43 84.44 84.88 86.81 89.63 90.86 91.2 91.38 91.1 90.14 88.56 86.62 84.95 83.95 83.64 83.37 82.46 81.48 80.64
-9999 -9999 -9999 -9999 -9999 -9999 -9999 -9999 -9999 -9999 -9999 -9999 -9999 -9999 112.91 111.68 110.8 110.39 110.25 109.9 109.15 108.16 107.32 107.28 108.03 108.77 108.69 107.8 107.04 107.13 107.11 105.35 101.51 96.27 91.16 87.54 85.99 86.53 89.24 93.67 98.29 102.1 104.78 105.81 104.7 101.75 97.2 92.61 89.29 87.05 85.54 85.15 85.74 85.41 83.51 82.21 82.19 83.51 85.6 86.41 86.33 86.12 85.72 84.96 83.92 82.85 82.03 81.57 81.41 81.02 80.05 79.03 78.11
-9999 -9999 -9999 -9999 -9999 -9999 -9999 -9999 -9999 -9999 -9999 -9999 -9999 -9999 -9999 -9999 108.69 108.77 108.86 107.98 106.75 105.38 103.37 101.74 101.38 101.79 102.1 102.53 104.44 107.72 108.42 104.99 100.03 94.28 88.12 83.12 81 80.99 82.47 85.36 89.07 92.59 95.26 96.68 96.45 94.45 90.99 87.62 85.37 83.79 82.66 82.52 83.35 83.33 81.46 79.99 79.66 80.48 81.69 81.69 81.3 80.92 80.52 80.1 79.73 79.56 79.62 79.65 79.42 78.65 77.52 76.34 75.17
-9999 -9999 -9999 -9999 -9999 -9999 -9999 -9999 -9999 -9999 -9999 -9999 -9999 -9999 -9999 -9999 106.15 106.29 105.59 104.09 102.47 100.92 99.2 96.89 95.78 95.9 96.62 98.38 102.32 105.48 103.08 98.43 93.16 87.52 81.82 77 75.16 75.89 77.13 78.76 81 83.52 85.79 87.43 88.13 87.65 85.98 83.78 82.26 81.28 80.73 81.27 81.88 81.58 79.59 78.02 77.55 77.89 77.93 77.45 76.92 76.5 76.24 76.15 76.34 76.91 77.63 77.66 77.13 76.14 74.8 73.18 71.56
-9999 -9999 -9999 -9999 -9999 -9999 -9999 -9999 -9999 -9999 -9999 -9999 -9999 -9999 -9999 -9999 102.65 102.24 100.85 98.96 97.05 95.24 93.52 91.65 90.67 90.83 91.8 94.04 98.03 99.17 -9999 -9999 85.84 80.8 76.05 71.94 69.64 71.3 73.14 74.32 75.54 77.04 78.74 80.41 81.75 82.47 82.42 81.78 81.09 80.7 80.68 80.97 81.03 80.34 78.2 76.53 75.87 75.51 74.8 74.03 73.4 72.98 72.84 72.98 73.46 74.24 74.93 75.06 74.55 73.49 71.8 69.4 67.23
-9999 -9999 -9999 -9999 -9999 -9999 -9999 -9999 -9999 -9999 -9999 -9999 -9999 -9999 -9999 -9999 -9999 -9999 95.04 92.96 90.92 89 87.27 86.01 85.66 86.14 87.2 89.01 91.72 -9999 -9999 84.25 79.93 75.86 72.22 69.12 67.1 67.95 69.81 70.88 71.66 72.7 74.23 76.18 78.18 79.8 80.72 81.04 81.04 80.93 80.84 80.7 80.36 79.48 77.5 75.65 74.52 73.36 72.27 71.33 70.76 70.45 70.35 70.46 70.8 71.36 71.98 72.26 71.88 70.7 68.49 65.32 62.87
-9999 -9999 -9999 -9999 -9999 -9999 -9999 -9999 -9999 -9999 -9999 -9999 -9999 -9999 -9999 -9999 -9999 -9999 -9999 86.97 84.96 83.06 81.4 80.52 80.83 81.76 82.97 84.24 85.59 -9999 -9999 79.52 76.22 73.2 70.53 68.2 66.32 65.63 66.44 67.3 68.18 69.36 71.08 73.46 76.32 79.19 81.14 82.03 82.24 81.88 81.16 80.43 79.68 78.69 77.1 75.08 73.14 71.52 70.24 69.23 68.71 68.43 68.33 68.37 68.51 68.78 69.16 69.42 69.09 67.74 65 61.63 59.7
-9999 -9999 -9999 -9999 -9999 -9999 -9999 -9999 -9999 -9999 -9999 -9999 -9999 -9999 -9999 -9999 -9999 -9999 -9999 -9999 79.67 77.79 76.17 75.41 76.14 77.68 79.35 -9999 -9999 -9999 80.09 77.76 75.44 73.22 71.05 68.79 66.53 65.08 65.22 66.18 67.14 68.05 69.35 71.39 74.21 77.51 80.6 82.88 84.1 83.86 82.46 80.85 79.25 77.76 76.09 74.01 71.82 70.01 68.63 67.57 66.99 66.71 66.59 66.55 66.56 66.6 66.71 66.8 66.41 64.99 62.34 59.48 58.12
