raw_data/dias_helada/frostann.txt
ncols         886
nrows         691
xllcorner     111.975
yllcorner     -44.525
cellsize      0.05
NODATA_value  -9999
[rows 384 to 415 of 691, columns 71 to 141 of 886]
0.6333333 0.7 1.066667 1.933333 2.066667 2.766667 3.133333 3 3.033333 3.366667 3.4 3.433333 3.733333 4.333333 5.2 4.5 4.3 4.766666 4.566667 5.266667 5.666667 6.433333 6.633333 6.633333 7.033333 7.333333 9.2 9.433333 9.466666 10.06667 10.63333 10 10.63333 10.36667 11.3 11.63333 12.06667 13 13.43333 14 14.73333 15.7 16.86667 16.96667 17.23333 17.23333 16.6 16.4 16.73333 17.16667 17.3 17.4 16.8 16.36667 16.36667 16.73333 16.66667 16.26667 15.66667 15.2 15.3 16.13333 16.03333 16.1 16.56667 14.6 13.73333 13.5 13.9 14.1 14.16667
0.6333333 0.7333333 0.8666667 1.666667 2.066667 2.4 2.8 2.666667 2.7 2.8 2.933333 3.4 3.566667 3.966667 6.733334 4.766666 4.1 4.666667 4.266667 4.666667 5.333333 5.533333 5.733334 6.633333 7.066667 6.566667 7.733334 7.966667 8.333333 9.633334 9.333333 9.366667 9.766666 10.1 10.96667 12.1 12.76667 13.76667 14.5 15.46667 15.76667 15.83333 16.23333 16.36667 16.63333 16.43333 16.26667 16.1 16.46667 16.5 17.16667 16.9 16.43333 16.5 16.86667 17.26667 16.6 15.9 15.33333 15.1 15.53333 16.63333 17.76667 17.46667 16.26667 15.23333 14.56667 14.83333 15.33333 16.03333 15.93333
0.6 0.7666667 0.9333333 1.4 1.966667 2.033333 2.2 2.233333 2.366667 2.6 2.733333 2.933333 3.666667 3.7 4.233333 4.5 4.7 4.166667 4.066667 4.7 4.466667 4.933333 5.1 5.9 6.666667 6.266666 6.9 7.433333 8.033334 8.966666 9.066667 8.8 9.966667 10.1 10.7 11.43333 12.16667 13.16667 14.3 15.36667 15.06667 15.53333 15.8 15.9 16.23333 15.96667 16.06667 16 16 16.06667 16.2 16.33333 16.66667 16.56667 16.7 17.13333 16.1 15.6 15.26667 15.33333 15.76667 16.36667 16.8 16.5 15.76667 15.56667 15.4 15.36667 16.06667 18.36667 17.23333
1 0.7333333 1.066667 1.233333 1.566667 1.5 1.933333 2.033333 2.133333 2.566667 2.7 2.933333 3.2 3.533333 3.833333 3.933333 3.966667 3.766667 3.866667 4 4.6 4.933333 5.133333 5 5.7 6.233333 6.166667 6.5 7.366667 8.1 8.6 8.7 9.533333 10.26667 10.8 12.43333 12.5 13.46667 14.5 15.43333 14.9 15.06667 16.03333 15.56667 15.7 15.66667 15.9 16.1 16.6 16.56667 16.2 16.63333 16.83333 16.96667 17.53333 17.36667 16.4 15.6 15.5 15.93333 16.53333 16.33333 17.86667 17.13333 17.53333 17.3 15.96667 15.73333 16.03333 16.66667 18.13333
0.8 0.6333334 1.2 1.033333 1.033333 1.233333 1.4 1.666667 2.133333 2.433333 2.633333 2.733333 3 3.466667 3.366667 3.3 3.6 3.4 3.6 3.766667 4.633333 5.2 5 4.566667 5.5 5.733333 5.6 5.966667 6.533333 7.333333 7.8 8.666667 9.966667 10.63333 13.7 11.2 11.76667 13.1 13.8 14.73333 14.2 14.86667 15.7 15.53333 15.33333 15.5 15.9 16.53333 17.66667 17.8 17.13333 17.16667 17.46667 17.9 17.76667 16.03333 15.63333 15.83333 15.46667 15.4 15.73333 16.43333 17.8 18.1 17.8 17.13333 16.5 17.23333 18.16667 18.03333 18.1
0.4666667 0.5 0.9666667 1.1 0.9666667 1.033333 1.133333 1.366667 1.8 2.2 2.333333 2.866667 2.566667 3.066667 3 2.833333 2.933333 2.966667 3.566667 3.766667 3.733333 3.933333 4.133334 4.1 4.633333 5.066667 5.466667 6.033333 6.5 7.7 8.066667 8.866667 10.43333 10.06667 12.3 13.86667 12.53333 12.46667 13.26667 13.56667 13.8 15.2 15.13333 15.03333 15.06667 15.4 15.9 16.9 18.33333 17.56667 16.83333 17.73333 17.23333 17 17.53333 16.26667 16.03333 15.93333 16.1 16.46667 16.63333 17.2 17.9 19.7 18.96667 18.2 17.93333 17.53333 18.23333 19.13333 20.06667
0.4333333 0.5333334 0.7666667 0.7333333 0.9 0.9666667 1.033333 1.2 1.433333 1.833333 2.233333 2.266667 2.433333 2.533333 2.966667 2.933333 2.766667 3.366667 3.566667 3.566667 4.266666 4.033333 3.833333 3.833333 4.266667 4.733334 5.233333 6.033333 5.966667 7.2 7.633333 8.9 9.1 9.433333 10.83333 13.03333 14.03333 12.06667 12.36667 12.8 13.36667 14.06667 14.26667 14.43333 14.76667 15.4 16.2 17.6 16.96667 16.23333 16.9 17.06667 16.16667 16.03333 16.13333 16.26667 17 16.13333 15.96667 16.5 17.73333 17.4 17.86667 19.9 18.53333 19.3 18.43333 18.36667 18.76667 19.76667 21.56667
0.7 0.6333333 0.6333333 0.6666667 0.6 0.6666667 0.9 1.233333 1.466667 1.533333 1.8 1.866667 2.166667 2.866667 2.766667 2.933333 2.766667 3.166667 3.766667 4.2 4.133333 4.4 3.8 3.666667 4.033333 4.9 5.6 5.566667 5.866667 6.366666 7.333333 8.633333 9.7 9.266666 11.3 11.86667 14.13333 13.13333 13.1 12.83333 12.96667 13.46667 13.8 14.13333 14.8 15.3 16.76667 16.33333 16.1 15.9 15.86667 15.86667 16.46667 16.43333 15.93333 16.5 17.16667 15.73333 15.53333 15.86667 17.16667 16.66667 17.56667 19.16667 19.66667 18.83333 19.6 19.93333 20.7 21.16667 23
0.5333334 0.5666667 0.6666667 0.6 0.5666667 0.6 0.6 0.9333333 1 1.2 1.366667 1.566667 2.066667 2.2 2.566667 2.733333 3.233333 3.133333 3.1 3.666667 4 3.566667 3.666667 3.633333 3.933333 4.533333 5.2 6.066667 6.233334 6.166667 6.933333 7.666667 8.333333 9.366667 10.13333 11 12.16667 12.63333 13.16667 13.03333 12.83333 13.13333 13.43333 14.13333 14.9 15.83333 16.46667 15.86667 15.56667 16.33333 17.16667 16.43333 16.13333 15.9 15.53333 15.1 15.2 14.93333 15.93333 15.86667 16.33333 16.56667 17.2 18.86667 20.56667 20.96667 21.66667 21.7 22.23333 22.23333 24.53333
0.4666667 0.4666667 0.5333334 0.5333334 0.5 0.5 0.6333333 0.7333333 0.7666667 1.2 1.366667 1.566667 1.733333 1.9 2.533333 2.433333 2.966667 2.8 3 3.133333 4 3.933333 3.7 3.5 3.733333 4.3 4.5 5.6 5.833333 6.033333 7.1 7.833333 7.933333 8.7 9.033334 10.53333 12.3 12.16667 12.1 12.13333 12.3 13.06667 13.16667 13.43333 14.06667 14.96667 15.86667 15.13333 15.5 15.9 16.83333 15.56667 15.2 15.1 15.26667 15.06667 14.8 14.73333 15.26667 16.03333 17.03333 18.16667 18.03333 19.1 21.03333 22.73333 23.33333 23.13333 23.66667 23.4 24
0.4666667 0.4666667 0.5333334 0.5 0.5 0.5 0.5333334 0.7333333 0.7666667 1.133333 1.2 1.566667 1.933333 2.2 2.066667 2.1 2.366667 2.2 2.633333 3.4 3.7 3.566667 3.366667 3.3 3.433333 4.033333 4.933333 5.166667 6.2 6.033333 7.5 7.733333 7.7 7.733334 8.333333 10.33333 11.43333 11.96667 11.26667 11.56667 12.1 13.2 13.46667 13.23333 13.53333 14.56667 14.56667 14.53333 14.8 15.7 15.3 14.8 15.3 15.6 15.73333 15.8 15.63333 15.4 15.56667 16.56667 17.3 18.9 19.1 19.93333 19.8 22.16667 22.16667 22.9 24.13333 23.33333 24
0.4666667 0.4666667 0.5 0.5333334 0.5 0.5 0.5333334 0.5333334 0.5666667 0.7666667 1.033333 1.266667 1.666667 1.466667 2.033333 1.766667 1.833333 2 2.466667 2.733333 3.3 3.266667 3.133333 3.466667 3.366667 3.633333 4.066667 4.666667 5.166667 6.2 6.533333 7.233334 7.9 7.966667 7.866667 8.5 9.866667 11.06667 10.56667 11 11.53333 12.23333 13.1 13.66667 13.33333 13.33333 14 14.13333 14.43333 14.63333 14.46667 14.3 14.1 14.16667 14.16667 14.23333 14.73333 15.26667 16.5 16.4 17.33333 19.16667 18.63333 18.8 19.3 20.36667 21.9 22.53333 23.76667 22.93333 24.23333
0.4666667 0.4 0.5 0.5333334 0.5 0.5333334 0.5333334 0.5333334 0.6 0.8 1.033333 1.133333 1.4 1.666667 1.4 1.633333 1.7 2.066667 2.266667 2.5 3.066667 3.733333 3.6 3.333333 3.233333 3.333333 4.133334 4.2 5.1 5.633333 5.666667 6.266667 7.033333 7.466667 7.7 8.2 8.466667 9.099999 9.3 10.06667 10.93333 12 12.33333 13.26667 13.33333 13.46667 14.26667 14 13.73333 13.9 14.06667 14.6 14.16667 13.63333 13.4 13.63333 14.2 14.5 16.1 17.2 18.3 18.26667 18.9 19.23333 19.73333 19.96667 21.13333 23.3 23 22.7 23.2
0.3666667 0.3666667 0.4666667 0.4666667 0.5333334 0.5666667 0.5666667 0.5666667 0.6 0.8 1 1.133333 1.366667 1.166667 1.266667 1.533333 1.8 1.8 2.5 2.466667 3.2 3.5 3.366667 3.266667 3.466667 3.333333 3.633333 4.166667 4.333333 4.766667 5.5 6.1 7.666667 7.433333 7.866667 7.866667 8.533334 8.7 8.566667 9.433333 10.4 10.63333 11.26667 11.8 12.36667 13.56667 14.83333 14.23333 13.83333 14.06667 14.73333 14.56667 14.8 13.76667 13.23333 13.16667 13.7 14.23333 15.23333 16.5 18 19 20.3 20.53333 20.3 19.63333 21 21.73333 21.73333 23 24
0.4666667 0.4666667 0.5 0.5 0.5 0.5666667 0.5666667 0.5666667 0.6 0.6 0.8 0.9333333 1.066667 1.066667 1.4 1.633333 2.166667 2.1 2.033333 2.633333 3.333333 3.6 3.466667 3.3 3.333333 3.366667 3.566667 4.233333 4.566667 4.733334 5.366667 5.666667 5.966667 6.8 8.166667 7.866667 8.333333 8.099999 8.1 8.533333 9.133333 9.7 10.4 11.33333 11.36667 11.96667 12.66667 14 13.9 14.53333 15.23333 15.33333 14.7 13.73333 13.1 13.2 13.56667 14.3 15.53333 17.1 18.9 19.5 20.26667 19.26667 20.53333 19.9 20.73333 21.53333 21.46667 22.9 23.8
0.5333334 0.5333334 0.6 0.5333334 0.5333334 0.6 0.5666667 0.6 0.6333333 0.7333333 0.7666667 0.7666667 0.8333334 1.133333 1.566667 1.9 1.933333 2.366667 2.9 2.933333 2.666667 3.4 3.8 3.266667 3.366667 3.366667 3.366667 3.533333 3.966667 4.433333 4.633333 4.933333 6 5.966667 7.266666 7.766667 7.866667 7.966667 7.866667 8.133333 8.666667 8.933333 9.666667 10.63333 11.33333 11.2 11.36667 12 12.1 12.56667 13 13.63333 14.8 14.13333 13.43333 12.93333 13.26667 13.66667 14.86667 15.8 17.86667 18.3 18.73333 19.63333 19.13333 19.53333 20.2 20.86667 22.33333 23.3 24.53333
0.4666667 0.5333334 0.5666667 0.5666667 0.5333334 0.5333334 0.5666667 0.6 0.6 0.7333333 0.7666667 1 1.133333 1.133333 1.5 1.6 1.966667 2.033333 2.933333 2.766667 2.4 3.166667 3.6 3.233333 3.2 3.233333 3.433333 3.466667 3.866667 4 4.433333 4.833333 5.4 6.8 6.5 8.2 7.833333 7.933333 7.833333 7.766666 8.366667 9.3 9.666667 9.766666 10.9 10.36667 10.73333 11.26667 11.96667 12.43333 12.5 12.86667 15.33333 14.26667 13.66667 13.56667 13.83333 14.3 14.7 16 16.76667 18.06667 17.4 18.26667 18.46667 19.7 19.96667 20.76667 21.63333 21.86667 22.93333
0.5333334 0.6 0.5333334 0.5 0.6666667 0.5666667 0.5666667 0.5666667 0.6333333 0.7 0.9666667 1.4 1.3 1.533333 1.9 1.6 1.733333 1.966667 2.2 2.133333 2.466667 3.066667 3.466667 3.2 3.033333 3.1 3.3 3.766667 3.6 3.7 4.4 4.866667 5.066667 5.266666 6.233333 6.733333 7.566667 7.533333 7.533333 7.5 7.966667 9.066667 9.366667 9.4 10.33333 10.53333 10.33333 10.63333 11.93333 12.43333 12.93333 12.6 13.03333 14.63333 14.36667 14.23333 14.36667 15.03333 15.23333 15.8 16.63333 16.6 17.76667 18.1 18.83333 21.2 20.5 20.4 20.4 21.53333 22.46667
0.7333333 0.7666667 0.7666667 0.6666667 0.6666667 0.6666667 0.6666667 0.6 0.6333333 0.6 0.8 1.433333 1.5 1.433333 1.566667 1.633333 1.966667 2.4 2.666667 2.433333 2.966667 3 3.3 3.3 3.166667 3.3 3.3 3.5 3.8 3.466667 4 4.6 4.6 5.033333 5.466667 5.966667 6.2 6.3 7.166667 7.233334 8.133333 9.033333 9.6 9.866667 10.83333 11.9 10.8 10.4 11 11.4 11.9 12.66667 12.7 13.3 13.83333 14.63333 14.53333 15.4 15.9 15.86667 16 16.5 17.73333 18.76667 19.26667 21.3 21.1 20.93333 20.26667 20.66667 21.93333
0.7666667 0.8333334 0.7333333 0.7 0.8333334 0.8 0.6333333 0.6666667 0.7 0.7 0.9 1.233333 1.566667 1.466667 1.8 1.6 2.133333 1.833333 2.166667 2.066667 2.266667 2.4 2.933333 3.2 3.266667 3.466667 3.5 3.333333 4.3 4.233334 3.666667 4.133333 4.733334 5.3 5.966667 6.133333 6.133333 6.533333 6.166667 6.733333 7.4 7.8 8.9 9 10.03333 10.8 10.83333 11.06667 11.3 11.76667 12.96667 14.5 13.8 13.9 13.43333 13.9 14.6 15.5 16.66667 16.23333 16.76667 16.96667 17.66667 19.86667 18.56667 18.93333 18.9 18.86667 19.33333 20.3 20.6
0.7 0.7333333 0.7666667 0.8666667 0.8333334 0.7333333 0.7666667 0.8 0.8333334 0.8666667 1.066667 1.566667 1.7 1.9 2.133333 2.2 1.966667 2.066667 2.333333 2.4 2.6 2.633333 3 2.966667 2.833333 2.866667 3.1 3.7 4.366667 3.8 3.766667 4.166667 4.533333 4.9 5.666667 5.833333 5.733334 6.2 5.866667 6.333333 6.933333 7.633333 8.166667 8.7 9.933333 10.83333 12.03333 12.43333 12.8 13.03333 12.9 14.03333 14.53333 15 14.03333 15.63333 14.96667 15.63333 16.63333 17.8 16.53333 17.56667 18.3 18.06667 18.1 18.03333 18.2 18.7 18.7 19.46667 19.63333
0.7 0.8 0.8333334 0.8333334 1 0.8333334 0.7666667 0.7666667 0.8333334 1.033333 1.433333 1.5 2.133333 2.3 2.2 2.133333 2.133333 2.4 2.566667 2.366667 2.5 2.933333 2.933333 2.733333 2.733333 3.166667 3.733333 4.033333 3.933333 3.9 3.533333 3.866667 4.066667 4.333333 4.866667 5.433333 5.366667 5.8 5.633333 5.966667 6.933333 8.066667 8.5 8.9 9.3 11.13333 11.63333 11.86667 12.4 13.33333 14.53333 15.06667 15.1 15.43333 15.13333 15.6 17.03333 16.63333 18.3 16.86667 16.86667 17.8 18.86667 18 17.86667 19.23333 19.23333 18.86667 19.23333 18.6 19.2
0.8333334 1.233333 1.166667 1.033333 1.2 0.9 0.9 0.8333334 0.8333334 0.9666667 1.333333 1.6 2.3 2.266667 2.233333 2.433333 2.433333 2.7 2.266667 2.3 2.366667 2.566667 2.9 2.9 2.666667 2.866667 3.166667 3.333333 4 3.733333 3.566667 3.733333 3.866667 4.066667 4.566667 5.633333 5.6 5.466667 5.666667 5.866667 6.466667 7.766666 8.6 9.3 9.933333 10.7 11.13333 12.36667 13.4 12.9 14.36667 14.83333 14.46667 14.96667 15.1 15.9 17.23333 17.5 18.26667 17.66667 17.16667 17.23333 17.73333 19.06667 19.46667 19.96667 19.96667 19.36667 19.33333 19.16667 18.86667
1.033333 0.9666667 1.466667 1.2 1.133333 1 1.066667 0.9333333 0.9666667 1.066667 1.366667 1.666667 1.866667 2.3 2.366667 2.466667 2.5 2.366667 2.366667 2.466667 2.433333 2.433333 2.866667 2.566667 2.733333 2.666667 3.133333 3.3 3.566667 4 3.666667 4.033333 3.966667 3.933333 4.433333 5.166667 5.5 5.6 5.966667 5.866667 6.533333 6.733334 8.066667 9.633333 9.966667 10.76667 11.23333 12.4 13.4 13.06667 13.7 14.03333 14.43333 15.2 16.4 16.06667 17.16667 16.9 16.3 16.9 16.63333 16.7 16.9 17.06667 18.03333 18.76667 19.13333 18.4 18.43333 18.33333 18.7
0.7666667 1 1.566667 1.033333 0.9 0.9333333 1.033333 1 0.9666667 1.066667 1.4 1.666667 2.4 2.4 2.333333 2.333333 2.3 2.266667 2.3 2.366667 2.6 2.633333 2.966667 2.633333 2.433333 2.9 3.233333 3.3 3.4 4.1 3.866667 4.066667 3.933333 3.933333 4.2 5.033333 5.833333 5.4 5.566667 5.866667 7 7.233333 8.266666 8.5 10.13333 9.566667 10.83333 11.76667 13.33333 14.3 13.96667 15.1 15.53333 15.73333 16.33333 16.5 16.83333 17.16667 16.73333 15.93333 16.1 16.8 17.53333 16.23333 17.5 17.5 18.33333 17.4 17.83333 18.2 19.13333
1.166667 1 1.933333 1 0.8666667 0.9 1 1.166667 1.2 1.233333 1.633333 1.933333 2.366667 2.533333 2.4 2.266667 2.4 2.466667 2.666667 2.7 2.733333 2.833333 2.8 2.733333 2.433333 2.9 2.933333 3.133333 3.833333 4.433333 4.066667 4.1 3.866667 4.2 4.466667 4.8 5.933333 5.733333 5.666667 5.9 6.466667 6.8 7.4 8.066667 9 9.533333 9.9 11.2 12.16667 13.63333 15.3 14.1 14 14.66667 15.73333 16.06667 15.53333 17.8 17.13333 16.43333 15.8 15.86667 16 16.13333 16.5 17.56667 17.36667 17.46667 17.93333 18.8 19.7
0.8 0.8 1.233333 1.266667 0.9 1.1 1.266667 1.333333 1.533333 1.533333 1.933333 2.366667 2.9 2.466667 2.5 2.633333 2.433333 2.6 3.066667 3.133333 2.9 3.133333 2.766667 2.5 2.6 2.733333 3.333333 3.566667 3.966667 4.233333 4.433333 4.1 4.1 4.5 4.766667 4.866667 6.1 5.9 5.866667 6.3 6.266667 6.633333 6.9 7.666667 8.7 9.533333 9.4 10.76667 11.4 13.36667 14.16667 13.43333 13.23333 15.13333 15.53333 15.96667 15.23333 15.63333 16.86667 17.13333 16.93333 17.36667 16.3 16.76667 17.66667 17.66667 17.63333 19.33333 18.8 19.8 21.8
1.1 0.9666667 1.1 1.333333 0.8666667 1.233333 1.4 1.366667 1.433333 1.8 2.466667 2.666667 2.7 2.6 2.7 2.733333 2.766667 2.9 2.833333 3.233333 2.966667 2.8 2.7 2.666667 2.7 2.666667 3.133333 3.366667 3.833333 3.9 4.733334 4.1 4.1 4.566667 5.5 6.233333 5.933333 5.966667 6.566667 6.366667 7.4 6.533333 7.2 7.8 8.766666 8.933333 8.933333 9.9 11.33333 12.53333 12.7 12.93333 12.66667 14 15.06667 15.8 15.56667 14.96667 15.63333 16.46667 16.1 16.76667 15.93333 17.16667 19.1 19.06667 19.26667 19.73333 20.86667 21.26667 20.13333
1 0.7666667 1.3 1.033333 1.233333 1.233333 1.3 1.7 1.7 1.766667 2 2.633333 2.666667 2.8 2.866667 3.1 3.2 3.166667 3.333333 3.3 2.866667 2.933333 2.966667 3.166667 2.7 2.733333 3.033333 3.333333 3.5 3.866667 4.1 4.566667 4.6 4.933333 6.166667 6 5.933333 5.6 6.233333 7.333333 7.166667 6.7 7.366667 7.933333 9.4 9.4 9.3 9.2 10.1 11.03333 13.3 12.23333 12.66667 12.86667 14.8 16.3 15.13333 16.33333 15.03333 15.3 15.13333 16.3 17.2 18.13333 20.23333 19.23333 19.46667 19.36667 21.06667 20.93333 20.4
0.6666667 0.7666667 1.366667 0.9 1.266667 1.2 1.466667 1.8 1.733333 1.766667 2.333333 2.633333 3.466667 3.266667 3.4 3.6 3.6 3.266667 3.433333 3.433333 3.3 3.133333 2.766667 2.733333 3.366667 3.4 2.966667 3.666667 3.7 4 4.066667 4.5 5.466667 6.333333 5.6 5.5 5.4 5.666667 6.6 6.366666 7 7.766667 8.266666 9 9.2 9.7 9.466667 9.266666 9.366667 10.4 11.83333 12.83333 11.7 12.23333 13.43333 13.96667 13.56667 15.2 14 14.43333 15.83333 16.96667 18.6 19.1 20.43333 20.03333 19.26667 19.13333 20.23333 21.2 20.26667
0.5 0.6333333 0.7333333 0.9 1.033333 1.566667 1.433333 1.833333 1.8 1.833333 2.333333 3.033333 3.3 3.933333 4.233334 3.866667 3.6 3.366667 3.266667 3.3 3.133333 2.9 2.766667 3.2 2.966667 2.966667 3.1 3.4 3.666667 3.866667 3.866667 4.533333 5.133333 5.366667 4.933333 5.466667 5.1 6.133333 6.3 6.166667 6.566667 7.5 8.3 9.433333 8.666667 8.866667 8.933333 9.233334 9.266666 10.2 11.2 13.06667 12.36667 11.86667 12.33333 13.2 12.76667 13.1 14.86667 14.73333 16.5 19.16667 19.76667 21.13333 20.06667 20.56667 18.83333 18.96667 20.3 19.36667 19.8
0.3 0.9 1.033333 0.9666667 1.266667 1.6 1.433333 1.966667 2.1 1.966667 2.5 3.166667 3.833333 4.366667 3.866667 3.566667 3.633333 3.7 3.466667 3.233333 3.066667 2.8 2.8 2.8 2.9 3.166667 3.2 3.766667 3.7 4.066667 4.366667 4.666667 5.9 5.033333 6.033333 5.3 5.366667 5.666667 6.1 6.533333 6.866667 7.366667 8 9 9.533334 9.266666 9.066667 8.8 9.166667 9.833333 10.66667 13.36667 12.7 11.86667 12.1 12.6 12.6 13.4 15.56667 15.36667 16.7 18.96667 20.4 20.86667 19.43333 20.53333 19.4 18.3 20.53333 19 19.26667
