raw_data/dias_helada/frostann.txt
ncols         886
nrows         691
xllcorner     111.975
yllcorner     -44.525
cellsize      0.05
NODATA_value  -9999
[rows 416 to 447 of 691, columns 781 to 851 of 886]
88.43333 83.53333 88.5 89.8 91.3 94.83333 97.83334 100.9 101.2 97.2 97.23334 97.2 94.83334 88.73333 73.03333 59.66667 59.76667 53.6 37.76667 44.7 50.56667 32.63334 24.4 41.83333 30.86667 19.96667 21.93333 17.9 11.7 12.76667 10.96667 8.8 9.3 4.433333 3.766667 1.433333 0.7 0.3 0.2 0.1 0.06666667 0.06666667 0 0 0 0 0 0 0 0 0 0 0 0 0 0 0 0 0 0 0 0 0 0 0 0 0 0 0 0 0
71.43333 91.1 89.1 92.53333 93.13333 102.5 102.1333 105.8 104.0333 102.7 102.2333 101.2333 99.06667 93.43333 91.8 82.96667 76.36667 74.13333 45.33333 41.33333 34.56667 31.46667 22.8 41.76667 47.3 35.66667 17.76667 19.33333 12.06667 12.53333 7 7.666667 5.1 4.233333 2.766667 1.133333 0.6333333 0.2 0.1333333 0.1 0.06666667 0 0 0 0 0 0 0 0 0 0 0 0 0 0 0 0 0 0 0 0 0 0 0 0 0 0 0 0 0 0
79.73333 85.33334 88.6 91.13333 96.73334 100.0667 104.3 106.8 108.6667 107.1 106.6333 104.8 100.9333 96.33334 97.56667 91.66666 86.53333 80.9 52.26667 36.46667 58.3 38.16667 39.66667 35.36667 49.06667 40.36667 17.63333 16.76667 14.2 11.83333 6.833333 5.133333 5.6 3.366667 3.1 1.066667 0.6666667 0.2 0.1333333 0.1 0.06666667 0.03333334 0 0 0 0 0 0 0 0 0 0 0 0 0 0 0 0 0 0 0 0 0 0 0 0 0 0 0 0 0
82.03333 87.5 105.5333 99 96.4 104.2333 101.7 107.9 110.2333 108.7 107.2333 104.6667 101.6667 97.63333 95.8 94.5 85.93333 60.43333 49.96667 34.73333 60.16667 42.73333 25.86667 36.03333 28.56667 24.46667 27 15.6 16.93333 8.766666 6.1 5.033333 4.4 3.666667 1.933333 1.066667 0.7 0.2 0.1333333 0.1 0.1 0.03333334 0 0 0 0 0 0 0 0 0 0 0 0 0 0 0 0 0 0 0 0 0 0 0 0 0 0 0 0 0
61.2 72.53333 73.96667 80.36667 72.63333 96.23333 108.9 106.3667 110.6 109.6 109.5333 107.1667 101.1333 96.46667 93.2 95.43333 93.2 81.36667 49.83334 34.76667 28.76667 47.8 53 24.5 33.4 39.46667 38.73333 18.16667 13.4 8.7 8.333333 5.266666 3.666667 2.866667 2 1.233333 0.8 0.2 0.1333333 0.1 0.1 0.03333334 0.03333334 0.03333334 0.03333334 0 0 0 0 0 0 0 0 0 0 0 0 0 0 0 0 0 0 0 0 0 0 0 0 0 0
52.06667 52.46667 56.73333 61.4 67.03333 85.2 94.9 105.6667 104.3333 108.4333 108.5667 106.2333 102.7 98.1 84.23334 71.73333 79.3 75.46667 65.93333 60.63333 35.3 31.03333 38.03333 42.56667 37.63334 29.76667 23.1 25.66667 12.6 10.53333 7.833333 9.633333 5.5 3.1 2.366667 1.633333 1 0.2666667 0.1666667 0.1333333 0.1 0.06666667 0.06666667 0.03333334 0.03333334 0.03333334 0.03333334 0.03333334 0.03333334 0.03333334 0.03333334 0.03333334 0.03333334 0 0 0 0 0 0 0 0 0 0 0 0 0 0 0 0 0 0
54.63334 66.93333 56.13333 78.83334 77.53333 79.3 90.06667 108.1667 104.2667 107.4667 107.1667 104.7 102.2 99.53333 92.3 76.63333 74.33334 59.4 38.3 31.5 29.9 53.06667 35.93333 41.36666 31.06667 36.5 26.03333 12 23.16667 9.599999 7.3 5.9 4.1 3.3 2.366667 1.9 1.133333 0.4666667 0.2 0.1333333 0.1 0.06666667 0.06666667 0.06666667 0.03333334 0.03333334 0.03333334 0.03333334 0.03333334 0.03333334 0.03333334 0.03333334 0.03333334 0.03333334 0.03333334 0 0 0 0 0 0 0 0 0 0 0 0 0 0 0 0
49.7 61.1 69.13333 68.3 86.43333 71.16666 90.36667 105.7667 103.4667 104.2333 104.2667 103.4333 102.5333 98.4 94.66666 88.73334 65.73334 56.86667 69.56667 53.46667 29.33333 50.6 54.96667 52.83333 50.86667 40.26667 50.26667 21.73333 24.93333 11.36667 9.8 6.266667 4.966667 3.733333 2.4 1.9 1.1 0.5666667 0.2333333 0.1333333 0.1333333 0.1 0.06666667 0.06666667 0.06666667 0.03333334 0.03333334 0.03333334 0.03333334 0.03333334 0.03333334 0.03333334 0.03333334 0.03333334 0.03333334 0.03333334 0 0 0 0 0 0 0 0 0 0 0 0 0 0 0
52.46667 65.9 79.2 86.93333 77.1 76.3 97.5 108.8667 102.6333 106.3 105.4667 101.9333 102.0333 100.9333 93.03333 75.63333 76.63333 76.1 60.83333 50.83333 48.13333 59.56667 52.83333 45.33334 43.43333 46.86666 28.1 28.43333 12.36667 12.83333 8.366667 6.866667 4.266667 3.5 2.4 1.766667 1.233333 0.6333334 0.3 0.2333333 0.1333333 0.1333333 0.06666667 0.06666667 0.06666667 0.06666667 0.03333334 0.03333334 0.03333334 0.03333334 0.03333334 0.03333334 0.03333334 0.03333334 0.03333334 0.03333334 0 0 0 0 0 0 0 0 0 0 0 0 0 0 0
54.16667 61.6 56.86667 67.43333 80.23334 87.33334 89.36667 95.46667 101.2 103.6 104.0333 101.5667 101.6 99.56667 90.46667 86.4 87.53333 73.23333 65.73333 65.03333 54.4 55.13334 55.23333 25.6 35.13333 14.23333 15.36667 20.03333 9.9 7.566667 6.466667 4.966667 3.7 3.466667 2.5 1.933333 1.166667 0.7 0.3333333 0.2333333 0.1333333 0.1333333 0.06666667 0.06666667 0.06666667 0.06666667 0.06666667 0.06666667 0.03333334 0.03333334 0.03333334 0.03333334 0.03333334 0.03333334 0.03333334 0.03333334 0 0 0 0 0 0 0 0 0 0 0 0 0 0 0
59.7 64.36667 54.46667 75.53333 65 83.8 94.2 100.2333 102.4667 101.2 101.7 105.5 104.5 103.5 89.63333 87.33334 71.83334 73.9 75.8 64.43333 56.13334 32.33333 23.33333 13.33333 17.6 12.66667 11.1 12.73333 7.5 8.366667 9.233334 5.333333 4.033333 2.933333 2.566667 1.866667 1.333333 0.8666667 0.4333333 0.3 0.2 0.1333333 0.1 0.06666667 0.06666667 0.06666667 0.06666667 0.06666667 0.06666667 0.03333334 0.03333334 0.03333334 0.03333334 0.03333334 0.03333334 0.03333334 0 0 0 0 0 0 0 0 0 0 0 0 0 0 0
63.66666 63.6 75.96667 70.36667 66.6 63.26667 84.76667 104.7667 104.9667 104 104.5 102.7667 93.83334 87.3 88.23334 58.46667 65.7 70.23333 41.56667 62.43333 54.83334 40.03333 28.7 13.66667 24.16667 8.866667 7.566667 13.3 7.266667 9.533334 6.1 5.066667 4.6 3.466667 2.466667 1.833333 1.333333 1 0.6 0.3333333 0.2666667 0.1666667 0.1 0.1 0.06666667 0.06666667 0.06666667 0.06666667 0.06666667 0.03333334 0.03333334 0.03333334 0.03333334 0.03333334 0.03333334 0 0 0 0 0 0 0 0 0 0 0 0 0 0 0 0
76.03333 59.6 63.46667 64.46667 82.46667 80.06667 68.4 93 104.4333 101.5667 93.43333 87.3 76.33334 79.16666 52.1 70.23334 41.96667 57.03333 32.2 30.3 38.83333 33.3 25.53333 10.73333 8.166667 7.233334 6.333333 7.3 5.9 8.433333 5.1 4.633333 3.8 3.1 2.566667 2 1.333333 1.166667 0.7666667 0.4 0.3333333 0.2 0.1666667 0.1 0.1 0.06666667 0.06666667 0.06666667 0.06666667 0.06666667 0.03333334 0.03333334 0.03333334 0.03333334 0.03333334 0 0 0 0 0 0 0 0 0 0 0 0 0 0 0 0
64.46667 63.93333 74.43333 104.1 102.7667 88.1 94 101.3333 101.4333 88.06667 80.76667 82.3 70.96667 71.43333 50.06667 40.76667 39.86667 27.6 31.36667 18.36667 35.5 24.26667 42.76667 18.93333 18.63333 12 7.6 6.333333 6.533333 5.866667 4.666667 4.2 3.533333 3.3 2.666667 2.233333 1.566667 1.266667 0.8666667 0.5333334 0.3666667 0.2333333 0.1666667 0.1333333 0.1 0.06666667 0.06666667 0.06666667 0.06666667 0.06666667 0.03333334 0.03333334 0.03333334 0.03333334 0.03333334 0 0 0 0 0 0 0 0 0 0 0 0 0 0 0 0
72 63.76667 77.86667 96.6 95.9 76.76667 99.66666 83.06667 89.6 91.6 80.76667 85.93333 80.8 66.23334 69 34.36667 43.86667 32.36666 27.13333 30.2 26.63333 19.43333 26.26667 22.16667 15.53333 12.23333 10.76667 5.966667 6.233333 6.966667 5.6 4.3 4.233333 4.8 2.966667 2.6 1.8 1.366667 0.9333333 0.7333333 0.5 0.3 0.1666667 0.1333333 0.1333333 0.1 0.06666667 0.06666667 0.06666667 0.06666667 0.03333334 0.03333334 0.03333334 0.03333334 0.03333334 0 0 0 0 0 0 0 0 0 0 0 0 0 0 0 0
69.53333 70.03333 80.13333 85.86667 83.6 66.36667 73.1 62.13333 57.63333 79.3 83.26667 52 65.1 61.26667 54.4 44.9 31 29.8 17.9 19.16667 17.63333 21.5 16.63333 20.96667 19.96667 16.2 10.66667 7.3 10.56667 6.466667 5.633333 4.966667 4.633334 3.733333 3.3 3 2.2 1.533333 1 0.7666667 0.6 0.4 0.2 0.1333333 0.1333333 0.1 0.06666667 0.06666667 0.06666667 0.06666667 0.03333334 0.03333334 0.03333334 0.03333334 0.03333334 0 0 0 0 0 0 0 0 0 0 0 0 0 0 0 0
85.6 77.53333 73.96667 93.5 85.26667 60.66667 86.2 70.56667 41.26667 67.13333 39.93333 28.1 22.6 31.63333 42.36666 40.1 34.13334 15.6 29.33333 39.93333 11.4 18.33333 25.16667 25.2 19.7 16.93333 8.366667 12.7 16.63333 13.33333 9.6 6.5 4.133333 3.766667 3.366667 3.333333 2.433333 1.633333 1.1 0.7666667 0.6333333 0.4 0.2666667 0.1666667 0.1333333 0.1333333 0.06666667 0.06666667 0.06666667 0.06666667 0.03333334 0.03333334 0.03333334 0.03333334 0 0 0 0 0 0 0 0 0 0 0 0 0 0 0 0 0
61.4 61.13334 88.16667 80.63333 89.26667 65.63333 60.36667 54.86666 41.3 32.66666 25.1 23.06667 19.66667 21.96667 17.56667 53.1 20.36667 27.13333 15.56667 15.76667 14.16667 16.16667 30.63333 17.4 15.06667 12.5 8.633333 17.46667 15.26667 7.366667 5.666667 4.3 3.733333 3.7 3.533333 3.333333 2.433333 1.733333 1.1 0.8 0.6 0.5 0.3 0.1666667 0.1666667 0.1333333 0.1333333 0.06666667 0.06666667 0.06666667 0.03333334 0.03333334 0.03333334 0.03333334 0 0 0 0 0 0 0 0 0 0 0 0 0 0 0 0 0
57.4 42.4 57.83333 63.93333 85.56667 72.9 71.6 49.93333 48.26667 47.56667 43.7 50.7 39.63333 26.03333 23.3 14.13333 41.06667 21.4 14.36667 10.43333 9.7 11.1 18.16667 10.53333 9.9 7.433333 7.1 6.2 5.666667 5.9 4.733333 4.966667 3.7 3.6 3.1 2.9 2.3 1.566667 1.233333 0.8666667 0.5666667 0.5333334 0.2666667 0.2 0.1666667 0.1666667 0.1333333 0.06666667 0.06666667 0.03333334 0.03333334 0.03333334 0.03333334 0 0 0 0 0 0 0 0 0 0 0 0 0 0 0 0 0 0
49.63334 43.43333 61.9 61.76667 58.06667 50.4 52 63.26667 68.46667 69.53333 55.43333 29.1 25.76667 26.26667 34.26667 30.43333 13.43333 15.53333 14.73333 17.16667 8.3 10.53333 10.83333 9.733334 9.166667 6.866667 6.933333 5.266667 5.166667 4.766667 6.033333 5.233334 3 2.766667 2.666667 2.3 1.833333 1.533333 1.1 0.7333333 0.5666667 0.5 0.2666667 0.2 0.2 0.1666667 0.1333333 0.1 0.03333334 0.03333334 0.03333334 0.03333334 0.03333334 0 0 0 0 0 0 0 0 0 0 0 0 0 0 0 0 0 0
40.36666 43.1 65.1 69.56667 57.96667 39.66666 45.76667 50.16667 75.3 72.3 50.2 45.3 25.26667 27.73333 29.23333 17.53333 22.5 10.6 8.6 9.733334 9.166666 11 14.13333 10.36667 7.433333 8.466666 6.166667 5.2 4.566667 4.033333 3.3 3.133333 2.4 2.133333 1.9 1.7 1.4 1.233333 0.9333333 0.6333333 0.6 0.4 0.3 0.2 0.2 0.1333333 0.1 0.06666667 0.03333334 0.03333334 0.03333334 0.03333334 0 0 0 0 0 0 0 0 0 0 0 0 0 0 0 0 0 0 0
36.66667 38.63333 52.2 49.4 66.13333 34.7 52.53333 79.83334 79.16666 75.33333 64.26667 65.1 38.66667 25.93333 29.46667 25.96667 13.46667 9.166667 22.26667 15.4 8.166667 6.6 8.966666 15.73333 7.433333 6.233333 5.566667 5.133333 4.4 3.8 3.066667 2.4 1.8 1.5 1.466667 1.333333 1.2 1.166667 0.8666667 0.6666667 0.5 0.3666667 0.3333333 0.2333333 0.1666667 0.1333333 0.1 0.06666667 0 0 0 0 0 0 0 0 0 0 0 0 0 0 0 0 0 0 0 0 0 0 0
31.16667 36.6 38.26667 35.56667 35.6 55.96667 47.86667 78.43333 90 80.8 73.93333 35.8 39.16667 19.53333 21.26667 19.4 10.63333 10.33333 9.8 9.633333 7.733333 7.166667 8 6.933333 6.033333 6.433333 5.066667 5.333333 4.2 3.466667 2.7 2.366667 1.733333 1.4 1.3 1.2 1.1 0.9666667 0.8333334 0.6 0.4333333 0.3666667 0.2333333 0.1333333 0.1 0.1 0.06666667 0.03333334 0 0 0 0 0 0 0 0 0 0 0 0 0 0 0 0 0 0 0 0 0 0 0
32.4 37.26667 29.53333 38.46667 41.56667 35.9 61.5 94.26667 92.83334 82.7 44.06667 32.4 30.56667 13.5 10.53333 11.2 15.4 8.2 7.366666 7.233334 8.6 7.533333 8.666666 8.966667 9.833333 6.133333 6.6 5.033333 4.266666 3.7 2.966667 2.366667 1.866667 1.5 1.3 1.166667 0.9666667 0.9 0.7666667 0.5666667 0.4 0.3 0.2333333 0.1666667 0.1333333 0.06666667 0.06666667 0.03333334 0 0 0 0 0 0 0 0 0 0 0 0 0 0 0 0 0 0 0 0 0 0 0
27.43333 23.63333 26.13333 29.76667 33.7 31.03333 59.96667 60.76667 88.96667 77.9 56.76667 23.16667 18.66667 12.7 10.4 11.4 10.83333 7 7.2 7.966667 9.733334 9.8 8.433333 8.833333 8.766666 13.1 7.3 6.866666 5.266667 3.8 3.2 2.466667 1.933333 1.433333 1.233333 1.033333 0.8666667 0.8 0.7 0.6333333 0.3666667 0.2666667 0.2 0.1333333 0.1 0.06666667 0.06666667 0.06666667 0 0 0 0 0 0 0 0 0 0 0 0 0 0 0 0 0 0 0 0 0 0 0
25.7 47.53333 34.7 52.1 55.33334 70.03333 38.3 60.13334 84.76666 80.36667 48.06667 38.3 20.83333 11.7 11.06667 15.3 8.533334 8 7.1 8.2 8.833333 11.13333 9.2 8.733334 8.433333 8.133333 7.4 7 4.8 4.133333 3.066667 2.666667 2 1.633333 1.266667 0.9333334 0.8333334 0.7333333 0.6666667 0.6 0.4 0.2666667 0.2333333 0.1666667 0.1333333 0.06666667 0.06666667 0 0 0 0 0 0 0 0 0 0 0 0 0 0 0 0 0 0 0 0 0 0 0 0
25.93333 22 34.16667 25.5 26.4 37.13334 30.36667 39.6 29.3 31.83333 23.23333 50.16667 34.9 20.86667 17.3 9.566667 15.36667 8.2 7.233334 12.16667 8.633333 9.133333 8.2 8.566667 8.466666 7.4 6.933333 5.633333 4.6 3.8 3.166667 2.666667 2.133333 1.666667 1.233333 0.9666667 0.8666667 0.7333333 0.6666667 0.4666667 0.4 0.3 0.2333333 0.1666667 0.1666667 0.06666667 0.03333334 0 0 0 0 0 0 0 0 0 0 0 0 0 0 0 0 0 0 0 0 0 0 0 0
18.93333 23.56667 21.3 25.56667 36.4 45.23333 18.56667 21.3 19 18.4 23.06667 18.6 17.53333 25.56667 11.26667 23.8 12.13333 7.6 7.433333 12.43333 12.53333 11.03333 8.3 8.5 8.666667 8.333334 8 6.133333 4.8 3.866667 3.033333 2.566667 2 1.533333 1.3 1 0.8333334 0.6333333 0.5666667 0.4 0.4 0.3666667 0.2666667 0.1666667 0.1333333 0.03333334 0 0 0 0 0 0 0 0 0 0 0 0 0 0 0 0 0 0 0 0 0 0 0 0 0
22.56667 20.9 22.43333 21.46667 26.86667 33.36666 20.46667 10.83333 14.76667 9.733333 8.4 9.133333 13.36667 26.93333 14.6 7.4 7.766667 8.2 7.066667 10.23333 9.1 9.566667 9.033334 9 9 8.833333 7.133333 6.166667 4.633334 3.566667 2.866667 2.233333 1.733333 1.4 1.133333 0.8666667 0.6666667 0.5666667 0.5333334 0.3666667 0.3666667 0.3666667 0.2666667 0.1666667 0.1333333 0 0 0 0 0 0 0 0 0 0 0 0 0 0 0 0 0 0 0 0 0 0 0 0 0 0
24.8 25.23333 17.93333 28.26667 17.26667 14.96667 19.93333 17.76667 8.466667 5.8 11.33333 5.333333 7.4 5.233334 13.76667 11.7 6.5 7.333333 7.133333 9.566667 9.433333 11.9 8.466666 8.8 8.2 7.866666 7.366666 5.133333 4 2.833333 2.366667 1.9 1.366667 1.166667 0.9333333 0.7333333 0.5 0.4666667 0.4 0.3666667 0.3666667 0.3333333 0.2333333 0.1333333 0.03333334 0 0 0 0 0 0 0 0 0 0 0 0 0 0 0 0 0 0 0 0 0 0 0 0 0 0
20.5 17.73333 15.9 12.96667 12.76667 9.266666 12.8 8 5.766666 5.5 11.7 5.7 5.833333 5.166667 6.8 6.433333 6.866667 8.8 6.633333 8.633333 7.966667 10.06667 9.666667 7.033333 7.833333 6.166667 5.733333 4.066667 4.6 2.533333 1.933333 1.5 1.166667 0.9666667 0.7333333 0.6333333 0.5333334 0.4333333 0.4333333 0.4 0.3666667 0.2666667 0.2333333 0.1 0 0 0 0 0 0 0 0 0 0 0 0 0 0 0 0 0 0 0 0 0 0 0 0 0 0 0
16.26667 16.33333 14.2 12.23333 10.86667 9.366667 8.133333 9.9 11.3 8.8 5.066667 5.933333 6.166667 6.566667 5.833333 6.066667 7.366666 6.366667 7.366667 8.933333 8.133333 8.966667 8.866667 5.633333 5.266667 6 4.8 3.666667 2.9 2.366667 1.666667 1.333333 1.133333 0.9 0.7666667 0.6 0.5333334 0.4333333 0.4333333 0.4 0.2666667 0.2333333 0.1 0 0 0 0 0 0 0 0 0 0 0 0 0 0 0 0 0 0 0 0 0 0 0 0 0 0 0 0
