raw_data/dias_helada/frostann.txt
ncols         886
nrows         691
xllcorner     111.975
yllcorner     -44.525
cellsize      0.05
NODATA_value  -9999
[rows 480 to 511 of 691, columns 497 to 567 of 886]
0.03333334 0.03333334 0.03333334 0.03333334 0.03333334 0.06666667 0.1666667 0.1666667 0.2 0.2666667 0.5 0.5666667 0.7666667 1 1.333333 1.7 2.3 2.566667 3.133333 3.733333 4.733333 5.266666 5.733334 6.633333 7.7 9.466666 7.633333 9.6 10.23333 10.03333 7.7 8.966667 10.43333 13.73333 16.03333 29.43333 26.5 21.96667 22.6 26.23333 30.86667 28 30.73333 25.46667 18.9 19.23333 16.13333 13.8 13.2 12.53333 12.3 11.93333 12 11.66667 12.1 11.93333 11.83333 11.33333 12.2 12.7 13.56667 14.1 14.46667 15.03333 15.16667 15.5 15.66667 15.6 15.6 15.63333 15.8
0.03333334 0.03333334 0.03333334 0.03333334 0.03333334 0.03333334 0.06666667 0.1666667 0.2 0.2333333 0.3 0.4333333 0.5 0.7666667 1.033333 1.433333 2.1 2.4 2.766667 3.533333 4.433333 5.566667 5.6 6.3 8.066667 5.433333 6.8 6.7 8.433333 8.166667 6.866667 8 8.733334 10.16667 12.1 17.7 19.16667 18.9 20.8 20.7 24.26667 24.2 26.86667 28.36667 18.33333 19.4 14.3 13.2 12.33333 11.6 11.36667 11.63333 11.43333 11.1 11.1 11.56667 11.7 11.3 11.33333 11.83333 12.23333 13.63333 13.9 14.53333 14.66667 15.36667 15.46667 16.36667 15.53333 16.06667 15.63333
0 0 0.03333334 0.03333334 0.03333334 0.03333334 0.03333334 0.06666667 0.1666667 0.2333333 0.2333333 0.3 0.4333333 0.5333334 0.7666667 1.1 1.566667 2.166667 2.466667 3.233333 4.166667 5.033333 5.5 5.966667 5.1 4.233333 4.666667 4.966667 5.933333 6.133333 6.366666 6.766667 7.366667 8.966667 11.26667 14.03333 16.36667 17.4 17.63333 18 25.03333 20.36667 22.83333 24.13333 18.53333 14.36667 14.16667 13.3 11.73333 11.26667 10.9 11 10.96667 10.43333 10.46667 11.23333 10.9 11.83333 11.86667 12.8 12.83333 12.83333 12.5 14.03333 14.83333 15.43333 15.6 16.16667 16.46667 16.33333 15.63333
0 0 0 0 0.03333334 0.03333334 0.03333334 0.03333334 0.03333334 0.1333333 0.2333333 0.2333333 0.3 0.4 0.6666667 0.8333334 1.066667 1.866667 2.2 2.933333 3.766667 4.6 4.733333 5.3 3.933333 3.8 4.3 4.533333 4.766667 5.2 5.833333 6.5 7.066667 7.433333 10.6 10.5 14.63333 16.9 13.73333 16.5 21.43333 19.3 19.96667 17.86667 21.46667 14.76667 14.2 13.33333 11.56667 10.76667 10.06667 10.26667 10.56667 9.900001 10.26667 11.13333 9.966667 11.56667 12.1 12.63333 12.86667 13.03333 13.66667 12.9 14.46667 15.16667 15.23333 15.5 16.06667 16.03333 14.86667
0 0 0 0 0 0 0 0 0 0 0.1333333 0.1666667 0.2333333 0.2333333 0.4333333 0.7333333 1.033333 1.4 2 2.766667 3.5 3.833333 4.066667 4.1 3.133333 3.333333 3.566667 4 4.266666 4.6 5.1 5.566667 6.266666 6.933333 9.1 10.03333 14.03333 14.43333 11.1 13.5 17.6 17.5 17.13333 15.2 16.2 16 14.46667 12.76667 11.5 10.76667 9.833333 9.633333 10.36667 10 10.2 10.33333 9.966667 11.3 11.9 12.6 13.2 13.66667 13.3 13.56667 14.66667 15.73333 16.13333 16.76667 16.46667 16.36667 14.63333
0 0 0 0 0 0 0 0 0 0 0.03333334 0.03333334 0.1333333 0.2 0.2666667 0.6333333 0.8666667 1 2.1 2.5 3.033333 2.966667 3.566667 2.8 2.833333 3.033333 3.066667 3.333333 3.7 3.933333 4.6 4.866667 5.066667 5.166667 7.533334 8 9.633333 10.8 9.6 10.96667 17.23333 13.73333 13.9 13.43333 13 22.2 14.96667 13.9 12.73333 10.4 9.2 9.366667 9.6 10.2 10.53333 10.16667 10.6 11.13333 11.96667 12.6 13.36667 13.73333 14.53333 15.46667 15.96667 16.5 17.76667 17.53333 17.63333 17 15.83333
0 0 0 0 0 0 0 0 0 0 0 0 0.03333334 0.1 0.2 0.4 0.6666667 0.8 1.166667 1.666667 2.066667 2.066667 2.633333 2.466667 2.466667 2.533333 2.766667 2.866667 3.066667 3.333333 3.666667 3.966667 4.166667 4.466667 5.1 6.2 7.466666 9.433333 7.566667 9.566667 15 10.86667 13.83333 12.1 13.5 19.9 17.36667 13.36667 13.06667 9.566667 8.633333 8.9 9.766666 10.43333 10.96667 10.1 10.26667 11.26667 12.03333 12.93333 13.6 14.33333 15.76667 16.16667 16.63333 17.4 18.1 18.46667 18.26667 17.86667 18.23333
0 0 0 0 0 0 0 0 0 0 0 0 0 0.03333334 0.1666667 0.3333333 0.5333334 0.7333333 0.9666667 1.033333 1.233333 1.6 1.7 1.833333 2.1 2.166667 2.333333 2.466667 2.633333 2.9 3.233333 3.433333 3.633333 3.866667 4.566667 5.066667 5.666667 6.866666 7.3 7.233334 9.133333 9.366667 9.266666 11.6 16.86667 19.66667 16.96667 14.16667 11.16667 9.533334 8.866667 8.933333 9.9 10.56667 10.6 10.23333 10.43333 11 12.56667 13.16667 13.86667 15.13333 16.33333 16.93333 17.7 18.23333 19.5 19.56667 19.83333 19.3 19.43333
0 0 0 0 0 0 0 0 0 0 0 0 0 0 0.06666667 0.1666667 0.3 0.4666667 0.6 0.6333333 0.7333333 1.066667 0.9666667 1.133333 1.566667 1.9 1.966667 2.066667 2.166667 2.4 2.633333 2.933333 3.266667 3.333333 3.8 4.233333 4.666667 5.766666 7 7.9 9.2 11.23333 16.86667 13.53333 16.23333 20.86667 17.6 16.63333 10.7 9.7 9.133333 9.166667 9.7 10.3 10.06667 10 10.23333 10.56667 12.46667 13.63333 14.43333 15.53333 16.33333 17.3 18.26667 20.26667 20.33333 20.56667 21.13333 21.5 22.1
0 0 0 0 0 0 0 0 0 0 0 0 0 0 0.06666667 0.1 0.2333333 0.2666667 0.4666667 0.5 0.5666667 0.5333334 0.5666667 0.7333333 1 1.3 1.433333 1.7 1.766667 1.966667 2.233333 2.333333 2.633333 2.933333 3.066667 3.6 3.633333 4.7 6.366667 7.566667 8.2 13.56667 15.6 15.86667 17.53333 20.43333 20.06667 18.33333 11.16667 9.9 9.400001 9.566667 10.16667 10.7 9.933333 9.400001 10.46667 11.33333 12.6 13.73333 14.76667 15.76667 16.66667 18.4 19.66667 21.23333 21.6 22.43333 23.26667 23.53333 23.03333
0 0 0 0 0 0 0 0 0 0 0 0 0 0 0 0.06666667 0.1 0.2666667 0.4333333 0.4 0.5 0.3666667 0.4666667 0.6 0.7 0.8666667 1.1 1.2 1.4 1.4 1.7 2 2.166667 2.366667 2.6 2.833333 2.966667 3.7 5.666667 7.333333 7.4 10.63333 14.66667 17.7 22.86667 22.6 25.2 18.9 11.36667 9.8 11.13333 9.933333 10.4 10.63333 9.766666 9.766666 11.03333 11.73333 13.03333 14.46667 15.26667 16.13333 17.96667 19.1 20.23333 22.23333 22.93333 24.16667 25 25.63333 25.03333
0 0 0 0 0 0 0 0 0 0 0 0 0 0 0 0.03333334 0.06666667 0.2 0.2666667 0.3 0.3 0.2666667 0.3666667 0.4333333 0.5333334 0.6666667 0.7333333 0.9333333 1.066667 1.133333 1.266667 1.433333 1.6 2.1 2.133333 2.466667 2.466667 2.7 4.333333 4.566667 7.133333 10.06667 13.96667 30.16667 27.3 25.83333 24.46667 23.96667 12.46667 9.766666 9.633333 10.43333 10.63333 10.56667 10.56667 9.566667 11.06667 12.03333 13.13333 14.3 15.63333 16.76667 18.46667 19.46667 21.26667 22.66667 24.2 25.46667 26.33333 26.93333 26.7
0 0 0 0 0 0 0 0 0 0 0 0 0 0 0 0.03333334 0.06666667 0.1666667 0.2333333 0.2333333 0.2666667 0.2666667 0.2666667 0.3 0.3666667 0.5 0.5 0.6 0.8333334 0.9666667 1 1.166667 1.366667 1.5 1.9 2.2 2.433333 2.633333 3.133333 5.766667 8.133333 10.13333 19.83333 32.1 29.56667 29.83333 26.1 24.5 12.66667 10.1 10.23333 10.1 10.33333 10.66667 11.46667 8.9 11.03333 11.76667 13.3 14.46667 15.83333 17.1 18.33333 19.86667 21.66667 23.6 25.03333 26.83333 28.36667 28.46667 28.33333
0 0 0 0 0 0 0 0 0 0 0 0 0 0 0 0.03333334 0.03333334 0.1333333 0.2333333 0.2 0.1666667 0.1666667 0.2 0.2666667 0.3 0.3666667 0.5 0.5 0.5333334 0.6333334 0.7 0.9333333 1.133333 1.266667 1.633333 2.1 2.233333 2.4 4.2 4.566667 9.866667 14.5 31.03333 31.26667 27.93333 26.23333 25.96667 20.23333 11.5 9.7 9.566667 9.233334 10.56667 10.6 11.26667 10.46667 10.23333 12.73333 13.93333 15.7 16.46667 17.56667 18.46667 20.23333 21.63333 23.96667 25.6 27.73333 29.5 29.5 29.13333
0 0 0 0 0 0 0 0 0 0 0 0 0 0 0 0.03333334 0.03333334 0.03333334 0.06666667 0.1333333 0.1666667 0.1666667 0.2 0.2 0.2333333 0.3 0.3333333 0.3666667 0.4666667 0.5 0.5666667 0.6666667 0.8 1 1.266667 1.7 1.9 2.266667 4.333333 6.033333 9.666667 17.9 28 29.2 30.26667 23.56667 23.03333 22.23333 11.3 10.43333 10.6 10.53333 9.2 9.866667 9.866667 10.33333 11.4 13.46667 13.5 15.73333 15.33333 17.4 19.2 20.16667 21.76667 23.8 26.03333 27.86667 28.66667 29.93333 30.1
0 0 0 0 0 0 0 0 0 0 0 0 0 0 0 0 0.03333334 0.03333334 0.03333334 0.03333334 0.03333334 0.06666667 0.1666667 0.2 0.2 0.2 0.2 0.2666667 0.3666667 0.4333334 0.4333334 0.5 0.6 0.6333333 0.8 1 1.066667 1.933333 3.7 8.466666 9.6 18.5 24.83333 27.36667 30.36667 29.86667 23.36667 14.4 10.46667 8.933333 10.03333 9.966666 10.1 10.6 8.733334 11.6 12.66667 12.7 13.56667 14.6 15.8 17.6 18.8 20.13333 21.33333 23.33333 26.23333 27.96667 29.3 29.56667 29.56667
0 0 0 0 0 0 0 0 0 0 0 0 0 0 0 0 0.03333334 0.03333334 0.03333334 0.03333334 0.03333334 0.03333334 0.1 0.1333333 0.2 0.2 0.2 0.2 0.2 0.2666667 0.3333333 0.3333333 0.4333334 0.4666667 0.5333334 0.6333333 0.7 1 4.3 6.8 9.333333 15.2 19.8 22.33333 24.76667 21.76667 18.56667 11.66667 9.866667 9.733334 8 9.566667 10.23333 10.5 8.833333 11.96667 12.43333 13.13333 13.53333 14.66667 15.56667 18 19.3 20.23333 21.03333 23.4 26 26.8 29.56667 29.46667 28.66667
0 0 0 0 0 0 0 0 0 0 0 0 0 0 0 0 0.03333334 0.03333334 0.03333334 0.03333334 0.03333334 0.03333334 0.03333334 0.1 0.1666667 0.1666667 0.1666667 0.1666667 0.1666667 0.1666667 0.2 0.2333333 0.2333333 0.2333333 0.2333333 0.3 0.2 0.5 3.8 3.566667 7.933333 14.56667 17.2 23.16667 20.93333 16.86667 15.83333 10.06667 8.966666 10.06667 8.1 7.4 8.533334 10.3 10.56667 8.766666 11.83333 13.13333 13.83333 14.5 15.9 17.43333 18.83333 19.13333 20.56667 23.1 24.9 27.26667 27.3 28.36667 27.83333
0 0 0 0 0 0 0 0 0 0 0 0 0 0 0 0 0 0 0 0 0 0.03333334 0.03333334 0.1 0.1333333 0.1666667 0.1666667 0.1666667 0.1666667 0.1666667 0.1666667 0.1666667 0.2333333 0.2333333 0.2 0.1333333 0.1333333 0.8 4.2 7.966667 10.3 11 16.83333 17.23333 17.1 13.7 9.266666 8.633333 8.166667 6.766666 7.166667 9.733334 9.466667 11.46667 8.933333 8.8 12.16667 12.43333 13.6 13.73333 15.13333 15.96667 17.43333 19.06667 20.53333 21.7 23.1 24.3 25.5 25.76667 26.26667
0 0 0 0 0 0 0 0 0 0 0 0 0 0 0 0 0 0 0 0 0 0 0.03333334 0.03333334 0.1 0.1666667 0.1666667 0.1666667 0.1666667 0.1666667 0.1666667 0.1666667 0.1666667 0.2 0.1333333 0.1333333 0.1333333 3.833333 5.533333 6.866667 6.933333 9.333333 14.66667 11.56667 15.03333 11.36667 11.6 7.533333 5.633333 5.833333 8.833333 10.23333 10.6 11.56667 11.83333 11.66667 13.33333 13.6 14.43333 14.5 16.33333 16.63333 16.6 17.83333 18.56667 20.23333 21.43333 22.3 23.4 25.46667 25.4
0 0 0 0 0 0 0 0 0 0 0 0 0 0 0 0 0 0 0 0 0 0 0 0 0.03333334 0.1333333 0.1666667 0.1666667 0.1666667 0.1666667 0.1666667 0.1666667 0.1666667 0.1333333 0.1333333 0.1333333 1.266667 8.266666 4.766667 5.233333 6.9 9.966666 10.66667 8.666667 9.833333 8.3 9.5 6.666667 6.5 7.033333 6 8.033334 8.833333 8.9 9.366667 9.966667 12 12.16667 12.23333 14.13333 14.63333 16.43333 16.03333 17.06667 17.43333 18.56667 20.43333 22.2 22.96667 23.86667 24.16667
0 0 0 0 0 0 0 0 0 0 0 0 0 0 0 0 0 0 0 0 0 0 0 0 0 0.06666667 0.1333333 0.1333333 0.1666667 0.1666667 0.1666667 0.1666667 0.1333333 0.1333333 0.3333333 0.2666667 2.966667 4.4 4.9 6.366667 8 9.566667 6.766667 6.6 6.366667 7.733333 6.7 6.4 5.833333 6.533333 5.733333 7.566667 8 8.866667 10.36667 10.06667 10.46667 10.46667 11.93333 12.63333 13.5 14.26667 15.23333 16.2 16.86667 17.43333 18.83333 20.56667 21.26667 22 22.53333
0 0 0 0 0 0 0 0 0 0 0 0 0 0 0 0 0 0 0 0 0 0 0 0 0 0.03333334 0.1333333 0.1333333 0.1333333 0.1333333 0.1333333 0.1333333 0.1666667 0.3 0.3333333 1.966667 1.4 3.833333 4.866667 8 8.866667 9.466667 5.466667 5.333333 4.7 6.3 5.633333 6.4 5.366667 5.466667 6.933333 7.8 8.033333 8.633333 9.966667 9.866667 10.63333 11.3 12.1 13.5 12.9 13.7 14.36667 15.76667 17.1 17.76667 18.46667 19.53333 20.96667 21.73333 22.03333
0 0 0 0 0 0 0 0 0 0 0 0 0 0 0 0 0 0 0 0 0 0 0 0 0 0 0.06666667 0.1333333 0.1333333 0.1333333 0.1333333 0.1666667 0.2 0.2666667 0.6333334 1.133333 1.633333 4.8 8 8.9 8.1 8.033333 5.066667 5.333333 3.966667 5.3 5.6 6.7 5.033333 5.066667 5.566667 6.066667 7.4 8.7 8.866667 9.533333 10.3 12.53333 11.9 12.76667 14.1 13.2 13.73333 15.13333 16.2 16.86667 17.46667 18.16667 18.63333 21.2 19.73333
0 0 0 0 0 0 0 0 0 0 0 0 0 0 0 0 0 0 0 0 0 0 0 0 0 0 0.03333334 0.1333333 0.1333333 0.1333333 0.1333333 0.2 0.2666667 0.4333333 0.5333334 0.7 7.633333 7.533333 10.1 9.433333 6 3.7 2.966667 2.733333 3.366667 4.733334 5.166667 4.666667 4.6 4.866667 5.133333 5.533333 6.3 7.533333 8.066667 8.6 9.166667 9.933333 11.43333 13.5 13.8 14.1 14.93333 14.86667 15.4 15.9 16.26667 17.26667 19.16667 19.06667 19.16667
0 0 0 0 0 0 0 0 0 0 0 0 0 0 0 0 0 0 0 0 0 0 0 0 0 0 0 0.1 0.1333333 0.1333333 0.1666667 0.2333333 0.2666667 0.3333333 0.5 3.2 7.033333 9.866667 5.9 7.166667 4 2.166667 3.433333 1.933333 2.866667 3.366667 3.766667 4.066667 4.433333 4.566667 4.966667 5.2 5.433333 6.5 7.066667 7.466667 8.033334 8.433333 9.233334 9.733334 11.7 13.76667 13.5 15.13333 15.06667 15.16667 15.6 16.46667 17.7 17.83333 18.33333
0 0 0 0 0 0 0 0 0 0 0 0 0 0 0 0 0 0 0 0 0 0 0 0 0 0 0 0.1 0.1 0.1333333 0.2 0.2333333 0.2666667 0.4666667 4.033333 7.166667 5.733334 9.766666 2.566667 2.666667 2.233333 1.633333 1.766667 1.933333 2.233333 2.766667 3.366667 3.7 3.966667 4.366667 4.866667 4.766666 5.3 5.933333 6.5 7.2 7.833333 8.366667 8.9 9.2 9.733334 11.96667 13.63333 14.3 13.8 14.26667 14.6 14.93333 16.26667 17.06667 17.23333
0 0 0 0 0 0 0 0 0 0 0 0 0 0 0 0 0 0 0 0 0 0 0 0 0 0 0 0 0.1 0.1 0.1666667 0.2333333 1.3 5.133333 4.833333 5.433333 3.866667 2.2 3.433333 1.366667 1.3 1.366667 1.466667 1.666667 2.133333 2.533333 2.866667 3.6 3.9 4.1 4.4 5 5.666667 6.1 6.6 7.1 7.633333 8.066667 8.6 9.1 9.599999 9.8 11.5 12.86667 14.73333 13.26667 13.7 14 14.66667 15.36667 15.46667
0 0 0 0 0 0 0 0 0 0 0 0 0 0 0 0 0 0 0 0 0 0 0 0 0 0 0 0 0.03333334 0.1 0.3666667 0.8333334 3.366667 4.566667 5.633333 6.2 5.3 3.566667 1.466667 0.8333334 0.9666667 1.033333 1.166667 1.433333 1.966667 2.433333 2.9 3.333333 3.733333 4.133333 4.533333 4.9 5.2 5.7 6.333333 6.966667 7.466667 7.933333 8.233334 8.633333 9.2 9.633333 9.9 11.2 13.36667 13.93333 14.26667 13.7 14.1 15.3 15.6
0 0 0 0 0 0 0 0 0 0 0 0 0 0 0 0 0 0 0 0 0 0 0 0 0 0 0 0 0 0.03333334 0.3 0.5 4.233334 3.6 5.5 3.033333 4.133333 2.066667 0.5333334 0.6666667 0.8333334 0.9333333 1.166667 1.4 1.766667 2.2 2.633333 3.1 3.533333 4 4.533333 4.766667 5.233333 5.766666 6.533333 7.033333 7.5 7.833333 8 8.5 9.166666 9.366667 9.5 10.16667 11.46667 13.4 12.83333 13.4 13.73333 14.2 15.2
0 0 0 0 0 0 0 0 0 0 0 0 0 0 0 0 0 0 0 0 0 0 0 0 0 0 0 0 0 0.2333333 0.2333333 0.4 0.4666667 0.3 0.2333333 0.4666667 2.133333 0.3666667 0.4 0.5 0.7333333 0.9 1.033333 1.5 1.7 2.066667 2.666667 2.9 3.7 4.166667 4.466667 5.133333 5.333333 5.9 6.6 7.433333 7.633333 8.433333 8.3 8.666667 9.133333 9.333334 9.533333 9.7 10.66667 12 13.6 14.26667 13.8 14.06667 15.2
0 0 0 0 0 0 0 0 0 0 0 0 0 0 0 0 0 0 0 0 0 0 0 0 0 0 0 0 0.2 0.4666667 0.5333334 1.266667 0.5 0.4666667 0.3666667 0.1666667 0.1666667 0.2666667 0.3666667 0.4333333 0.5333334 0.8333334 0.9666667 1.333333 1.666667 1.866667 2.4 2.766667 3.266667 3.8 4.866667 5.566667 5.766667 6.866667 7.266666 8.033333 7.933333 8.533333 8.766666 9.233334 9.433333 9.900001 10.1 10.06667 10.63333 11.4 11.8 13.23333 14.2 14.96667 15.33333
