raw_data/dias_helada/frostann.txt
ncols         886
nrows         691
xllcorner     111.975
yllcorner     -44.525
cellsize      0.05
NODATA_value  -9999
[rows 352 to 383 of 691, columns 497 to 567 of 886]
4.5 4.533333 4.533333 4.4 4.5 4.4 4.3 4.366667 4.3 4.233334 4.266667 4.2 4.166667 4.166667 4.133333 4.366667 4.3 4.3 4.466667 4.533333 4.366667 4.366667 4.3 4.4 4.233334 4.3 4.266667 4.166667 4.166667 4 4.066667 4.1 4.066667 4.333333 4.1 4.2 4.033333 3.966667 4.066667 4.266666 4.233333 4.133333 4.133333 4 4 4.033333 3.833333 3.8 3.6 3.433333 3.433333 3.3 3.133333 2.833333 3.033333 2.833333 3.066667 2.966667 3.033333 3.133333 3.033333 3 3 3.033333 3 3.066667 3 3 2.9 2.833333 2.833333
4.3 4.266667 4.266667 4.366667 4.5 4.4 4.533333 4.066667 4.233334 4.233334 4.266667 4.333333 4.333333 4.2 4.266667 4.466667 4.433333 4.5 4.466667 4.533333 4.333333 4.5 4.466667 4.466667 4.533333 4.233334 4.4 4.233333 4.366667 4.366667 4.3 4.266666 4.266666 4.266666 4.266667 4.233334 4.066667 4.066667 4.1 4.2 4.2 4.133333 4.1 4.2 4.066667 3.966667 3.866667 3.866667 3.566667 3.666667 3.366667 3.4 3.266667 3.1 2.966667 2.933333 3.033333 3.033333 3.066667 3.266667 3.133333 3.1 3.033333 3.166667 3 3.066667 2.966667 3 2.966667 2.966667 2.933333
4.3 4.3 4.3 4.4 4.2 4.266667 4.366667 4.133333 4.166667 4.233333 4.2 4.3 4.4 4.433333 4.266667 4.266667 4.333333 4.266667 4.5 4.566667 4.533333 4.5 4.5 4.566667 4.433333 4.533333 4.4 4.4 4.3 4.5 4.6 4.433333 4.366667 4.433333 4.6 4.633333 4.2 4.2 4.033333 4.166667 4.166667 4.133333 4.2 4.566667 4.2 4.133333 3.933333 3.866667 3.733334 3.7 3.533333 3.233333 3.366667 3.366667 3.566667 3.366667 3.566667 3.233333 3.233333 3.3 3.3 3.233333 3.1 3.033333 3.033333 3.2 3.066667 3.066667 3 3.066667 3.1
4.266667 4.233334 4.433333 4.066667 4.133333 4.233333 4.166667 4.166667 4.166667 4.166667 4.333333 4.366667 4.4 4.2 4.566667 4.3 4.3 4.333333 4.466667 4.433333 4.666667 4.633333 4.566667 4.566667 4.5 4.466667 4.366667 4.566667 4.433333 4.533333 5.066667 4.8 4.833333 4.666667 4.6 4.7 4.366667 4.3 4.3 4.266667 4.333333 4.233333 4.2 4.5 4.366667 4.333333 3.966667 3.8 3.766667 3.7 3.566667 3.566667 3.366667 3.566667 3.733333 3.533333 3.633333 3.566667 3.433333 3.533333 3.466667 3.4 3.233333 3.133333 3.1 3.1 3.1 3.133333 3.1 3.066667 3.033333
4.2 4.3 4.1 4.1 4.066667 4.133333 4.166667 4.3 4.166667 4.333333 4.366667 4.4 4.233334 4.3 4.266667 4.333333 4.4 4.466667 4.633334 4.566667 4.533333 4.833333 4.766666 4.733333 4.6 4.7 4.7 4.566667 4.733333 4.833333 4.7 4.733333 4.9 4.9 4.866667 4.766666 4.666667 4.633333 4.5 4.533333 4.533333 4.466667 4.5 4.666667 4.7 4.8 4.033333 3.966667 3.8 3.766667 3.666667 3.533333 3.766667 3.633333 3.733333 3.766667 3.766667 3.8 3.566667 3.6 3.566667 3.233333 3.266667 3.1 3.166667 3.1 3.066667 3.033333 3.066667 3.066667 3
4.266667 4.366667 4.133334 4.133334 3.966667 4.166667 4.2 4.1 4.066667 4.2 4.266667 4.233334 4.4 4.533333 4.466667 4.433333 4.6 4.366667 4.833333 4.833333 4.966667 4.666667 4.966667 4.966667 5.133333 4.566667 4.566667 4.733333 4.933333 4.8 5 4.966667 4.933333 4.966667 5.266667 5.033333 4.733333 4.766666 4.7 4.566667 5.366667 4.566667 5.066667 5 4.766666 4.833333 4.3 4.266667 4.033333 3.966667 3.8 3.7 3.733333 3.7 3.633333 3.7 3.766667 3.833333 3.666667 3.7 3.6 3.5 3.3 3.266667 3.133333 3.1 3.2 3.066667 3.166667 3.166667 3.033333
4.133333 3.866667 3.9 3.866667 3.9 3.933333 3.966667 4.2 4.266667 4.333333 4.333333 4.4 4.466667 4.533333 4.566667 4.7 4.633333 4.766666 4.7 4.9 5 4.933333 4.7 4.7 4.966667 4.9 4.966667 4.833333 4.866667 5.033333 4.933333 5.333333 5.033333 5.3 5.433333 5.333333 5.3 5.1 4.766666 4.933333 5.066667 5.066667 5.233333 5.1 4.833333 4.9 4.733333 4.2 4.3 3.933333 3.833333 3.733333 3.7 3.866667 3.633333 3.9 3.766667 3.833333 3.9 3.9 3.866667 3.7 3.233333 3.4 3.533333 3.433333 3.233333 3.133333 3.1 3.066667 3.066667
3.9 3.9 3.9 3.933333 3.933333 3.966667 4 4.033333 4.433333 4.333333 4.466667 4.4 4.466667 4.533333 4.5 4.733333 4.933333 5.1 5.033333 4.833333 4.966667 5.133333 5.133333 5.033333 5.5 5.033333 5.266666 5.166667 5.2 5.166667 5.4 5.266666 5.166667 5.233333 5.5 5.766667 5.7 5.5 5.533333 5.666667 5.866667 5.433333 5.566667 5.133333 5.1 4.933333 4.666667 4.366667 4.1 3.966667 3.966667 3.766667 3.9 3.833333 3.866667 3.733333 3.933333 3.9 3.866667 3.8 3.8 3.833333 3.733333 3.733333 3.333333 3.366667 3.366667 3.3 3.2 3.166667 3.1
3.9 3.9 3.933333 3.966667 3.9 3.9 4 4.066667 4.2 4.2 4.233334 4.5 4.5 4.433333 4.5 4.666667 4.733333 4.9 5.1 5.1 4.933333 4.933333 5.133333 5.133333 5.033333 5.133333 5.3 5.266666 5.233333 5.3 5.166667 5.3 5.5 5.433333 5.466667 5.633333 5.8 5.733334 5.733334 5.733334 6.033333 5.633334 5.433333 5.166667 5.2 4.9 4.6 4.4 4.233333 4.166667 4.1 3.966667 4.033333 3.866667 3.966667 4.133333 3.766667 3.866667 3.866667 3.866667 3.866667 3.8 3.733333 3.633333 3.5 3.433333 3.366667 3.3 3.233333 3.133333 3.233333
4.033333 3.8 3.833333 3.866667 3.9 3.866667 4.066667 4.166667 4.233333 4.233333 4.333333 4.366667 4.5 4.533333 4.5 4.833333 5.033333 5.133333 5.333333 5.333333 5.233334 5.2 5.033333 5.2 5.233334 5.166667 5.2 5.333333 5.3 5.266667 5.233334 5.366667 5.633333 5.6 5.7 5.633333 5.833333 5.766667 5.9 6.166667 6.2 5.866667 5.5 5.366667 5.066667 4.966667 4.766667 4.533333 4.4 4.233333 4.2 4.4 4.1 4.266667 4.166667 3.866667 4.033333 3.866667 3.733333 3.866667 3.8 3.766667 3.8 3.666667 3.6 3.533333 3.533333 3.366667 3.466667 3.233333 3.233333
3.866667 3.833333 3.766667 3.833333 3.933333 3.966667 4.166667 4.2 4.266666 4.333333 4.4 4.433333 4.466667 4.533333 4.6 4.833333 4.866667 4.933333 5.066667 5.133333 5.3 5.266667 5.233334 5.2 5.1 5.1 5.266667 5.4 5.333333 5.4 5.5 5.633333 5.8 5.766667 5.8 5.8 5.9 5.966667 6.5 6.366667 5.966667 5.833333 5.733334 5.433333 5.2 5.066667 4.9 4.6 4.366667 4.333333 4.2 4.266667 4.1 4.066667 4.1 3.966667 4.166667 3.966667 3.8 3.833333 3.733333 3.7 3.666667 3.733333 3.666667 3.433333 3.4 3.366667 3.3 3.2 3.133333
3.866667 3.9 3.733333 3.733333 3.933333 4.1 4.2 4.166667 4.333333 4.4 4.433333 4.433333 4.533333 4.5 4.733333 4.766667 4.7 4.8 4.833333 4.766666 5.166667 5.333333 5.333333 5.266667 5.466667 5.433333 5.4 5.6 5.433333 5.6 5.6 5.566667 5.833333 5.866667 5.866667 6.066667 6.033333 6.266667 6.133334 6.133334 5.9 5.866667 5.666667 5.4 5.333333 5.3 4.966667 4.666667 4.466667 4.666667 4.5 4.266667 4.233333 4.233334 4.166667 4.333333 4.066667 3.966667 4.233334 4.033333 3.9 3.766667 3.7 3.566667 3.566667 3.4 3.4 3.333333 3.3 3.3 3.2
3.733333 3.666667 3.733333 3.766667 3.9 4.033333 4.133333 4.166667 4.4 4.4 4.4 4.466667 4.533333 4.566667 4.633333 4.866667 5.033333 5.066667 5.2 5.333333 5.433333 5.5 5.533333 5.433333 5.4 5.466667 5.566667 5.7 5.766667 5.7 5.7 5.8 6.033333 5.9 5.966667 6.133334 6.366667 6.3 6.2 6.333333 5.966667 5.866667 5.8 5.633333 5.433333 5.366667 5.133333 4.733333 4.666667 4.566667 4.6 4.466667 4.566667 4.6 4.4 4.4 4.4 4.233334 4.133333 4 3.833333 3.9 3.733333 3.666667 3.633333 3.566667 3.633333 3.433333 3.433333 3.2 3.333333
3.633333 3.633333 3.666667 3.7 3.866667 4 4.1 4.233333 4.333333 4.4 4.5 4.533333 4.533333 4.6 4.7 4.7 4.833333 5.166667 5.566667 5.666667 5.4 5.466667 5.5 5.5 5.633333 5.766667 5.733334 5.8 5.766667 5.833333 5.9 5.766667 6.033333 6 6.033333 6.033333 6.366667 6.333333 6.3 6.3 6.1 5.866667 5.833333 5.933333 5.433333 5.2 5 5.033333 4.766667 4.733333 4.7 4.566667 4.533333 4.366667 4.433333 4.5 4.366667 4.1 4.066667 4.066667 3.966667 4 3.933333 3.733333 3.8 3.666667 3.533333 3.466667 3.433333 3.366667 3.3
3.6 3.6 3.566667 3.633333 3.8 3.9 4.1 4.2 4.333333 4.5 4.466667 4.466667 4.6 4.766667 4.7 4.9 4.9 5.033333 5.1 5.533333 5.5 5.4 5.466667 5.4 5.733334 5.566667 5.833333 5.966667 5.866667 5.966667 5.966667 6 6 6.1 6.066667 6.233334 6.3 6.466667 6.333333 6.266667 6.1 6.066667 5.866667 5.833333 5.5 5.333333 5.3 5.233334 5.2 5.066667 4.733333 4.733333 4.6 4.633333 4.566667 4.5 4.5 4.366667 4.333333 4.133333 4.166667 4.066667 4.1 4.133333 3.9 3.966667 3.8 3.866667 3.533333 3.4 3.533334
3.566667 3.533333 3.6 3.6 3.766667 3.8 4 4.3 4.3 4.366667 4.366667 4.566667 4.633333 4.7 4.8 5 4.966667 5.166667 5.066667 5.466667 5.5 5.366667 5.6 5.566667 5.5 5.666667 5.866667 5.966667 5.933333 6 6 6 6.133334 6.1 6.066667 6.233334 6.333333 6.366667 6.333333 6.2 6.1 6.1 5.9 5.7 5.6 5.5 5.8 5.533333 5.333333 5.333333 5.166667 4.8 4.8 4.666667 4.633333 4.6 4.433333 4.6 4.333333 4.233334 4.133333 4.1 4.233334 4.033333 3.9 3.866667 3.833333 3.766667 3.733333 3.533334 3.866667
3.533333 3.533333 3.533333 3.566667 3.733333 3.9 4.033333 4.2 4.233333 4.3 4.5 4.6 4.6 4.733333 4.8 4.966667 5.266667 5.1 5.533333 5.2 5.7 5.433333 5.7 5.7 5.766667 5.8 6.066667 5.766667 5.966667 5.966667 6 6 6.066667 6.233334 6.3 6.366667 6.433333 6.433333 6.333333 6.2 6.1 6.033333 5.866667 5.833333 5.933333 5.866667 5.8 5.766667 5.5 5.4 5.2 5.3 4.833333 5.033333 4.733333 4.733333 4.6 4.533333 4.533333 4.333333 4.3 4.2 4.233333 4.1 3.966667 3.866667 3.933333 3.8 3.833333 3.733333 3.566667
3.533333 3.5 3.466667 3.533333 3.766667 3.8 4 4.133333 4.3 4.433333 4.533333 4.633333 4.7 4.866667 4.9 5.066667 5.266667 5.466667 5.433333 5.6 5.7 5.766666 5.9 5.9 5.933333 5.833333 6 5.9 5.966667 6.033333 6.1 6.1 6.1 6.1 6.266667 6.3 6.4 6.4 6.266667 6.2 6.2 6.1 6.1 6.1 6.1 6.066667 6.1 5.966667 5.966667 5.7 5.5 5.4 5.333333 5.066667 4.966667 4.733333 4.666667 4.566667 4.566667 4.466667 4.4 4.266667 4.233333 4.233333 4.166667 3.933333 4.033333 3.933333 3.7 3.666667 3.533334
3.566667 3.466667 3.433333 3.466667 3.633333 3.866667 4.066667 4.233333 4.466667 4.5 4.566667 4.766667 4.733334 4.866667 5.033333 5.133333 5.2 5.3 5.666667 5.566667 5.633333 5.733333 5.666667 5.866667 5.933333 5.966667 6 6 5.966667 6.133333 6.133333 6.433333 6.166667 6.266667 6.333333 6.3 6.333333 6.333333 6.233334 6.233334 6.133334 6.233334 6.166667 6.066667 6.166667 6.133333 6.1 6.1 6.066667 6.066667 5.866667 5.9 5.3 5.2 5.033333 4.9 4.9 4.666667 4.533333 4.533333 4.566667 4.4 4.366667 4.266666 4.033333 4.066667 4.033333 4.033333 3.733333 3.733333 3.7
3.5 3.366667 3.4 3.5 3.633333 3.866667 4.1 4.2 4.4 4.5 4.6 4.7 4.833333 5 5.066667 5.266667 5.433333 5.233334 5.6 5.866667 5.9 6.033333 5.9 5.866667 5.866667 5.833333 5.933333 6.233333 6 6.466667 6.333333 6.3 6.433333 6.3 6.3 6.466667 6.433333 6.533333 6.466667 6.433333 6.3 6.333333 6.433333 6.233334 6.233334 6.2 6.233333 6.133333 6.3 6.3 6.066667 5.933333 5.733334 5.633333 5.5 5.2 5.033333 4.866667 4.666667 4.633333 4.466667 4.433333 4.433333 4.3 4.433333 4.1 4.066667 3.966667 4.133333 3.9 4.166667
3.433333 3.4 3.4 3.466666 3.6 3.766667 4.033333 4.3 4.366667 4.533333 4.633333 4.666667 4.866667 5 5.066667 5.166667 5.3 5.566667 5.666667 5.9 5.866667 5.966667 5.866667 5.933333 6.166667 6.1 6.1 6.2 6.133333 6.5 6.6 6.5 6.466667 6.4 6.333333 6.366667 6.3 6.333333 6.6 6.433333 6.466667 6.5 6.4 6.366667 6.4 6.4 6.366667 6.466667 6.4 6.366667 6.266667 6.133334 6.066667 5.866667 5.666667 5.466667 5.233334 5.1 5.3 4.666667 4.633333 4.633333 4.466667 4.2 4.366667 4.166667 4.1 4.033333 4.033333 4 4.066667
3.4 3.3 3.4 3.466667 3.5 3.666667 4 4.233333 4.4 4.5 4.633333 4.833333 4.866667 4.933333 5.066667 5.2 5.5 5.633334 5.466667 5.933333 6.2 6.066667 6.133333 6.166667 6.333333 6.3 6.333333 6.2 6.233333 6.166667 6.266667 6.3 6.333333 6.366667 6.466667 6.466667 6.633333 6.8 6.7 7.133334 6.9 6.8 6.833333 6.6 6.733334 6.533333 6.566667 6.366667 6.4 6.4 6.4 6.266667 6.166667 6.066667 5.866667 5.833333 5.766667 5.4 5.2 5 4.833333 4.766667 4.5 4.433333 4.433333 4.5 4.2 4.233334 4.066667 4.166667 4.1
3.366667 3.4 3.333333 3.433333 3.5 3.666667 4.033333 4.166667 4.266667 4.566667 4.733333 4.8 4.833333 5.033333 5.1 5.1 5.3 5.9 5.466667 5.666667 5.833333 6 6 6.233333 6.233333 6.433333 6.3 6.333333 6.266666 6.4 6.433333 6.666667 6.533333 6.466667 6.633333 6.633333 6.966667 7 7.033334 7 7.033333 7.433333 7.1 7.033334 7.266667 6.866666 6.9 6.666667 6.433333 6.533333 6.533333 6.333333 6.366667 6.1 6.033333 5.833333 5.933333 5.7 5.566667 5.566667 5.366667 5.033333 5.033333 4.7 4.566667 4.6 4.466667 4.366667 4.366667 4.433333 4.3
3.333333 3.233333 3.4 3.366667 3.433333 3.766667 3.966666 4.1 4.2 4.8 4.533333 4.7 4.9 5 5.033333 5.166667 5.366667 5.5 6.033333 6.166667 6.133333 6.1 6.266666 6.166667 6.333333 6.366667 6.366666 6.4 6.366666 6.8 6.766666 6.666667 6.666667 6.6 6.7 6.933333 7.066667 7.166667 7.3 7.3 7.4 7.133334 7.266667 6.966667 7.166667 7.1 7.133334 7.066667 7.033333 6.766666 6.466667 6.433333 6.433333 6.3 5.933333 5.833333 5.833333 5.8 5.666667 5.666667 5.533333 5.566667 5 5 4.866667 4.766667 4.566667 4.533333 4.433333 4.233334 4.3
3.433333 3.166667 3.2 3.266667 3.466666 3.766667 3.933333 4.233333 4.133333 4.633333 4.566667 4.8 4.933333 5.066667 5.1 5.2 5.3 5.466667 5.666667 6.133333 6.566667 6.433333 6.533333 6.733333 6.6 6.533333 6.6 6.566667 7.133334 6.833333 6.9 6.9 6.666667 6.966667 7.033333 7.266667 7.866667 7.9 7.966667 8.133333 7.5 7.333333 7.766667 7.233334 7.333333 7.4 7.233334 7.2 7.2 7.2 7.033333 6.9 6.9 6.433333 6.366667 6.233334 5.866667 5.733334 5.7 5.7 5.633333 5.566667 5.466667 5.333333 5.133333 5.066667 5 5 4.866667 4.833333 4.6
3.466667 3.133333 3.133333 3.233333 3.366667 3.733333 3.866667 4.4 4.133333 4.333333 4.8 4.9 4.933333 5.066667 5.166667 5.266666 5.4 5.533333 5.766666 6.166667 6.566667 6.9 6.566667 6.666667 6.8 6.7 7 6.833333 6.9 6.933333 7.066667 7.4 7.5 7.4 7.9 7.833333 8.133333 8.1 8.533334 8.033334 7.733334 7.433333 7.266667 7.266667 7.133334 7.433333 7.366667 7.2 7.1 7.2 7.2 7 7.133333 6.533333 6.3 6.166667 6.1 5.9 5.8 5.866667 5.733334 5.7 5.533333 5.5 5.466667 5.333333 5.166667 5.133334 5.066667 4.9 4.933333
3.7 3.266667 3.166667 3.233333 3.366667 3.666667 4.166667 4.033333 4.233334 4.3 4.966667 5 4.966667 5.066667 5.166667 5.366667 5.533333 5.766666 5.866667 6.133333 6.466667 7 6.866666 6.866666 6.933333 7.1 7.066667 7.133333 7.133334 7.3 7.333333 7.766666 7.466667 7.866666 8.3 8.366667 8.333334 8.933333 8.6 8.533334 7.833333 7.466667 7.466667 7.366667 7.333333 7.6 7.666667 7.533333 7.433333 7.2 7.166667 7.1 6.933333 6.833333 6.7 6.433333 6.366667 6.133334 6.266667 6 5.933333 5.733334 5.733334 5.666667 5.533333 5.4 5.233333 5.266666 5.166667 5.1 5.066667
3.666667 3.333333 3.166667 3.266667 3.366667 3.6 4.1 4.6 4.7 4.5 4.866667 5.1 5.166667 5.166667 5.3 5.5 5.6 5.866667 6.066667 6.333333 6.533333 6.7 7.166667 7.266667 7.233334 7.433333 7.3 7.533333 7.533333 7.566667 7.466667 7.6 7.8 8.133333 8.533334 8.766666 9.2 8.966666 8.633333 8.400001 8.3 7.566667 7.5 7.466667 7.5 7.433333 7.5 7.666667 7.366667 7.433333 7.3 7.033334 6.933333 6.833333 6.833333 6.933333 6.8 6.4 6.366667 6.3 6.133333 5.9 5.833333 5.766667 5.666667 5.566667 5.533333 5.5 5.333333 5.233333 5.2
3.766667 3.833333 3.366667 3.266667 3.4 3.533333 4.1 4.633333 4.8 4.4 4.7 5.066667 5.366667 5.166667 5.333333 5.466667 5.766666 6.133333 6.166667 6.166667 6.5 6.7 7.033333 7.266666 7.733334 7.8 7.833333 7.8 8.033333 7.833333 8.466667 7.8 8.066667 8.333333 8.5 8.9 9.033333 8.6 8.400001 8.266667 8.2 7.966667 7.766666 7.766666 7.766667 7.7 7.7 7.6 7.833333 7.466667 7.5 7.333333 7.033334 7.033334 7.033334 6.966667 7 6.933333 6.4 6.333333 6.266667 6.266667 5.9 5.766667 5.8 5.733333 5.633333 5.5 5.466667 5.366667 5.366667
3.8 3.833333 4.1 3.8 3.6 4.166667 4.5 4.533333 4.833333 4.333333 4.833333 5.1 5.266667 5.666667 6.033333 5.666667 6.166667 6.4 6.5 6.7 6.533333 6.566667 6.666667 7.433333 7.733334 7.766667 7.833333 8.166666 8.233333 8.733334 8.633333 8.433333 8.833333 9.133333 8.733334 9.233334 8.8 8.6 8.433333 8.433333 8.266667 8.333334 8.166667 7.933333 7.866667 7.966667 7.9 7.733333 7.566667 7.633333 7.666667 7.6 7.633333 7.333333 7.566667 7.466667 7.266667 7.166667 7 6.766666 6.566667 6.4 6.266667 6.066667 6.2 5.8 5.766667 5.666667 5.566667 5.566667 5.466667
3.6 3.566667 4 3.866667 3.9 4.2 4.2 4.5 4.433333 4.733334 4.933333 5.366667 5.8 6.1 5.866666 6.033333 6.4 6.666667 6.633333 6.833333 7 7.166667 7.2 7.6 7.733333 7.766667 8 8.333334 8.766666 8.6 9 8.766666 9.5 9.6 9.633333 9.8 9.333334 8.866667 8.6 8.766666 9.266667 8.633333 8.3 8.233334 8.533334 8.5 8.2 7.966667 7.766666 7.733333 7.766666 7.9 7.833333 7.766666 7.466667 7.366667 7.2 7.233334 7.266667 6.966667 6.833333 6.733333 6.6 6.3 6.366667 5.966667 5.966667 6 5.8 5.633333 5.6
3.466667 3.5 3.6 3.8 3.966667 4.066667 4.233333 4.5 4.833333 4.8 5.433333 5.6 5.766667 5.733333 5.833333 6.3 6.5 6.566667 6.933333 7.1 7.266666 7.433333 7.733334 8.066667 8.266666 8.099999 8.133333 8.466667 9.166667 9.166666 9.2 9.166667 10.03333 10.3 9.9 9.866667 9.733334 9.166666 8.933333 9 9.466667 8.933333 8.866667 8.833333 8.8 8.633333 8.366667 8.433333 8.233334 8.066667 7.8 7.766666 7.666667 7.633333 7.5 7.366667 7.166667 7.166667 7.1 7.333333 7.033334 6.8 6.733334 6.466667 6.533333 6.366666 6.233333 6.1 6.066667 5.8 5.7
